550.2720851 506.7916683 459.6305712 414.6678984 373.1452898 334.3923017 297.521454 261.9469601 227.3256783 193.3754771 159.8528127 126.5833921 93.47052732 60.40829487 27.33286263 -5.844037815 -39.18005649 -72.75652275 -106.6567452 -140.9583706 -175.797216 -211.3069361 -247.801552 -285.56455 -324.3939295 -363.8876861 -404.307027 -445.3248602 -484.8412701 -520.040857 -549.8314661 
165.0 154.0 143.0 132.0 121.0 110.0 99.0 88.0 77.0 66.0 55.0 44.0 33.0 22.0 11.0 -0.0 -11.0 -22.0 -33.0 -44.0 -55.0 -66.0 -77.0 -88.0 -99.0 -110.0 -121.0 -132.0 -143.0 -154.0 -165.0 
828.260087 774.0506546 711.4521487 648.5617708 587.8823323 529.4074749 472.5492554 416.9294947 362.3716233 308.6826431 255.6352196 203.0211946 150.7324588 98.63304173 46.64014399 -5.37539031 -57.49048066 -109.8250447 -162.5035723 -215.6320079 -269.4094288 -324.0188247 -379.9022175 -437.4156919 -496.146446 -555.4515793 -615.5769011 -675.8192459 -732.8075274 -782.089434 -822.3697247 
165.0 154.0 143.0 132.0 121.0 110.0 99.0 88.0 77.0 66.0 55.0 44.0 33.0 22.0 11.0 -0.0 -11.0 -22.0 -33.0 -44.0 -55.0 -66.0 -77.0 -88.0 -99.0 -110.0 -121.0 -132.0 -143.0 -154.0 -165.0 
1107.080677 1044.290459 967.5219327 887.478474 808.0353058 729.8953766 652.8105566 576.651944 501.468639 427.211075 353.7154411 280.7694983 208.2851655 136.1126984 64.1654803 -7.715875306 -79.61932874 -151.7000575 -224.1170568 -296.999476 -370.6004854 -445.1378927 -521.1531013 -599.0145335 -677.9906521 -757.1372133 -836.4905868 -914.7048378 -986.8006087 -1046.389023 -1092.483534 
165.0 154.0 143.0 132.0 121.0 110.0 99.0 88.0 77.0 66.0 55.0 44.0 33.0 22.0 11.0 -0.0 -11.0 -22.0 -33.0 -44.0 -55.0 -66.0 -77.0 -88.0 -99.0 -110.0 -121.0 -132.0 -143.0 -154.0 -165.0 
1391.598345 1327.905765 1241.137164 1144.115566 1044.218623 944.2924863 844.8416275 745.9716266 647.9466744 550.7414144 454.2087256 358.054677 262.1829755 166.4004694 70.62159144 -25.34847135 -121.5939226 -218.3044288 -315.6646826 -413.8210993 -513.093587 -613.7264016 -716.4003414 -821.3138465 -926.9924753 -1031.609288 -1133.929564 -1229.434845 -1306.394865 -1350.900478 -1366.847821 
165.0 154.0 143.0 132.0 121.0 110.0 99.0 88.0 77.0 66.0 55.0 44.0 33.0 22.0 11.0 -0.0 -11.0 -22.0 -33.0 -44.0 -55.0 -66.0 -77.0 -88.0 -99.0 -110.0 -121.0 -132.0 -143.0 -154.0 -165.0 
543.0 491.0 438.0 390.0 347.0 309.0 272.0 237.0 204.0 172.0 141.0 111.0 81.1 52.0 23.2 -5.67 -34.6 -64.0 -94.0 -125.0 -157.0 -190.0 -224.0 -260.0 -299.0 -339.0 -381.0 -425.0 -470.0 -511.0 -542.0 
-165.0 -154.0 -143.0 -132.0 -121.0 -110.0 -99.0 -88.0 -77.0 -66.0 -55.0 -44.0 -33.0 -22.0 -11.0 -0.0 11.0 22.0 33.0 44.0 55.0 66.0 77.0 88.0 99.0 110.0 121.0 132.0 143.0 154.0 165.0 
818.8721579 753.7828256 682.8317315 614.1070012 549.2142346 489.0618934 431.5822226 375.3175754 321.7291773 270.7134731 221.3760047 173.5763987 126.9373111 81.1720333 35.9474743 -9.033017132 -54.06158874 -99.5607116 -145.838581 -193.2373451 -242.0754155 -292.7095419 -345.3191969 -400.4052574 -458.4752859 -519.3342216 -582.6200409 -647.5405195 -712.1339762 -769.8247344 -811.3504944 
-165.0 -154.0 -143.0 -132.0 -121.0 -110.0 -99.0 -88.0 -77.0 -66.0 -55.0 -44.0 -33.0 -22.0 -11.0 -0.0 11.0 22.0 33.0 44.0 55.0 66.0 77.0 88.0 99.0 110.0 121.0 132.0 143.0 154.0 165.0 
1099.230915 1022.945437 934.3599606 844.7792228 757.6674121 675.4714911 596.0423772 517.633936 442.6590183 371.2759096 302.3175832 235.6262736 170.6973602 107.1455887 44.49348696 -17.67838284 -79.78224054 -142.4061165 -205.9913928 -271.0259044 -337.9552691 -407.2705664 -479.202835 -554.428158 -633.587936 -716.2593431 -801.7458241 -888.4582735 -972.9359364 -1045.398583 -1093.33443 
-165.0 -154.0 -143.0 -132.0 -121.0 -110.0 -99.0 -88.0 -77.0 -66.0 -55.0 -44.0 -33.0 -22.0 -11.0 -0.0 11.0 22.0 33.0 44.0 55.0 66.0 77.0 88.0 99.0 110.0 121.0 132.0 143.0 154.0 165.0 
1397.56707 1317.979279 1212.937678 1098.891453 985.3051116 877.3228812 772.6202711 668.8678143 569.4052069 474.6080489 382.9247609 294.1431012 207.5791305 122.7116353 38.87657082 -44.51453849 -128.0398436 -212.5269599 -298.6057188 -387.0069564 -478.3714338 -573.4450981 -672.5225721 -776.5500923 -886.1973675 -1000.146569 -1116.197587 -1229.383312 -1328.995109 -1391.098094 -1403.362089 
-165.0 -154.0 -143.0 -132.0 -121.0 -110.0 -99.0 -88.0 -77.0 -66.0 -55.0 -44.0 -33.0 -22.0 -11.0 -0.0 11.0 22.0 33.0 44.0 55.0 66.0 77.0 88.0 99.0 110.0 121.0 132.0 143.0 154.0 165.0 
