6.216799
14.031295
21.848381
29.712327
37.482544
38.797607
29.513192
20.872264
13.960645
7.103826
0.285196
-6.424836
-12.243949
-17.645220
-22.504034
-27.748419
-33.478306
-38.452854
-30.014332
-22.387016
-15.122317
-8.471141
-1.787039
5.017538
11.054237
16.686975
23.208393
30.134583
36.728767
42.848799
32.425562
24.560538
17.119332
10.159109
4.450819
-0.604590
-6.074443
-12.826262
-19.269737
-25.262993
-31.766895
-38.160946
-30.570261
-22.920446
-15.577728
-9.179709
-2.577759
3.956834
9.741738
15.212068
22.035510
29.011737
35.911816
42.339890
33.289269
25.003399
17.592283
10.745566
4.956600
-0.102405
-5.530463
-12.245720
-18.737326
-24.605076
-31.245832
-37.743156
-30.386492
-22.783449
-15.557645
-9.073185
-2.510299
3.811318
11.154387
18.834620
28.893829
37.328863
44.450259
48.670993
38.513252
28.032140
17.616851
9.152351
3.681820
-4.082241
-11.713802
-19.815739
-27.966768
-34.695927
-40.729496
-47.549934
-38.604759
-29.043497
-19.922499
-11.351151
-2.887674
5.153954
12.798069
21.598208
31.178361
39.297178
43.465851
48.595536
38.923774
28.500144
18.084381
9.413343
4.302874
-2.783778
-10.454083
-18.373960
-26.406120
-34.183987
-39.749622
-46.876694
-38.283657
-28.912106
-19.792894
-11.363173
-2.878525
4.943961
12.375486
21.254197
30.849125
38.881667
43.318390
48.762005
39.145949
28.853003
18.403985
9.418148
4.486012
-2.564565
-10.079787
-18.056410
-26.043200
-33.846519
-39.434261
-46.677387
-38.233719
-28.871929
-19.833994
-11.417721
-2.916388
4.831191
12.309142
21.062670
30.664827
38.732906
43.281487
48.758305
53.934488
56.325724
58.371340
46.641292
35.818326
25.417507
16.786737
10.651916
5.229406
-1.250907
-8.486549
-15.919977
-22.351131
-26.886650
-33.236313
-40.504875
-46.158291
-52.979252
-59.981766
-64.650177
-70.547768
-57.916946
-48.496326
-39.491749
-30.995520
-22.609627
-14.848671
-8.128831
0.717015
10.013414
17.121518
22.946978
29.077837
36.290712
40.616956
46.124309
51.332362
54.865310
57.403318
46.267108
35.823338
25.470716
16.665112
11.575941
6.466644
0.054734
-7.134145
-14.359871
-21.124866
-26.763573
-32.808205
-39.600689
-45.114887
-51.695572
-59.298508
-64.409714
-70.500610
-58.307720
-48.981800
-40.119396
-31.865858
-23.458443
-15.627856
-8.519667
-0.710577
8.640561
15.847714
21.502687
27.709913
34.634224
39.162541
44.700087
50.262708
53.623425
57.579429
46.992999
36.452698
26.060528
17.060811
12.026843
7.291711
0.847914
-6.379173
-13.580851
-20.299921
-25.807800
-31.980907
-38.724674
-44.188747
-51.019054
-58.056042
-63.456387
-69.239784
-58.487930
-49.184692
-40.401058
-32.255550
-23.764713
-15.997666
-12.489864
-8.335611
-4.782838
-0.683208
3.868592
8.319603
13.984094
16.771084
21.052325
25.270254
29.153872
32.850019
37.189194
40.064820
44.016085
47.407799
50.369467
53.312781
56.356032
58.377771
59.993804
60.644502
61.745303
62.938430
54.753741
47.679228
40.415099
33.461461
26.862023
20.705088
15.948253
13.974528
11.235128
7.206606
2.528027
-1.861596
-6.059106
-10.908147
-15.625466
-18.654706
-22.534983
-26.142109
-30.024012
-33.974159
-37.779591
-41.954014
-45.932896
-50.596439
-54.754669
-59.403099
-62.045311
-64.933800
-68.059799
-69.914291
-71.045578
-73.467300
-74.738983
-76.092239
-77.626312
-79.148407
-67.515068
-61.330559
-55.389305
-49.642639
-44.018208
-38.391235
-33.238289
-27.752069
-22.631308
-18.293299
-13.253734
-8.209108
-3.770344
2.224483
5.757462
10.145597
14.306293
18.429115
23.306622
26.097568
29.962668
33.391013
37.144112
40.936047
44.266903
46.449109
48.832502
50.475303
51.915100
53.548407
55.590971
56.699460
58.865652
61.226866
62.534252
63.126418
54.577784
47.680316
40.491761
33.428905
26.697431
20.549180
15.965036
13.751487
11.293250
7.307058
2.736782
-1.777306
-5.834539
-10.548073
-15.003122
-18.089780
-22.044019
-25.510640
-29.407684
-33.232586
-37.028923
-40.964191
-44.968498
-49.380444
-53.546837
-56.710785
-59.290482
-61.298763
-62.730377
-64.487160
-66.975677
-68.948593
-71.305626
-73.122604
-74.597267
-76.867630
-69.068550
-62.844479
-56.869473
-51.035324
-45.375046
-39.889000
-34.684731
-29.196102
-24.008417
-19.436573
-14.795824
-9.612773
-5.149369
0.566058
6.071036
8.970279
12.935770
16.987053
21.839107
24.730331
28.607298
32.124098
36.013677
39.758676
43.207220
44.806680
47.079873
48.495783
50.059629
51.648260
53.832165
54.489634
56.523419
58.130241
60.165989
62.390934
54.218474
47.305779
40.124167
33.086121
26.325508
20.136467
15.630140
13.504689
11.172837
7.101264
2.316767
-2.148248
-6.492987
-11.069452
-15.530988
-18.725750
-22.597205
-26.357307
-30.132772
-34.528290
-37.709003
-41.897621
-46.030285
-49.899612
-53.334438
-57.139275
-58.043171
-59.573284
-61.358952
-62.952271
-65.235939
-67.321716
-69.850456
-72.736198
-73.435432
-76.235069
-69.060333
-62.865410
-56.929157
-51.062977
-45.416245
-39.970848
-34.851364
-29.327847
-24.128668
-19.631567
-15.016046
-10.002820
-5.630748
0.131230
5.918423
8.703753
12.654056
16.663496
24.166844
28.321152
33.548119
39.151029
43.456084
46.232296
49.387197
50.678322
53.068098
55.395210
58.060748
61.538921
62.557370
64.052218
63.107144
63.840353
64.345092
64.797146
65.921179
67.457460
66.655551
66.559717
66.595553
66.854949
55.043940
43.982028
33.279001
23.543222
16.922316
12.875295
7.372395
0.086380
-6.837578
-13.691998
-18.346297
-23.883627
-29.712460
-34.547244
-40.265330
-45.539614
-50.198945
-53.696550
-57.164688
-57.784859
-59.642784
-61.688446
-63.548199
-65.291214
-68.060257
-69.865448
-72.546745
-72.818031
-73.458565
-73.306496
-73.940346
-74.636391
-75.156853
-75.527481
-74.747124
-76.120934
-76.846878
-78.039619
-78.514290
-77.763733
-78.119987
-78.452469
-68.281235
-59.198853
-50.549850
-42.220890
-34.010334
-25.960285
-20.033905
-12.765173
-5.340585
2.963456
7.828937
13.925656
19.449608
25.237312
30.427526
35.453953
39.922501
42.926792
45.810943
46.208623
47.617863
48.927483
50.319136
51.523248
53.294884
53.442602
54.109105
55.048644
55.649169
56.431298
57.531466
58.786340
58.082971
59.164696
59.880294
60.729444
62.013983
63.090268
62.531313
63.808560
64.542231
65.683587
54.194120
43.285627
32.652145
22.849185
16.372536
12.427586
6.919373
-0.065354
-7.182413
-14.011233
-18.667395
-24.156665
-30.107155
-34.736617
-40.290834
-45.321639
-49.871122
-52.995420
-55.652721
-56.354679
-57.938187
-59.400585
-60.535007
-61.443287
-62.482143
-62.853008
-63.409027
-64.151588
-65.047928
-66.393906
-67.052353
-68.884125
-70.036102
-70.882881
-71.651649
-72.806587
-71.993149
-73.414177
-74.422241
-73.701546
-74.788498
-74.926315
-65.201714
-56.327957
-47.753551
-39.573208
-31.454199
-23.523951
-17.555082
-10.549551
-3.365149
4.999873
9.796610
15.847887
22.950575
26.696003
31.679388
36.192314
39.524525
41.337029
43.911949
44.470567
45.691516
46.719029
47.803306
48.626215
48.697217
50.525714
49.984679
50.282505
50.531445
51.334792
51.699536
53.535986
52.819501
53.359998
53.968166
54.625714
55.198604
57.006535
56.308804
57.471532
58.735930
59.818787
60.635132
63.172787
62.926220
64.409095
65.574274
66.743823
67.714576
69.936512
69.837311
71.265106
72.339474
73.353272
74.141320
76.204624
77.673120
77.234829
78.289144
79.454582
65.661978
53.282899
41.738050
31.410863
22.013007
18.286375
13.181108
5.998777
-0.032120
-4.878163
-10.018241
-15.345593
-21.048446
-25.321499
-30.466001
-35.671352
-40.712457
-45.474726
-50.279188
-53.457358
-56.266048
-57.976067
-58.531213
-58.734356
-59.813641
-59.273727
-59.909622
-60.434814
-61.038338
-61.779716
-61.794373
-62.758106
-64.049347
-63.123928
-63.483257
-64.159859
-64.398842
-65.030205
-65.618408
-66.363731
-67.643951
-66.563057
-67.319214
-68.700455
-69.582787
-70.521835
-71.425125
-71.108589
-71.684082
-72.921364
-73.534332
-74.167480
-73.872101
-74.635468
-75.363510
-76.655853
-77.527321
-76.950127
-77.724289
-78.242516
-79.163696
-80.510124
-79.803780
-80.823685
-81.533119
-82.476410
-72.510574
-63.224148
-54.554745
-46.257591
-38.079155
-30.228685
-24.453548
-17.085314
-9.772976
-2.283374
2.260263
8.096395
13.457857
19.303823
24.868181
29.929012
34.100677
37.764137
41.106468
41.305237
42.188404
42.989979
43.678043
44.135441
46.466372
44.893157
45.906750
46.804875
47.516630
48.029033
48.864623
48.715422
49.285630
49.495491
49.910056
50.248733
50.875646
51.555739
51.548664
52.055610
52.651516
53.248415
53.725962
55.746235
55.128107
56.280973
57.270870
58.295522
59.020420
61.211838
60.767234
62.349602
63.340813
64.546425
65.617158
67.786172
67.424807
69.057062
70.048925
71.311773
72.280530
74.370576
75.562989
75.541862
76.642153
77.632688
63.343953
51.068431
39.782256
29.794613
20.511636
17.325214
10.911538
4.429030
-1.043521
-6.236244
-11.374804
-16.570717
-22.093374
-26.169298
-31.085745
-35.986784
-40.670072
-45.188400
-49.954825
-52.340315
-54.662457
-56.176904
-56.890093
-56.760054
-57.822281
-57.270157
-57.591682
-58.022205
-58.629105
-59.356796
-59.353069
-60.796471
-59.886139
-60.862175
-61.041241
-61.541828
-62.014126
-63.126915
-62.308586
-62.837627
-63.291973
-63.672318
-63.792351
-64.569054
-65.179337
-66.223351
-66.209389
-66.483536
-67.023232
-68.124260
-69.074333
-69.972786
-71.242767
-70.606033
-71.599747
-73.229973
-74.449738
-75.252945
-75.046867
-75.963333
-76.835724
-78.416824
-77.997650
-79.183609
-79.658333
-80.630821
-70.170296
-60.974369
-52.294987
-44.069473
-35.964279
-28.583151
-22.658773
-15.525294
-8.150190
-0.612151
3.638538
9.202723
14.490973
20.209072
25.560936
30.410200
34.313747
37.655647
40.450150
40.650723
41.383003
42.121498
42.866104
43.252029
45.406946
44.458663
45.051604
45.824555
46.820124
47.754706
48.301399
48.296877
48.944008
49.444593
50.010098
50.641722
51.658494
51.230077
52.620233
53.499635
54.606846
55.845593
57.165179
57.988442
59.240078
60.343925
61.695945
63.124681
63.910117
66.526894
66.522942
68.022573
69.346598
70.710358
72.033853
74.560725
74.548820
76.425962
77.739082
79.672067
81.256937
84.367749
84.655110
85.508769
87.045247
88.585231
89.394328
92.489572
92.200422
93.456274
94.872227
96.156719
92.882875
97.893078
98.338929
99.719191
100.547393
101.540318
60.105851
39.629731
26.060342
16.791913
7.999172
-3.081108
-10.380669
-18.348651
-23.261117
-31.144662
-38.821716
-45.854868
-52.982108
-57.802766
-60.535580
-61.624988
-61.623412
-61.619380
-61.572342
-61.500484
-62.451126
-63.718483
-64.236374
-64.994614
-63.982029
-65.856903
-65.633461
-66.235275
-66.597382
-67.006554
-67.163902
-68.462578
-68.407692
-69.061821
-69.730591
-70.487282
-70.724709
-71.229431
-72.004494
-73.117722
-74.453415
-73.993309
-74.702950
-76.182945
-77.351723
-78.458557
-78.588531
-79.262230
-79.947884
-81.521767
-81.363548
-82.241379
-83.207611
-84.473854
-86.357193
-88.846916
-89.670700
-91.483063
-93.568184
-95.523766
-97.008347
-98.644691
-101.215720
-102.623130
-104.051790
-105.678790
-106.214640
-108.424470
-110.127240
-111.564180
-113.178110
-114.237460
-93.385216
-76.135025
-60.609348
-45.003166
-33.997787
-22.246117
-12.483143
-4.125259
5.515327
13.959936
22.561537
29.788181
37.600178
42.624268
43.683018
44.737022
45.481525
46.049313
47.535673
47.182725
47.915935
48.824858
49.627362
50.660762
50.697087
51.252655
52.016215
52.296257
52.752487
53.449894
53.699900
54.227934
55.347849
56.187142
57.186317
58.180250
58.917826
60.997851
60.802420
61.924170
63.027854
63.974973
64.495917
66.611333
65.976270
67.635830
68.391523
69.474548
69.421838
71.944643
71.967298
73.157025
74.026427
75.218360
74.115892
77.734266
77.677481
79.425193
81.182396
82.390020
83.609769
86.998255
86.836200
88.905792
90.744090
92.356392
90.406238
95.106507
95.658377
97.144047
98.291726
99.211633
58.072335
38.290697
25.346914
18.597775
9.502516
-1.821067
-9.019689
-16.548112
-21.738549
-29.128838
-36.469738
-43.071556
-48.922908
-53.535492
-56.490628
-58.696486
-59.581333
-59.578062
-60.711910
-59.653191
-60.361111
-60.778309
-61.504475
-62.197655
-62.202160
-62.720394
-62.594383
-63.106670
-63.462440
-64.051743
-64.084885
-63.724030
-64.688385
-65.005013
-65.462982
-65.606537
-66.104134
-67.091583
-66.610023
-67.619392
-68.041489
-68.816353
-68.507607
-69.256256
-70.139862
-71.249046
-72.126717
-72.310669
-72.344177
-72.996918
-74.397804
-75.703102
-77.101402
-76.554962
-77.008400
-78.895218
-80.107414
-81.124146
-81.290688
-82.267654
-83.694405
-86.545021
-87.239449
-89.674744
-92.172417
-94.747658
-97.195175
-99.769867
-102.855670
-105.209630
-107.505190
-109.873680
-90.273880
-73.385719
-57.915646
-42.435860
-32.074799
-21.092081
-11.861434
-4.836059
4.714572
13.262901
20.762144
27.882704
35.645977
40.613018
41.692944
42.299603
42.852062
43.335354
45.041740
44.473184
45.412261
46.386826
47.566974
48.696648
49.518125
49.184624
50.110414
50.658946
50.964973
51.874410
52.844808
53.166584
54.287052
55.181070
56.212674
57.262382
58.284147
59.124252
60.289058
61.213810
62.416241
63.589037
63.994029
66.325392
65.905009
67.338551
68.567412
69.701219
70.235918
72.946216
72.555302
74.205145
75.474390
76.940432
78.204445
82.161032
82.381561
84.664199
86.760233
89.070610
90.656805
91.988837
93.881378
95.257252
96.386938
97.307458
91.218875
98.082994
98.827776
100.377541
101.907867
103.281677
100.609299
105.520777
106.623009
108.213858
109.700978
110.798930
110.584685
112.288384
114.181636
115.743321
116.974047
118.278986
86.463219
61.949426
44.736508
29.796364
17.046933
11.686717
-0.103880
-8.796708
-16.525195
-21.610467
-28.470625
-36.058044
-42.272854
-47.994517
-52.952591
-56.474850
-58.685727
-60.245085
-61.291484
-62.404438
-63.245384
-64.180880
-63.644744
-63.510937
-64.465103
-61.488049
-62.760704
-63.884960
-64.903694
-65.599968
-65.331978
-66.544388
-66.593147
-66.624168
-67.215797
-67.812576
-68.190147
-64.939537
-68.467529
-70.188507
-69.651146
-70.629509
-70.166451
-70.893173
-72.528389
-73.331215
-75.536613
-74.689987
-74.034065
-75.191391
-76.682121
-77.082771
-76.822739
-77.764870
-71.490265
-77.267487
-78.736008
-81.076958
-82.283714
-83.465660
-85.065552
-86.502037
-88.531761
-90.545738
-92.779449
-94.936569
-97.198738
-99.506790
-102.082530
-104.577670
-107.055210
-109.597690
-111.709840
-113.829820
-116.025110
-118.270450
-119.954720
-121.687640
-122.078030
-123.975360
-125.679840
-127.048380
-128.359380
-129.532390
-130.144730
-131.780200
-133.206480
-134.608230
-134.981340
-136.458890
-111.991580
-92.846992
-75.051552
-59.426132
-45.853584
-33.567188
-23.838326
-14.235023
-5.445854
2.441330
11.274385
17.905073
24.512669
30.373478
35.570129
39.421982
42.173992
43.307461
43.444477
44.514885
45.047337
45.546402
46.219666
46.789112
48.425583
44.433275
48.469127
50.050352
51.141294
52.002034
50.666283
52.240234
52.437954
51.912680
52.882245
52.727276
53.071162
53.026063
53.720183
53.335749
54.951289
55.137990
54.175845
54.653793
55.552167
55.659939
56.571557
56.544990
57.829605
57.864935
55.921660
58.687339
59.662314
59.160385
59.194917
60.213146
60.634171
61.686920
60.785692
61.801740
60.865637
63.177250
64.973685
62.717249
64.232187
65.505564
62.575884
66.147867
67.132281
67.222585
67.741353
67.863476
69.894478
68.639133
69.509256
70.898245
71.157009
71.909599
73.599266
74.297063
74.080608
76.499534
77.917769
77.232919
79.303670
79.756061
80.917615
81.704877
83.194352
83.985880
84.766698
86.635895
86.755365
87.775048
88.660240
90.051586
90.575528
92.153199
93.034669
94.389489
94.199815
97.001276
96.575411
98.532452
98.721296
100.020424
100.853737
101.979075
102.423121
103.394056
97.913970
102.515193
105.375110
104.578558
106.358912
107.222130
108.009419
108.839958
109.526692
110.421028
105.026812
109.847650
112.456331
112.603844
113.693379
114.299085
115.345635
115.926702
116.898807
117.567260
90.756167
76.129000
62.131546
52.078925
43.087239
34.679034
26.663007
19.844810
16.697560
13.582130
6.308795
-0.494083
-5.327394
-10.129947
-14.180925
-17.340344
-19.923736
-23.596255
-27.736620
-31.944544
-36.588125
-39.078523
-42.339274
-45.301682
-47.762304
-50.177033
-51.811730
-53.222542
-54.642670
-55.475623
-57.125234
-56.792417
-57.661195
-58.283813
-59.319703
-59.779863
-60.273334
-60.932662
-61.691913
-61.712594
-61.597755
-63.718037
-62.746445
-63.106621
-63.383266
-63.604412
-63.771122
-64.170792
-64.531189
-64.850311
-64.458076
-54.417286
-56.846073
-59.285427
-61.795391
-62.904118
-63.706940
-64.508392
-63.937355
-65.266998
-65.095482
-65.836517
-65.526398
-65.472481
-65.842659
-66.253258
-66.428322
-67.329994
-67.587364
-66.768845
-67.742157
-65.517067
-68.038887
-68.544083
-69.681427
-69.387878
-70.146294
-69.704231
-71.140694
-70.445160
-71.575348
-67.142632
-70.432465
-72.643349
-72.444824
-73.585373
-73.277771
-74.082970
-75.001160
-75.339333
-74.423920
-75.830627
-76.340096
-77.482864
-78.182114
-78.384315
-76.094009
-78.201126
-76.094055
-78.416107
-75.158226
-77.862701
-79.454163
-80.191620
-69.977165
-72.659325
-75.027214
-76.885681
-78.637985
-80.314415
-79.909309
-81.403763
-82.947998
-82.963921
-83.501022
-84.379181
-85.582733
-86.629295
-87.701675
-89.204781
-89.842735
-91.866821
-92.144577
-93.978607
-95.038116
-95.900589
-97.576637
-98.786171
-100.356960
-101.608540
-102.449330
-104.993050
-105.395520
-107.360210
-108.530790
-110.195560
-111.513640
-113.213220
-114.780590
-116.404210
-117.266430
-119.766330
-120.608300
-122.226100
-123.560960
-125.255970
-126.680950
-128.099580
-129.473180
-130.590000
-115.028530
-103.013770
-91.825974
-81.105690
-70.998802
-60.874359
-53.608955
-45.656330
-38.672310
-31.487947
-25.350779
-20.263092
-15.029126
-9.294917
-4.626923
0.253262
4.524737
9.093357
12.734554
17.022968
20.285482
24.134584
27.528183
30.596527
32.888962
35.540009
37.445473
38.848423
39.949028
40.594528
42.086086
41.197910
41.724350
42.163895
42.531021
42.905487
42.662312
43.296379
43.766529
44.092743
44.279765
43.994716
44.418913
45.455020
44.940061
46.691811
47.623333
47.744219
49.007675
49.240607
49.127974
49.862299
50.918858
49.278553
50.240917
50.510231
50.849841
51.061449
51.276303
52.175401
50.862421
52.637785
52.461228
52.713281
53.783666
53.351584
54.730637
54.655091
55.607503
55.745656
55.076280
57.334188
55.359364
57.002005
58.002737
58.141756
59.028258
58.583624
60.304525
60.253202
61.675226
60.834647
61.347390
61.629378
62.264697
63.503483
63.715405
64.687850
64.452522
64.055226
66.646888
66.575868
69.387221
67.869969
69.136645
67.842366
70.916808
71.880697
72.846274
73.564296
73.795497
75.757524
77.879016
77.086223
78.897758
79.757278
81.146359
82.165330
82.630362
84.562045
84.731387
87.629581
87.617625
89.532727
89.989658
91.238266
92.438729
93.750910
94.734382
96.110413
96.548453
99.314209
99.398525
100.772862
102.314096
102.936830
104.012073
105.414561
106.198649
107.528210
103.118169
107.676806
108.579231
110.019442
110.945013
111.978524
112.741783
113.671415
113.769932
114.918726
110.410166
115.441726
116.082964
117.847914
118.822677
119.730863
120.648409
121.620736
122.393780
123.009548
119.206680
123.816089
123.960092
125.450484
126.472237
127.352963
127.979088
128.926599
129.807818
130.354043
128.887543
132.493944
132.340433
133.264108
134.060572
134.968934
135.798646
136.331128
136.978215
137.923674
103.539675
77.401685
59.998299
43.596298
28.553136
16.053919
10.021603
-2.866431
-11.392207
-18.168032
-21.767820
-25.326688
-30.640618
-36.324776
-41.356906
-45.901779
-49.731028
-52.980754
-55.458888
-57.262098
-58.600422
-60.050076
-61.120162
-62.244265
-62.771650
-63.779426
-63.962790
-64.569807
-65.029570
-65.294257
-64.895813
-67.449585
-55.508549
-60.939098
-63.109871
-63.799698
-63.971317
-64.251228
-65.462715
-66.141678
-65.824120
-63.091526
-65.953163
-66.366570
-67.279305
-67.816139
-67.644882
-68.728882
-64.277695
-66.963478
-68.092499
-69.163719
-69.626770
-71.053558
-71.565849
-71.877396
-70.644508
-70.179749
-72.875069
-72.557373
-71.907333
-74.833984
-69.832275
-73.411530
-74.014061
-76.048416
-76.206444
-75.009056
-76.487297
-77.130989
-76.068710
-66.393570
-72.514450
-75.874596
-77.795326
-79.499268
-77.616333
-79.665154
-78.550758
-80.492256
-79.202766
-81.182793
-81.879822
-81.121941
-81.966782
-82.733818
-72.673645
-76.315018
-78.318153
-80.488319
-77.375000
-80.414909
-82.249138
-81.851067
-82.239555
-83.154655
-83.461700
-84.869171
-85.744095
-85.614922
-86.613838
-88.595650
-88.865906
-88.598892
-90.510689
-90.824554
-92.226273
-93.449646
-94.125259
-95.453285
-96.157280
-98.229904
-98.769058
-99.948822
-100.660430
-102.149890
-103.490160
-104.577130
-106.030530
-107.469180
-108.265690
-110.629400
-111.479900
-112.887510
-114.467620
-115.915630
-117.257470
-118.978380
-120.464380
-121.979930
-122.658040
-125.103980
-125.713640
-126.991890
-128.327710
-129.407870
-130.398330
-131.587330
-132.510450
-133.314060
-132.955510
-135.450730
-135.688290
-136.469270
-137.045320
-136.732070
-137.339050
-137.991840
-138.860750
-139.683060
-138.621830
-141.236280
-141.466170
-142.152920
-143.011120
-143.572420
-144.169890
-144.846270
-145.546110
-146.116550
-121.081800
-101.449550
-82.841980
-67.107910
-53.750015
-39.805668
-28.903803
-20.217190
-10.825866
-0.956107
3.842077
9.691866
14.963348
19.759279
23.906734
27.577534
31.057302
34.026382
36.775974
38.787449
40.237186
41.712090
43.224277
44.042717
44.757187
45.503025
46.212181
46.000790
47.432156
48.322086
47.798262
47.728522
48.424535
48.952630
49.445895
45.130502
49.329888
50.111385
50.488801
51.710133
52.024351
52.492273
51.635433
52.861991
51.453726
52.981812
53.061441
53.645184
53.943676
53.819545
53.930109
55.753592
53.987087
55.474265
55.529062
54.159722
56.530290
57.189568
56.941324
57.770726
57.620032
59.613645
58.510914
59.129053
59.349580
60.094797
61.082754
61.247286
61.591050
61.990402
62.609613
62.809043
63.265514
63.759412
64.656900
65.504013
66.090812
66.599296
66.302472
65.513154
65.065971
65.061379
64.212570
63.415232
63.412700
63.399397
63.363863
63.331790
63.336493
63.327789
63.302094
63.269681
63.271039
66.511386
67.468331
67.990718
70.873004
69.087521
71.483193
72.046447
72.866641
73.860997
74.593769
75.171157
77.277856
78.708538
78.313198
79.370111
79.424255
81.045142
82.400295
83.418579
84.229875
84.546593
87.311443
86.613778
88.421284
88.914831
90.311594
91.197633
92.064399
93.180691
94.181620
94.548568
97.396324
96.708120
98.033367
98.743634
99.758867
100.741749
101.697237
102.772840
103.782427
104.085126
106.957038
104.832526
107.581197
108.817992
109.304690
110.360567
111.319167
112.268704
113.218580
112.813184
116.361848
115.264302
117.058158
118.175425
118.611406
119.552890
120.595806
121.039431
122.264615
114.797464
120.140083
124.110403
124.043779
125.339012
126.020689
126.967244
127.848412
128.666307
129.448791
123.606025
128.972206
130.034333
132.052654
132.624165
133.487360
134.457198
135.345205
136.141821
136.797680
98.343141
73.478741
58.528284
43.124480
28.876228
16.976196
12.209010
-0.609632
-9.179883
-15.923962
-20.775474
-22.701716
-27.153741
-31.892862
-36.519153
-40.642777
-44.172743
-47.146729
-49.777501
-51.908897
-53.687232
-55.174078
-56.137778
-57.230265
-57.978140
-58.656334
-59.547071
-59.826308
-59.769874
-59.853189
-58.988762
-59.866795
-60.500187
-61.015545
-53.660313
-58.668472
-60.403156
-61.447548
-62.040543
-62.876724
-62.096523
-63.704479
-57.917389
-61.479893
-62.335964
-63.206028
-63.851112
-64.377510
-55.812416
-58.532967
-61.072052
-63.637184
-63.561993
-64.158409
-64.943481
-65.813927
-52.239971
-62.383850
-64.591743
-65.440613
-65.766266
-67.999390
-67.777367
-66.874908
-68.514969
-69.613327
-69.552155
-69.760979
-68.559563
-70.606712
-68.264992
-69.817192
-72.146385
-66.278259
-69.482300
-71.366104
-71.619781
-71.519402
-73.628769
-71.590698
-73.020668
-74.921593
-74.241501
-76.161865
-75.123154
-74.838745
-75.054482
-76.044533
-69.464302
-72.791077
-75.475899
-77.841858
-69.130051
-75.892914
-78.227699
-78.600883
-80.458084
-78.461586
-80.588600
-75.398483
-76.670601
-79.284561
-81.527016
-81.716316
-79.004868
-81.377434
-82.563416
-83.366943
-84.001350
-84.277527
-81.166992
-83.351257
-84.572113
-83.344055
-82.868629
-82.565567
-83.003784
-84.170044
-86.052383
-86.983459
-87.267891
-89.184120
-89.525711
-91.154594
-92.032646
-93.008430
-93.757111
-95.174637
-96.344315
-97.497391
-98.335716
-100.685440
-101.174240
-102.648470
-104.406410
-105.765810
-107.369730
-108.711950
-110.020300
-111.774480
-112.192790
-114.913010
-115.742650
-117.277770
-118.882780
-120.359090
-121.588220
-123.128310
-124.529560
-125.788050
-126.300770
-128.927370
-129.672120
-130.947430
-132.233810
-133.571210
-134.785050
-135.957790
-137.133440
-138.236850
-114.705960
-95.483871
-77.443138
-63.019714
-49.819477
-36.953968
-25.931652
-17.221205
-8.256383
-1.891560
3.733127
8.808454
13.585587
17.826653
21.635532
25.015123
28.091137
30.937284
33.325493
35.021004
36.345211
38.124947
39.574818
40.850872
41.568382
42.111843
42.828876
43.407795
44.314400
44.518730
44.709868
44.521988
45.322955
45.860688
45.461198
46.574117
47.023536
47.195200
48.130416
48.008836
48.423177
49.185037
47.652911
48.530569
48.949470
49.069974
49.064659
50.235857
50.237471
50.546790
48.366300
51.811633
50.680230
51.641349
51.184572
52.244851
52.478009
52.844963
52.912912
52.679683
53.010282
53.299452
52.230155
53.413969
53.214823
54.660146
54.437757
55.594062
55.905802
56.148060
56.105575
57.521469
56.598718
57.422986
58.064784
57.654120
59.172947
59.582670
59.321386
59.794283
59.369175
60.568994
62.293409
60.062406
61.496703
62.710909
62.605136
63.594553
64.048216
64.512413
65.337746
65.617807
67.186948
67.502138
67.412506
68.406540
69.075591
69.816426
70.706944
71.437541
71.521937
73.416435
74.749277
74.387239
75.244714
76.535476
76.572181
78.068067
78.995498
79.781985
80.034555
82.519323
83.661192
83.138127
84.639335
85.032461
86.322447
87.178185
88.020229
89.154896
89.608954
92.343749
91.643045
93.277999
93.682820
94.906751
95.743536
96.687050
97.806894
98.668339
99.339132
101.735029
101.922403
102.670693
103.565201
104.567157
105.515906
106.630961
107.805266
108.601041
108.832908
111.814189
111.647378
112.535099
113.328427
114.596488
115.718670
116.763584
117.767364
118.713105
118.184344
121.576342
121.464312
122.720627
122.938360
124.356460
125.247668
126.214506
126.926038
127.889882
123.275975
128.037675
128.621134
130.446232
131.213531
131.988818
132.776734
133.533712
134.252840
135.046285
132.038592
136.293767
136.472424
137.617360
138.494731
139.380182
139.961312
140.756682
141.511086
142.322061
136.564223
141.522124
143.182977
144.578752
145.157310
146.065019
146.899578
147.614093
148.362023
149.139548
146.634574
150.877429
150.439308
151.443042
152.329659
152.814720
153.598505
153.863520
155.032342
155.355551
119.791125
94.180140
77.198783
61.404805
46.535209
32.716289
20.526613
15.729171
5.205680
-6.051029
-13.134941
-17.777126
-22.421257
-26.487109
-32.091645
-37.342352
-42.030846
-46.169042
-49.672649
-52.483141
-53.796786
-55.142251
-56.136461
-57.160703
-57.767572
-58.483713
-58.828487
-59.270859
-59.689205
-59.990930
-60.101520
-60.477161
-60.470038
-60.476537
-59.721650
-60.146038
-60.162769
-60.113519
-60.256590
-60.439166
-60.457523
-60.597717
-61.055466
-61.498924
-61.920853
-62.327774
-62.822594
-63.260063
-63.798035
-64.501373
-64.019493
-65.634476
-65.219727
-54.873875
-57.124779
-59.141029
-61.479107
-63.002186
-64.241531
-65.263069
-61.317215
-64.426056
-64.921577
-66.638580
-67.167099
-63.177853
-65.806183
-66.702728
-67.848763
-68.383514
-67.590614
-69.147301
-70.083649
-65.109718
-68.026154
-70.388123
-70.578423
-68.490555
-70.760620
-71.962639
-70.070908
-72.363594
-73.446304
-67.721695
-70.989159
-72.448280
-71.701035
-73.082878
-74.426178
-74.620995
-71.591530
-74.233345
-75.771721
-75.732903
-76.798828
-77.524010
-76.009186
-77.764091
-75.575760
-77.625763
-77.257462
-78.155006
-74.886368
-76.614716
-78.751694
-77.617264
-79.587334
-79.915375
-78.809464
-79.256416
-78.991264
-80.813217
-74.364868
-76.957809
-79.277000
-80.144066
-78.915688
-81.026237
-79.858002
-81.112144
-80.411377
-82.531471
-83.662704
-82.960999
-76.820869
-79.388580
-80.853783
-82.748764
-83.343544
-83.714218
-78.821770
-80.984299
-81.508255
-81.185989
-81.190132
-82.297745
-83.470100
-84.919304
-85.710594
-86.405067
-86.825981
-88.847527
-88.765633
-90.027580
-90.499214
-91.369827
-92.485771
-93.371269
-94.577499
-95.536964
-96.106232
-98.464149
-98.814957
-100.067600
-101.488310
-102.581440
-103.804530
-105.202350
-106.459080
-107.862530
-108.566820
-110.702560
-111.423970
-112.647050
-114.139750
-115.405100
-116.707180
-117.866040
-119.194130
-120.447370
-120.731580
-123.294090
-123.638470
-124.958050
-126.327110
-127.478580
-128.609100
-129.667220
-130.828980
-131.930400
-131.715610
-133.985180
-134.556170
-135.639080
-136.723660
-137.469410
-138.318770
-139.154820
-139.750820
-140.617080
-139.807450
-142.144710
-142.448490
-143.139970
-143.985750
-144.486180
-145.154560
-145.782200
-146.206300
-146.866060
-145.665370
-147.541930
-148.041490
-148.445600
-149.085420
-149.591750
-150.034190
-150.385060
-150.927050
-151.315460
-124.956890
-104.954220
-88.910645
-75.005554
-61.895081
-49.590775
-39.061172
-28.031588
-20.101877
-12.533045
-6.961606
0.299908
6.552222
12.025418
16.614100
20.513432
24.101223
27.258062
29.893488
32.363102
33.140720
34.521198
35.754295
36.613953
37.548443
38.551888
39.633781
40.456295
40.924934
42.010181
42.136349
42.540924
43.238144
43.705822
44.312233
44.808811
45.187012
45.754829
46.005192
46.088223
45.911824
45.698436
46.530753
46.797425
47.113590
47.344611
48.199844
48.588153
48.894097
48.896679
48.875782
49.842938
48.937173
49.370771
49.362819
50.329377
50.413717
50.588654
51.025637
51.074134
51.591639
52.674872
51.650194
52.026126
52.639584
52.667558
52.899411
52.727278
53.295438
53.929109
53.874061
55.113298
54.198419
54.387777
54.467001
55.319445
55.434172
55.883966
55.572835
56.609712
57.089880
57.155071
56.748516
57.564431
58.103286
58.475811
58.996833
59.407116
58.962022
59.899492
60.497610
61.190123
61.690293
61.807136
62.648607
63.705514
64.050192
64.891440
65.007332
65.899183
66.122358
67.888875
68.952008
66.265406
69.415826
70.308446
70.433682
71.403138
71.926384
72.731573
73.013428
74.934927
75.701417
75.086402
76.158245
77.381684
77.325459
78.689680
78.982775
80.062112
80.137570
82.008974
83.597342
82.679178
84.031466
84.093427
85.266853
85.735923
86.754585
86.975007
87.664685
89.899491
89.189800
90.599690
91.248398
91.728142
92.576145
93.266388
93.840862
94.864224
94.697583
97.371055
96.940276
98.002580
98.904437
99.766480
99.967327
100.958636
101.794335
102.607140
102.690762
105.255626
104.719250
105.645095
106.667026
107.000456
107.807212
108.846232
109.508243
110.225966
110.297941
113.005799
112.737462
113.462500
114.561436
115.407819
115.574026
116.187100
116.688724
116.945174
115.889552
119.120064
118.610543
120.006948
121.091600
121.319435
122.514395
123.360569
123.742101
125.078763
123.758800
127.321721
127.162597
128.268717
129.301098
129.789022
130.685329
131.528852
132.309047
132.870744
127.300975
132.062730
135.515574
134.879616
135.861469
136.972075
137.821150
138.280119
139.220368
139.520216
131.662564
137.004320
141.316042
140.956964
142.234220
143.151943
143.781962
144.625953
145.375526
145.889147
107.787415
84.180482
69.742529
55.239194
41.583953
29.031195
18.328679
13.400081
4.348085
-4.418465
-10.196340
-15.597681
-19.831311
-23.386061
-27.641093
-31.628312
-35.469928
-38.907127
-41.808155
-44.627881
-45.763527
-47.426667
-49.076002
-49.820259
-50.943410
-51.726521
-52.281092
-52.979015
-53.274227
-53.810523
-50.517228
-50.507582
-50.505906
-50.497521
-50.495346
-50.498410
-50.515822
-50.502179
-50.498779
-50.490949
-55.095860
-54.182801
-54.479465
-54.964162
-55.113762
-55.103428
-55.010141
-54.868480
-54.821928
-54.746077
-54.826424
-54.901901
-55.481239
-55.778870
-56.150883
-56.365749
-56.636536
-56.837654
-57.235489
-57.262630
-56.706928
-58.108612
-57.382935
-58.343849
-58.477669
-58.930225
-59.000008
-59.323875
-59.588402
-59.814079
-59.831528
-61.238781
-60.712269
-61.282906
-61.631226
-60.529320
-62.113071
-62.207691
-62.740501
-63.235962
-63.250835
-64.863052
-64.362740
-65.169182
-65.571518
-65.926704
-66.335022
-66.793755
-56.908543
-60.168346
-62.264561
-63.699451
-65.824181
-64.502281
-65.242615
-66.557953
-67.372894
-62.410957
-64.648033
-66.833542
-66.675087
-68.643852
-70.154381
-64.677071
-67.046738
-68.059654
-68.645813
-68.152626
-70.139000
-71.283035
-70.839928
-69.210732
-71.602165
-70.168869
-71.688324
-73.004662
-70.402237
-72.940849
-71.315865
-72.778641
-71.055939
-73.661209
-71.057373
-73.116898
-72.647781
-75.021645
-75.359589
-74.951027
-74.684242
-74.843674
-74.828316
-76.757072
-73.563553
-75.323074
-77.245987
-77.296333
-77.984077
-75.892281
-76.155128
-77.277267
-77.271019
-77.902969
-78.940918
-74.925316
-77.689262
-79.291145
-78.593002
-80.776039
-79.658463
-80.350487
-80.307861
-81.061272
-81.164223
-82.548470
-83.506676
-84.381966
-83.162086
-84.288033
-84.646950
-85.651192
-83.814850
-85.807854
-86.812187
-85.826736
-86.188423
-84.835815
-83.839462
-86.229683
-86.972252
-88.568947
-88.322235
-90.172699
-90.541702
-92.123428
-92.962875
-94.391685
-95.274277
-96.400246
-97.472954
-98.789688
-99.493408
-101.509860
-101.880340
-103.519270
-104.537610
-105.509700
-107.023700
-108.034400
-109.171920
-110.406200
-111.065210
-113.491590
-113.843370
-115.127450
-116.543930
-117.427670
-118.741250
-119.972450
-121.147830
-122.168500
-122.254840
-124.831530
-125.150770
-126.482670
-127.835810
-128.840900
-129.811450
-130.979190
-132.101270
-133.169530
-133.013850
-135.510300
-135.816640
-136.853300
-137.978960
-138.622910
-139.637410
-140.564410
-141.466780
-142.296950
-117.382970
-97.848839
-82.343613
-68.592773
-56.841347
-45.242649
-34.416492
-24.903345
-16.449396
-9.861326
-4.987913
1.365314
6.770320
11.444998
15.392747
18.697134
21.648075
24.285578
26.559492
28.457275
28.781195
30.527672
31.508749
32.285759
33.274384
34.085285
34.862888
35.720325
36.232121
37.340828
37.404057
38.491280
39.434002
40.259300
41.106911
42.021973
42.352497
41.219662
43.541901
43.612438
41.850690
41.704787
41.592936
41.477777
41.385817
41.285768
41.212743
41.150620
41.075185
41.029407
43.802497
43.520103
44.459776
44.638720
45.349563
45.942576
46.349028
46.998407
47.546674
48.081735
47.962307
48.629522
48.095988
49.081531
48.827393
49.269222
49.684025
50.167261
49.620858
50.086020
50.653670
51.645675
50.902615
51.713513
51.781210
51.782610
52.252154
52.884883
51.167858
53.102268
49.391596
47.694535
46.501376
44.304360
45.467053
45.922073
46.975696
47.578763
48.790034
49.325885
50.504127
51.793033
51.238268
52.489524
52.283775
53.524846
53.551157
53.892084
54.516495
54.804606
55.088374
56.179156
55.422657
56.433158
56.836171
57.161136
56.765261
57.920980
58.297553
58.987517
54.405466
52.030185
49.672659
47.450647
45.206455
43.091962
41.036622
38.995433
36.906712
34.738779
32.632880
30.535866
28.471917
26.436905
24.486727
22.596903
20.711500
18.925809
17.342129
15.739221
15.301710
14.762221
13.951947
12.981849
11.844586
10.708815
9.507665
8.225758
6.917187
5.577252
4.325875
3.092611
1.821059
0.576386
-0.587869
-1.683204
-2.791103
-2.722155
-3.500035
-4.525043
-4.975539
-5.742804
-6.605406
-7.230876
-7.872803
-8.627020
-9.282055
-9.742689
-10.462626
-11.190975
-11.678384
-12.355421
-12.934104
-13.546021
-14.048115
-14.664588
-15.234963
-15.724176
-16.282917
-16.898493
-17.339689
-17.919925
-18.343528
-18.912882
-19.325560
-19.753551
-20.319361
-20.730844
-21.165567
-21.673496
-22.045254
-22.536154
-22.906735
-23.186015
-23.718498
-24.140615
-24.430433
-24.757005
-25.044726
-25.376294
-25.718660
-26.010014
-26.127239
-26.489991
-26.831754
-27.090039
-27.436877
-27.694575
-27.848126
-28.150172
-28.421995
-28.507855
-28.626963
-28.958032
-29.380753
-29.168038
-29.378368
-29.791023
-29.930411
-29.905351
-3.848997
-3.861920
-3.865704
-3.845844
-3.869998
-3.853474
-3.851080
-3.843563
-3.830135
-3.818653
0.036338
0.000706
0.036094
0.037699
0.056493
-0.048128
-0.033608
-0.023835
0.002081
0.086211
-0.044948
-0.073403
-0.026553
-0.162376
0.016973
-0.012456
-0.015111
-0.000007
-0.011489
-0.008086
-0.012082
-0.018287
-0.015535
-0.004844
-0.006932
0.014498
0.017557
0.003300
0.019577
0.005799
0.002178
0.012168
0.001323
-0.003379
-0.002407
-0.005054
0.009650
-0.001686
0.000338
0.000953
