-6.838358
-12.474039
-17.851223
-22.827221
-27.940441
-33.075912
-26.589340
-21.048223
-15.552900
-9.963018
-4.024517
2.001950
7.853401
13.865896
19.835836
25.214105
30.856920
36.128894
27.567768
21.244596
14.871275
8.990585
3.078876
-2.608792
-8.121352
-13.766983
-19.004213
-23.891474
-29.146315
-34.282516
-28.398354
-22.778940
-17.524456
-12.140106
-6.355152
-0.431447
5.220832
11.035307
16.856868
22.738572
28.936159
35.037117
27.350095
21.084595
14.753123
8.882190
3.023403
-2.667696
-8.172507
-13.819764
-18.970591
-23.889046
-29.109230
-34.311249
-28.413563
-22.858496
-17.654364
-12.288466
-6.583474
-0.697916
4.936618
10.708585
16.507235
22.404754
28.598257
34.767386
27.229874
20.965918
14.642528
8.843112
2.965817
-2.713278
-9.912636
-17.137150
-23.775972
-30.556963
-37.478687
-43.675785
-35.764797
-28.918003
-21.937052
-15.249698
-7.699687
-0.155729
7.249846
14.883691
22.774703
30.758039
38.827838
45.433639
34.888851
26.192853
17.962921
10.412932
2.948598
-4.197516
-11.105491
-17.853825
-24.434107
-30.967968
-37.655083
-44.055763
-36.548176
-29.839840
-22.824865
-16.302917
-8.882309
-1.445175
5.710961
13.271389
20.903388
28.584750
36.517991
44.277095
34.772763
25.981596
17.804735
10.288873
2.873517
-4.254316
-11.096594
-17.766138
-24.304714
-30.855536
-37.499805
-43.926918
-36.595665
-30.047626
-22.954069
-16.384993
-8.998593
-1.642046
5.458818
12.969320
20.546290
28.143362
36.095458
43.921061
34.677324
25.934291
17.766033
10.245868
2.867894
-4.249925
-11.051022
-17.719061
-24.213810
-30.786512
-37.414818
-43.860840
-48.903484
-54.800755
-60.299137
-52.194702
-45.698303
-39.568668
-33.301399
-26.677439
-20.024288
-13.302881
-6.237327
0.831476
7.762743
15.145273
22.600528
29.987110
37.585210
45.022939
51.186126
54.926070
53.678970
39.491656
30.694111
22.367675
14.645255
7.280816
0.164671
-6.184617
-12.468692
-18.430313
-24.230532
-30.606092
-36.708782
-42.404045
-48.030140
-53.071640
-57.427219
-61.736130
-65.710014
-57.122597
-50.749096
-44.537998
-38.338196
-31.779346
-25.211081
-19.002829
-12.367036
-5.642877
0.994236
7.975975
15.085958
22.093428
29.401889
35.951325
41.508470
46.318199
50.899495
37.206776
28.433264
20.196607
12.596495
5.158437
-1.807613
-8.208295
-14.554670
-20.330809
-26.195141
-32.205681
-38.018703
-43.435905
-48.666534
-52.944286
-57.712742
-62.191837
-66.603539
-58.264862
-51.791332
-45.552700
-39.337757
-32.922611
-26.324614
-20.286245
-13.803885
-7.224062
-0.632468
6.124269
13.310636
20.319130
27.415751
33.941202
39.552332
43.947403
48.318960
36.454482
27.686707
19.544731
11.987866
4.575193
-2.331005
-5.976286
-9.100634
-12.367474
-15.397508
-18.325423
-21.167652
-24.860191
-28.823404
-32.715599
-36.680771
-40.449074
-44.148514
-47.993305
-50.459690
-53.335846
-56.326649
-59.535778
-62.708328
-66.145882
-68.615440
-70.455742
-70.561188
-71.612869
-72.947891
-66.156853
-61.068558
-57.101006
-52.914555
-48.879463
-44.471218
-40.539604
-36.376205
-31.806074
-27.668814
-23.521603
-19.508896
-15.708088
-11.272063
-6.950831
-2.425371
2.008336
6.350490
10.825390
15.429909
20.084725
24.592995
28.961908
33.052915
36.408541
39.643766
42.452518
44.828587
46.590568
48.608691
49.777134
52.513792
53.351025
54.356042
54.307159
55.478932
43.026909
36.857995
31.105257
25.556038
20.264316
15.056855
10.352515
5.443495
0.771611
-3.637672
-7.905631
-12.035147
-15.649971
-19.366800
-23.023335
-26.663024
-30.123825
-33.577037
-37.175961
-40.491127
-43.428677
-45.999081
-48.095558
-49.830784
-51.924641
-53.168373
-54.481209
-57.028152
-58.898800
-60.891232
-63.815186
-66.267860
-68.483513
-70.597023
-72.298645
-73.641258
-66.977966
-61.706215
-57.757542
-53.225548
-49.008266
-44.817287
-40.755898
-36.508759
-32.125511
-28.003233
-23.933710
-20.086525
-16.415024
-12.298211
-8.215089
-3.896062
0.468047
4.756919
9.030381
13.441964
17.635001
21.853699
25.933472
29.736808
33.100482
36.552069
39.249762
41.840332
43.179335
44.759202
46.272554
47.294974
48.392306
50.052769
51.032342
52.760157
44.017714
38.195471
32.486657
26.933326
21.602905
16.395726
11.635008
6.703731
2.041180
-2.317730
-6.605306
-10.712632
-14.412642
-17.977291
-21.463328
-25.254092
-28.872117
-32.299231
-35.560467
-38.810215
-41.707806
-44.046890
-46.013607
-47.980873
-49.966228
-50.760036
-52.315289
-54.492252
-56.164425
-57.918949
-60.093529
-62.175972
-64.546013
-67.224869
-69.735558
-72.465645
-66.275574
-60.948364
-56.922779
-52.447392
-48.220314
-43.947926
-39.941532
-35.756321
-31.355461
-27.313267
-23.289364
-19.441242
-15.790747
-11.718918
-7.652737
-3.375863
0.847227
4.994062
9.148157
13.383717
17.600685
21.639642
25.603180
28.970065
32.171779
35.037708
37.745963
39.902290
41.833438
42.980523
44.510177
45.625345
47.010309
48.361615
49.974653
51.841587
43.206590
37.312959
31.661950
26.150494
20.860951
15.650546
10.870539
6.006386
1.386983
-2.843320
-7.131123
-11.186824
-14.664197
-18.306623
-21.777558
-25.656507
-29.175206
-32.639575
-37.088684
-41.410358
-44.768341
-47.360359
-49.415592
-51.536045
-54.159195
-56.347267
-59.475502
-62.986492
-67.138206
-71.269112
-72.788773
-74.876778
-76.147736
-77.325882
-78.674896
-80.085716
-81.159813
-82.615334
-84.022400
-85.322021
-86.704079
-87.192039
-76.536514
-69.685219
-63.325012
-56.743240
-50.317356
-43.758556
-37.860081
-31.680075
-25.704563
-20.052158
-14.354943
-8.493732
-2.742717
3.431491
9.173027
15.593359
21.344200
26.701969
31.460888
34.701482
38.954410
41.333275
42.592899
43.284960
44.577198
45.675271
46.963347
48.968904
50.429720
51.488942
52.245855
53.320447
53.436412
52.569194
54.184167
54.660839
54.222519
54.691697
55.293259
55.597190
56.400477
56.465755
45.422047
36.451513
28.035237
20.010575
12.330337
5.018786
-1.346044
-7.804180
-13.610304
-19.064875
-24.241462
-29.284422
-34.086421
-38.869561
-41.828794
-44.276324
-46.132064
-47.393538
-49.341747
-49.984539
-50.471226
-51.657986
-52.215824
-52.976948
-54.130089
-55.386395
-56.939411
-58.238468
-60.454632
-62.105198
-63.376308
-64.953369
-66.659843
-68.142281
-70.019272
-71.833626
-73.435791
-76.063591
-78.246704
-80.715637
-82.777756
-84.823494
-74.970009
-68.117409
-61.487541
-55.001228
-48.698189
-42.118233
-36.218655
-30.160877
-24.428913
-18.722092
-13.016386
-7.270839
-1.529348
4.402394
10.546236
16.229406
21.666525
26.744352
31.275796
34.100744
36.187516
37.506434
38.714287
39.594295
40.656199
41.359634
42.181736
43.482839
44.376664
44.594513
46.162841
46.947398
46.598817
47.966418
47.919872
49.450589
49.873179
50.717081
51.724221
52.066296
52.499543
54.240510
43.166697
34.375985
26.009603
17.982158
10.453265
3.284749
-2.919549
-9.264637
-14.997721
-20.201741
-25.421476
-30.343415
-34.785000
-38.843368
-41.656236
-43.414174
-44.758022
-45.901937
-47.347912
-47.573162
-48.591839
-49.218895
-49.768642
-50.717716
-51.185760
-51.830463
-52.504616
-53.261189
-53.539818
-55.250641
-55.826324
-57.144444
-58.020569
-58.919590
-59.786991
-61.087055
-62.208187
-63.286621
-64.314529
-65.988350
-67.653877
-69.256798
-71.653450
-73.833626
-76.003967
-78.241257
-80.690956
-83.145737
-84.901993
-87.354004
-89.236557
-90.834641
-92.764603
-93.123978
-94.079102
-96.454323
-98.090134
-99.787552
-100.319770
-102.146000
-90.774040
-83.098816
-75.659889
-69.282074
-62.888111
-56.517529
-50.401627
-43.964298
-38.084587
-32.156910
-26.590508
-21.029810
-15.757690
-10.041452
-4.566351
0.893969
6.371455
11.911543
16.936783
22.042765
26.653202
31.155167
33.997169
35.653221
36.743928
36.897249
36.992434
38.933393
39.570899
38.437606
40.186835
40.500031
41.476006
41.838220
42.156985
42.645537
42.757953
43.653554
44.684409
44.594425
43.934049
45.894972
46.625740
47.111573
48.162340
48.457604
49.504032
49.670481
50.211797
50.624839
52.074421
52.549576
53.901999
54.586094
55.018440
55.551680
56.638440
56.169765
57.430384
58.590174
58.625051
60.054918
60.807079
60.799815
62.311673
61.920457
51.659740
42.459514
33.798241
25.491806
17.625866
10.246229
3.361975
-3.022215
-9.223153
-15.007592
-20.542981
-26.084538
-30.685427
-35.395504
-39.208937
-42.989025
-45.323316
-46.660877
-47.291103
-47.419182
-47.636180
-47.590301
-47.598795
-47.606069
-48.399616
-48.063450
-48.805832
-48.755947
-49.461594
-49.854973
-50.336082
-51.035248
-51.437649
-52.335518
-52.991276
-53.518841
-54.111629
-54.692638
-55.595360
-56.310253
-57.234207
-57.977272
-58.772110
-59.948566
-60.595261
-61.311218
-62.301781
-63.306660
-64.402985
-65.443420
-66.893066
-68.090530
-69.601456
-71.294838
-72.967369
-75.086510
-77.502502
-79.747246
-82.379471
-84.798912
-86.953087
-89.675758
-92.342438
-95.152863
-97.702072
-100.095570
-88.653236
-80.940132
-73.623970
-67.400970
-60.977276
-54.555481
-48.653149
-42.347179
-36.441216
-30.805138
-25.267769
-19.636820
-14.254151
-8.766240
-3.216834
2.097809
7.671146
12.935866
17.479511
22.645508
26.931774
30.907854
32.467964
34.021366
35.000351
35.745920
36.463950
37.203680
37.096655
37.566323
37.584399
38.824564
38.677849
39.668187
39.778776
40.689419
40.624876
41.311627
41.287831
42.258193
42.477582
42.684997
43.183913
43.916958
44.327558
43.614856
44.674221
46.049755
46.106433
46.987471
46.882090
48.092095
48.645630
49.689175
50.479595
51.426600
51.272028
52.891213
53.775224
54.253721
55.308892
55.786324
57.349696
58.264858
59.920748
61.676689
49.792849
40.675247
32.162612
23.996632
16.282091
8.962647
2.225285
-4.073494
-10.023498
-15.751825
-21.359443
-26.609785
-31.312814
-35.312484
-39.299888
-42.084638
-44.110598
-45.073951
-45.571861
-45.554005
-46.065425
-45.924052
-46.069575
-45.892940
-46.671638
-47.101643
-47.182083
-47.957317
-48.784111
-49.793316
-50.010540
-50.928860
-52.140648
-52.566879
-53.479958
-54.296673
-55.211082
-56.178215
-57.281864
-58.198364
-59.126888
-60.347347
-61.120331
-62.783367
-64.253319
-65.674797
-67.132782
-69.152222
-71.370506
-73.816353
-76.554008
-79.472572
-82.460121
-85.553757
-88.434639
-91.967514
-95.353485
-98.599792
-101.446280
-103.911040
-105.123110
-107.725430
-109.628850
-111.263360
-112.844890
-114.517910
-113.512180
-116.344870
-117.984310
-119.731460
-120.910940
-122.408120
-118.487690
-121.822430
-123.794460
-124.827520
-125.673480
-126.274890
-95.714203
-82.774963
-71.133354
-60.617275
-50.054840
-39.959816
-30.586742
-20.932091
-11.465266
-1.861486
6.955024
15.603006
25.492203
33.102058
35.658215
37.778065
38.485691
39.134811
38.147700
39.857088
41.325886
42.166341
41.846359
43.970566
42.517530
44.074014
45.074139
45.279201
46.231319
46.580919
46.037471
47.765639
48.058140
48.966776
49.582466
50.527155
49.986861
51.303924
51.351158
52.959216
53.346815
53.755194
54.400501
55.571903
56.603350
57.594815
59.013106
59.450277
60.624006
62.380431
63.972151
64.843108
65.930331
67.073785
65.991487
67.942318
69.072793
69.803195
70.975801
72.283513
72.628967
74.448942
75.257223
77.046367
77.906983
79.482139
79.907814
82.181550
83.790249
85.239912
83.843340
86.957724
65.545241
49.112071
34.767103
21.777117
10.075865
-0.184760
-7.654340
-15.744747
-23.078736
-29.578586
-36.444631
-42.553371
-47.289781
-50.167685
-50.732882
-50.835877
-51.148817
-51.160873
-51.071629
-51.308575
-51.665195
-51.947380
-52.344753
-53.057541
-53.094864
-53.628162
-54.471012
-54.881706
-55.902653
-56.457870
-56.637970
-57.656677
-58.351173
-59.104767
-59.871342
-60.506927
-61.104733
-61.977318
-62.916553
-63.932388
-64.948952
-66.146255
-66.978630
-68.393875
-69.482628
-70.893829
-72.454239
-73.517540
-75.374863
-77.601044
-79.676842
-81.838753
-83.107552
-85.687614
-87.961716
-90.700905
-93.241768
-94.950058
-98.411339
-101.258490
-101.598820
-105.320630
-108.624600
-111.173550
-113.716620
-116.307010
-114.411430
-117.603650
-119.866100
-121.515460
-122.798490
-123.840410
-93.748787
-80.958038
-69.419983
-58.962975
-48.490696
-38.423637
-29.124546
-19.913176
-11.032689
-3.210444
5.082489
12.727756
21.704084
29.440399
33.334572
34.428345
35.338978
36.618568
34.621585
37.122760
38.438298
39.495381
40.682372
40.978864
40.731388
41.739494
41.998772
42.592507
42.831043
43.102918
43.421701
44.489039
44.744954
45.752300
46.299580
46.609109
46.503351
47.379883
48.039366
48.568612
48.254241
49.919590
48.548880
50.738786
51.170002
51.644975
52.845956
53.156819
52.713354
53.992253
54.834838
55.591415
56.833347
57.567397
57.367446
59.623314
60.193614
61.066356
62.524063
63.581872
63.556882
64.370008
66.347397
68.852134
70.447917
72.166873
73.605884
76.085857
77.774051
80.474746
82.114310
83.905715
62.048268
46.667638
33.202298
21.149228
10.369120
1.398029
-6.004847
-13.594336
-20.613943
-27.337507
-33.986229
-40.008277
-45.401369
-48.586186
-49.644703
-50.094872
-50.092071
-50.333217
-49.253906
-50.378399
-50.563354
-50.880817
-51.375298
-52.143826
-51.922955
-52.767849
-53.621078
-54.365932
-55.303844
-56.128963
-56.116409
-57.191715
-58.171543
-59.125916
-59.831532
-60.703579
-61.208805
-62.502605
-63.389893
-64.684799
-65.953506
-67.272522
-68.306366
-69.902687
-71.782806
-72.822182
-75.243256
-77.737854
-79.647797
-82.546638
-85.320747
-87.444794
-90.527168
-93.608437
-96.142570
-99.869156
-103.130370
-106.387370
-108.891280
-112.102580
-113.296620
-116.893860
-119.729720
-121.896450
-123.925410
-125.140910
-119.617650
-124.219310
-126.744760
-128.452190
-129.510930
-130.722310
-127.138150
-130.704730
-132.688020
-134.087360
-135.166560
-136.109270
-135.132860
-137.522080
-138.832530
-139.927190
-141.250400
-142.243800
-117.920620
-103.137990
-89.038612
-75.435829
-63.423603
-51.856483
-41.099831
-30.637001
-20.532331
-11.300167
-3.200472
4.745317
11.910105
19.202467
25.556139
30.207439
33.347561
34.609619
35.620575
36.522259
37.462269
38.428596
39.538334
40.354511
39.942948
40.688992
42.547837
43.873651
44.625236
46.062686
45.648017
46.395123
46.996199
47.345104
48.291725
48.873282
48.657049
49.541097
50.125324
50.545883
51.269856
52.398977
51.307122
52.572576
53.828112
54.503255
54.786788
55.740353
54.813786
56.367987
57.448698
58.361863
58.887533
58.347329
59.077917
61.223277
62.546233
63.718092
65.064383
66.252535
67.315981
69.863096
71.959141
73.953103
75.027653
77.045785
78.467830
80.880067
82.756966
84.594278
86.191066
87.569911
88.098058
90.518199
91.619374
90.514014
93.418635
95.267611
94.611036
97.619572
98.958754
100.196211
101.431467
101.376767
102.185697
104.257356
105.578203
106.491876
107.450939
108.008786
82.690585
65.433294
50.095221
36.265710
23.753845
12.686935
3.881986
-4.724413
-11.901579
-19.241426
-25.844141
-32.370639
-38.003834
-42.629018
-46.230558
-48.852129
-50.858380
-52.738463
-53.491487
-54.968844
-56.340348
-57.108914
-56.686973
-56.263124
-56.067547
-46.905800
-54.049129
-54.767952
-56.080475
-56.729336
-57.243675
-55.657433
-56.747742
-57.905045
-58.332058
-58.859848
-58.800564
-58.713554
-59.448803
-59.927948
-59.358185
-60.038143
-60.131123
-60.969215
-61.715359
-61.719219
-62.181026
-62.803230
-62.968407
-63.411289
-53.030262
-56.432304
-59.405464
-61.968731
-63.336178
-64.583549
-64.127670
-65.106453
-65.797691
-66.065994
-64.308975
-67.312897
-68.295815
-69.402153
-70.525406
-70.978661
-71.915260
-70.983383
-72.211571
-73.348351
-74.227501
-70.610695
-73.355644
-75.547546
-77.292648
-77.424812
-79.357094
-79.519249
-80.825066
-82.083275
-82.680016
-84.075493
-85.332275
-87.107689
-88.248238
-89.379463
-89.512184
-91.037209
-92.414040
-93.692368
-94.430771
-96.555420
-98.277565
-99.881287
-101.445880
-103.133030
-103.839860
-105.526030
-107.641940
-109.108290
-109.694700
-111.333810
-113.051190
-114.661450
-116.389590
-117.831860
-119.024390
-120.023170
-121.268500
-122.114680
-117.221700
-120.758850
-122.217180
-123.710530
-124.742990
-126.086540
-126.723720
-128.024920
-129.114720
-129.747310
-125.488270
-128.212510
-130.784240
-132.122710
-133.676850
-134.643450
-135.514920
-136.686680
-137.482620
-138.505260
-117.550660
-108.826630
-100.299380
-91.883179
-83.733017
-75.797943
-68.211830
-61.374737
-54.766747
-48.257488
-42.251064
-36.031448
-30.161787
-24.330206
-18.931837
-13.827393
-9.247439
-5.053936
-0.974432
3.144130
6.873921
11.236929
14.854324
18.470163
21.766195
24.527195
26.934086
28.987783
30.658142
32.041832
32.491451
33.720627
33.782696
34.659756
34.829128
35.437164
35.885719
36.622627
36.896976
37.480713
37.256508
37.700194
38.979898
39.571633
40.182503
41.042243
41.713560
42.460024
43.302382
43.777898
43.265658
40.286013
42.875213
43.916173
44.277564
44.726248
44.918885
45.819038
45.507869
46.145329
45.830173
46.091886
46.929409
46.998572
47.647655
47.977385
48.424955
47.166342
48.612545
48.999515
48.830915
49.089250
49.644441
49.660248
50.397556
50.851824
51.209880
51.289574
51.272982
50.992366
51.266539
51.569791
52.259867
52.816868
53.414286
53.542989
54.211080
54.604744
55.125446
55.719112
53.912903
55.555201
56.175465
56.571795
56.900149
57.410937
57.816718
58.448412
58.222867
59.565864
56.150548
58.466449
59.751080
59.454557
59.512054
61.076867
61.411237
61.252928
62.537574
63.766630
63.342276
64.520592
65.473463
67.136944
67.719578
68.580508
69.171707
70.892513
71.649742
72.682729
72.892806
74.555194
75.326475
76.793398
77.532764
78.553553
79.944819
80.887824
82.201060
82.954273
83.178156
85.071077
86.084679
87.541057
88.396761
89.773445
89.174664
90.837568
92.096337
92.900518
92.979588
94.916172
96.563088
97.470588
98.904087
99.681663
100.878221
102.117855
102.906979
102.949349
86.828770
76.374505
66.559464
57.409960
48.964755
40.913203
33.181504
26.031200
19.263803
13.193967
8.004563
2.850424
-2.160180
-6.792257
-10.881342
-15.307019
-19.355319
-23.192324
-26.898032
-30.631931
-33.375113
-36.585585
-39.113277
-41.169655
-42.764113
-44.561324
-45.742754
-46.463154
-47.723425
-48.662531
-48.850221
-49.600821
-50.482773
-51.461588
-52.609760
-53.315244
-51.349759
-53.816456
-53.462052
-54.329309
-53.381451
-54.622417
-48.790333
-52.082317
-52.701092
-52.757153
-52.864918
-53.851036
-53.567638
-55.067631
-54.213097
-55.239326
-49.880371
-53.195618
-55.361500
-56.293350
-55.947567
-56.911339
-57.409718
-58.285412
-57.241474
-58.506466
-58.432072
-59.615982
-60.896202
-60.101105
-60.670090
-61.200329
-61.816441
-62.507133
-61.713112
-62.794750
-63.565777
-63.861130
-64.708412
-65.280563
-64.933327
-64.473541
-65.134491
-65.137001
-66.973282
-67.142921
-68.264114
-67.839691
-68.753021
-70.240501
-70.520752
-71.298676
-71.272194
-72.521461
-73.740311
-72.481667
-74.954681
-75.661011
-77.417336
-78.539543
-79.513519
-79.514061
-81.585663
-82.884560
-83.605301
-85.026924
-86.484245
-88.356987
-89.584755
-90.973083
-91.155205
-92.934326
-94.947037
-96.630394
-97.252869
-99.254524
-101.405750
-102.891230
-104.944340
-106.731770
-108.393220
-110.181430
-111.215840
-113.030840
-113.550280
-116.046330
-117.993980
-119.880620
-121.520270
-123.043130
-124.450680
-125.852000
-127.232960
-128.878590
-124.649520
-127.586870
-129.708370
-130.725880
-131.944200
-132.609280
-133.693660
-134.193420
-135.185440
-135.865280
-131.900710
-134.646560
-137.304900
-138.427580
-139.221820
-140.455930
-141.130460
-141.733780
-142.612840
-143.118070
-139.670240
-142.291760
-143.621460
-144.703740
-145.480190
-145.622600
-146.536120
-147.087710
-147.471970
-148.259000
-146.337720
-148.089600
-149.245100
-150.268420
-150.507310
-150.926240
-151.400340
-151.784040
-152.273860
-152.992420
-127.677670
-111.985840
-97.194771
-83.031898
-69.584160
-56.923996
-45.689625
-35.151184
-25.016590
-15.707642
-9.003118
-2.931126
2.315080
7.701788
12.820189
17.719320
21.838627
25.377800
28.522776
30.907413
33.127693
34.537800
36.082291
36.521126
37.647621
38.669209
40.266327
41.397953
42.461117
43.772770
42.967564
43.452093
43.132691
44.626803
45.806302
46.595601
47.325500
47.036888
48.052604
48.581210
47.926859
48.092040
48.533844
49.125113
49.267390
49.752460
50.391437
50.337809
50.305158
50.765050
50.589389
51.162673
51.670282
52.137038
52.467910
52.881163
52.900680
53.170291
54.088245
53.696277
53.128681
53.948635
54.570584
53.916082
55.732254
56.101643
56.668096
57.513444
58.057422
58.750238
57.404784
58.388475
59.486462
60.781010
61.168633
62.188448
62.882067
63.449769
63.793122
64.677786
63.511025
64.757552
66.092475
66.889419
67.607103
68.376486
68.657765
69.815808
70.413175
71.388723
67.412833
70.326788
71.533902
72.103084
72.492037
72.782386
73.459993
74.953788
76.101411
77.190190
76.878773
78.704963
80.040273
81.492886
82.242520
83.388150
84.687440
85.272661
86.716947
88.021896
87.860311
89.443513
90.585640
91.893864
90.931466
92.287600
93.680690
94.867189
95.548014
96.696009
96.596191
97.880851
99.353317
100.166147
101.199311
101.745347
103.004593
103.489631
104.474570
104.159125
104.120147
106.069828
106.945274
108.099652
108.829689
109.541770
110.536508
110.972962
112.101008
112.830992
111.176417
113.699767
114.834352
115.757001
116.578990
117.112127
118.215378
117.798454
118.515726
119.253128
117.914505
120.079932
121.330347
122.009428
121.685289
122.240868
122.696230
123.279097
123.869940
124.779511
98.215837
79.606876
62.806778
47.634215
33.858351
21.540556
11.504987
2.573420
-5.468531
-12.734909
-17.769001
-23.593681
-28.491885
-33.224735
-36.983298
-40.805138
-43.856990
-46.192773
-48.151101
-49.688981
-50.637859
-51.470852
-53.307337
-54.438596
-55.194859
-56.253890
-56.623534
-51.795225
-55.972640
-56.150804
-54.717064
-55.855450
-56.408978
-57.099407
-57.629333
-45.650318
-51.292545
-54.012161
-54.898842
-56.109257
-55.673576
-55.903027
-56.785522
-58.021297
-57.449379
-57.949715
-59.048332
-59.399715
-60.745373
-59.500912
-60.725506
-62.194717
-55.257088
-58.451885
-60.651779
-62.469349
-60.470253
-62.525444
-63.254459
-61.549320
-63.419930
-63.774807
-64.655296
-57.257103
-60.315517
-62.928162
-65.017853
-65.244865
-65.066689
-67.015038
-66.616783
-66.848610
-66.150078
-66.960808
-66.368210
-67.550598
-69.094101
-66.099823
-68.858345
-70.456970
-70.501595
-65.931969
-68.818367
-69.381149
-69.355972
-69.347488
-69.306946
-69.283478
-69.286797
-69.262428
-69.250717
-69.240837
-69.214371
-70.889114
-72.855583
-73.621086
-74.688072
-67.816231
-71.111214
-73.480606
-74.680283
-75.990562
-76.786652
-76.863884
-78.260452
-77.826149
-79.283951
-80.218620
-80.894394
-82.014122
-81.538696
-83.080406
-83.968193
-84.518967
-86.316177
-86.631386
-88.401237
-89.474350
-90.444862
-91.659805
-91.679588
-93.115623
-93.940987
-94.220955
-96.267044
-97.578308
-99.069687
-100.677260
-102.137860
-103.528410
-105.036210
-105.089710
-107.059460
-107.291120
-109.654960
-111.650030
-113.002090
-114.388940
-115.824310
-117.297010
-118.608720
-118.595500
-120.842120
-121.223870
-122.968390
-124.936980
-126.133470
-127.399320
-128.517240
-129.962890
-131.185780
-132.211850
-132.777300
-126.564070
-130.689360
-132.385570
-134.479680
-135.765700
-136.576030
-137.512590
-138.295180
-139.160460
-140.029880
-135.097380
-137.906980
-140.615400
-141.888090
-142.889450
-143.732480
-144.820950
-145.432360
-146.071520
-146.848740
-120.500590
-105.306020
-90.883453
-77.196808
-64.182945
-52.021744
-41.303165
-31.353321
-21.665956
-13.127440
-7.192952
-1.462495
3.155051
7.956754
12.415298
16.879648
20.611761
23.300222
26.782957
29.162397
31.411242
32.562374
34.494820
35.337700
36.477295
37.452358
38.640739
39.723644
40.646122
42.167156
39.990981
42.049132
42.966645
43.499609
43.725004
44.436786
45.568613
45.518636
46.534811
47.279809
45.447711
47.073137
46.947554
47.928651
48.046559
48.190827
48.871932
48.850351
48.416819
49.507865
48.649505
49.014014
50.090526
49.870527
50.408977
50.774837
52.053694
51.198967
51.487744
52.184068
51.386311
51.897988
52.523476
52.665707
53.102201
53.436581
53.490359
54.266323
54.648580
54.788862
54.164111
55.066565
56.032983
55.760725
56.676305
57.575559
57.847795
58.440466
58.941889
59.517879
58.947713
60.338993
60.828830
61.326897
62.070119
62.483730
63.651644
64.158258
63.829873
64.538043
65.168743
66.394997
66.795081
68.317558
69.460993
70.220755
71.101508
72.165479
72.956352
73.657644
73.628972
75.410819
76.360110
77.314213
77.990848
79.055637
79.748763
80.591031
81.284854
81.827098
78.175164
80.685910
81.303923
81.030184
80.175453
79.559923
80.213753
82.826910
83.993762
85.325489
85.646885
87.465147
88.463338
89.772392
90.695145
91.884453
92.834756
93.615938
94.795314
95.721543
95.685041
97.492102
98.717234
100.145814
101.243650
98.604930
101.484419
102.904205
104.273958
105.154543
104.519788
106.532880
108.125112
109.075070
110.226978
111.002111
112.062996
113.034546
114.118567
115.128007
114.356398
116.479036
117.686650
118.806045
119.501666
119.596178
119.861594
120.793678
121.587407
122.036666
96.737627
78.646869
62.219125
47.370821
33.842625
21.804281
11.879488
3.003188
-4.958877
-11.799176
-17.006830
-22.414009
-27.187511
-31.670284
-35.588711
-39.053235
-42.074882
-44.141454
-46.127189
-47.299743
-48.434719
-49.761824
-50.800608
-51.761650
-52.644563
-53.483106
-54.191721
-54.057002
-54.246775
-54.364065
-52.996407
-53.836937
-54.247349
-54.713501
-44.258961
-49.103867
-51.847862
-52.336113
-53.439411
-54.024380
-54.072941
-54.196659
-53.989815
-55.298481
-55.974255
-52.108280
-54.773060
-55.920586
-56.367836
-56.648098
-54.823818
-57.494064
-57.817677
-58.665939
-54.388580
-56.710728
-58.504971
-58.608051
-59.403511
-59.814781
-59.802067
-58.721905
-60.130978
-60.723434
-60.727921
-62.117458
-63.101528
-58.569046
-61.160141
-62.043404
-61.825249
-63.143810
-63.024231
-64.577377
-65.731415
-55.653061
-58.525551
-61.023338
-62.579597
-63.655205
-63.761345
-64.299728
-65.885368
-63.604408
-66.171257
-67.467270
-68.231331
-69.165482
-68.057350
-69.376579
-68.971252
-70.427345
-71.283600
-63.991508
-67.351181
-69.501770
-69.808395
-71.579407
-72.537247
-73.485855
-72.994736
-74.639709
-74.659424
-76.351471
-76.362404
-78.135101
-78.925049
-80.223526
-79.773720
-81.252800
-81.341431
-83.343979
-84.400223
-85.520638
-86.857315
-87.702522
-89.143364
-90.445480
-89.809311
-91.929222
-92.382210
-94.008705
-95.529526
-96.835114
-98.265991
-99.559898
-100.657900
-101.991380
-103.109570
-102.829140
-104.559040
-106.125650
-107.496380
-108.897930
-110.208470
-111.416690
-112.745170
-114.360460
-115.389640
-116.791340
-116.617860
-119.117810
-120.488590
-121.567950
-122.892580
-124.421700
-124.721740
-126.431570
-127.609360
-128.729660
-128.775560
-130.335940
-131.547320
-133.131010
-134.199200
-135.061480
-136.151090
-137.021220
-137.805650
-138.805760
-134.800350
-137.359440
-139.434740
-140.182480
-141.247700
-141.702500
-142.442920
-142.752850
-143.280940
-143.964230
-141.316330
-143.531630
-144.841490
-145.991200
-146.457570
-146.914870
-147.509700
-147.748110
-148.275770
-148.386230
-143.605120
-146.084730
-148.641200
-149.677190
-150.213700
-151.054570
-151.382190
-151.990650
-152.213490
-152.486830
-150.251210
-152.002290
-153.356550
-153.792710
-154.154370
-154.354030
-154.679060
-154.858400
-155.471850
-155.687420
-131.321850
-117.011990
-103.306130
-90.302010
-77.886040
-65.955482
-54.530304
-44.385830
-35.291405
-26.484774
-18.413895
-10.787536
-3.816174
2.183328
7.336012
12.375805
16.923229
20.819725
24.190384
27.120958
28.533688
30.208677
31.493830
32.905880
33.835899
34.909443
35.598484
36.452633
36.918163
37.607849
37.415466
38.711357
39.522667
40.149639
41.122269
42.189674
42.761776
43.438560
44.275856
45.139847
44.313042
45.320548
45.570202
46.547595
46.946261
47.356642
47.584887
48.258734
48.643443
49.216483
48.939209
49.451740
49.016859
48.498836
49.904931
50.337015
50.756086
50.573513
50.904514
51.531489
50.484851
51.172862
52.047882
52.375323
52.542001
52.852661
53.124212
53.467138
53.234739
54.079514
53.564284
54.405657
54.816936
54.906940
55.587461
55.955690
56.685010
56.726844
57.570836
57.929381
57.291079
58.646918
58.785900
59.485295
60.106411
60.523052
61.352614
61.517769
62.104949
62.908438
62.653285
63.774090
64.521430
65.205764
66.007083
66.713438
67.694226
67.037946
68.588992
69.395425
69.010622
70.395931
71.531671
72.429875
73.002904
73.925164
74.616566
75.365050
76.246474
76.970554
76.124190
77.802035
78.389907
79.907869
80.594792
81.241305
81.927469
82.838401
83.554427
84.112241
82.554593
84.310370
85.535857
86.379537
86.646381
88.052782
88.816742
89.290076
89.788518
90.200777
83.249765
86.353670
86.475149
86.014299
85.971740
87.620846
89.487971
91.124549
92.561882
93.302102
93.449277
94.958107
96.038631
96.759527
97.704846
98.542192
99.272498
100.117111
100.893552
101.619674
99.675907
101.388607
102.852260
103.684004
104.490681
105.087570
105.865791
106.517125
107.374956
108.008777
107.455523
109.191101
110.174274
110.989781
111.657089
112.419326
113.038789
113.754876
114.493644
115.186384
114.289549
116.107342
117.206161
117.645204
118.423677
118.919566
119.348979
119.901334
120.129457
120.688860
119.668987
121.569618
122.866554
123.320118
124.051831
124.541335
125.097558
125.559962
126.376792
126.885929
125.591889
127.871099
128.812386
129.514103
129.733046
129.660527
130.441832
131.387570
132.101708
132.776068
131.389540
133.420962
134.713517
135.443026
136.105465
136.471412
137.187244
137.856616
137.482808
135.437456
132.628788
134.905650
106.091124
86.260263
68.465415
52.540873
38.439100
25.714958
15.530487
5.993343
-6.640433
-13.257981
-19.435724
-25.383985
-30.384199
-35.234986
-38.867753
-42.659629
-45.365510
-47.520224
-48.275546
-49.481730
-50.266056
-51.093476
-51.798442
-51.979256
-52.649407
-53.020529
-53.522471
-54.163538
-53.816532
-53.616497
-54.463994
-54.537308
-54.431896
-54.484742
-54.548735
-54.594711
-54.280352
-54.767607
-53.230389
-54.176865
-54.529839
-54.877014
-55.372677
-56.120766
-56.101360
-57.104145
-57.837090
-54.703709
-55.887184
-57.070221
-58.104053
-55.658558
-57.355042
-58.553356
-58.700745
-58.770626
-59.347912
-60.272858
-60.269848
-59.789856
-60.967144
-61.328854
-61.087856
-59.785755
-62.589577
-62.110207
-63.275394
-62.381943
-63.119576
-63.021904
-64.522156
-59.550613
-61.624222
-62.848415
-63.661633
-63.508034
-63.920338
-63.721958
-65.028160
-63.786331
-65.436470
-66.424530
-65.978516
-66.467506
-66.688927
-67.527718
-66.155396
-67.155388
-65.774773
-65.995499
-68.152306
-62.239002
-64.680275
-66.790718
-66.800629
-67.922462
-68.768639
-69.790741
-69.797874
-68.558105
-70.473434
-63.386230
-67.346909
-69.411743
-70.480644
-70.146957
-71.129066
-72.324287
-72.211769
-73.345795
-67.267372
-69.891090
-71.132545
-72.492607
-73.312157
-74.311691
-74.890297
-75.507744
-75.071373
-75.062744
-76.899330
-77.734886
-78.234818
-78.687340
-79.360382
-78.957550
-79.628059
-80.701561
-80.263535
-81.982246
-82.638161
-83.734047
-84.366776
-85.117767
-86.241066
-86.971207
-85.764198
-87.614220
-87.678352
-89.326843
-90.062630
-91.372498
-92.333351
-93.380600
-94.246193
-95.091644
-94.235153
-96.181969
-96.155167
-98.002625
-98.909225
-100.130540
-101.363560
-102.689700
-103.667230
-103.937150
-105.349740
-106.531010
-106.807300
-108.994380
-110.466380
-111.418040
-112.693860
-113.855190
-115.060070
-116.037250
-117.469150
-118.619190
-117.549110
-120.075020
-121.512640
-122.706280
-123.799850
-124.677690
-126.042560
-126.281430
-127.892970
-128.965100
-128.289750
-129.984380
-131.164370
-132.620300
-133.610430
-134.497860
-135.224490
-136.457490
-137.305910
-138.077580
-133.633360
-135.752180
-138.363800
-139.895250
-140.691010
-141.640470
-142.348970
-142.847460
-143.719600
-144.044880
-137.594850
-141.514240
-143.189850
-145.115020
-145.608200
-146.255660
-146.986650
-147.311780
-148.097750
-148.333340
-122.780620
-108.646200
-95.326263
-82.743469
-70.712173
-59.229858
-48.299583
-38.695030
-29.984846
-21.676857
-14.242759
-7.375310
-1.452857
3.827471
8.386643
12.424797
16.059145
19.502518
22.412584
25.097281
26.120085
27.723209
29.362741
30.242218
31.455448
32.609329
33.271084
34.187584
34.874512
35.670273
33.312252
33.308193
33.295334
33.289787
33.294315
33.287846
33.302265
33.307823
33.281380
33.283482
35.290794
36.263165
35.473789
36.976295
37.611168
38.416962
38.769489
39.632111
40.281212
41.078770
40.322651
41.181812
41.943009
42.362005
43.090273
43.163643
43.984182
44.281163
45.109861
45.529665
44.450924
44.988061
45.447683
45.831975
46.008860
46.422675
46.824453
47.076008
47.309344
47.344260
46.983276
47.551057
48.015126
48.298872
48.414873
48.394207
48.431943
48.720711
49.107192
49.367686
48.903421
49.553992
49.987660
50.333669
50.483444
50.749910
51.206350
51.523969
51.246584
51.927434
51.411915
52.377041
52.702541
52.729478
53.261751
54.030746
54.525725
54.544593
55.348551
55.692531
55.356870
56.144075
56.655960
57.270778
57.586751
58.042223
58.503153
58.365643
59.126122
59.607170
59.150921
60.221290
61.044231
61.715394
62.042456
62.713285
63.276314
64.173638
64.696665
65.407898
64.750883
65.928897
67.040552
68.106408
68.147763
69.548933
70.182962
70.608730
71.938528
72.434795
72.108440
73.305347
74.340339
75.276373
76.142345
76.880387
76.285231
77.466065
78.345364
79.092926
78.639483
80.019864
81.128935
81.533750
82.810849
83.465689
83.672711
84.827047
85.672561
86.443181
85.226685
87.168207
88.080645
88.941630
89.702131
90.335029
90.995108
91.479286
92.108790
92.750052
89.736547
91.952112
92.830491
93.294069
92.829989
90.832197
89.575418
91.946673
94.019782
95.350083
95.166074
96.698669
97.966476
98.549506
99.444638
100.176077
100.909515
101.711233
102.470279
103.274489
102.786343
104.435419
105.710716
106.606707
107.369996
108.302789
108.965209
109.874381
107.260674
110.130679
109.874624
111.597097
112.959337
113.931837
114.743093
115.644929
116.394749
117.291389
117.954963
118.906202
117.926673
119.730068
121.183293
121.883367
122.063316
122.992796
123.391644
124.212317
124.789128
125.693241
124.862016
126.685952
127.667429
127.653835
127.914724
129.002515
129.806345
130.620642
129.816259
128.490499
125.599095
128.112102
100.241982
81.179016
64.139251
48.935331
35.359808
23.800381
13.862214
4.972614
-6.307384
-12.684624
-18.559810
-24.218037
-28.914710
-33.375844
-37.073481
-40.310574
-42.864239
-44.733694
-45.746047
-46.562411
-47.258263
-47.804775
-48.270708
-48.575974
-48.889233
-49.303123
-48.936394
-49.701948
-49.693774
-49.897146
-49.898313
-49.864065
-49.650540
-49.544868
-49.564469
-49.684124
-49.645606
-49.655536
-48.150326
-48.051453
-47.954700
-47.879292
-47.811150
-47.756042
-47.715687
-47.667011
-47.629559
-47.594147
-41.432544
-36.525991
-32.451788
-27.974882
-23.715340
-19.711683
-15.731512
-11.756090
-8.279473
-4.897663
-3.206904
-1.641517
0.091190
1.645671
3.064056
4.817992
6.338818
7.936360
9.383664
10.607663
11.711499
12.864465
14.469430
15.738331
16.858492
17.870379
19.205569
20.177323
20.274492
21.947899
2.328054
-14.799464
-30.625853
-42.719441
-49.628098
-52.264309
-54.718727
-56.048950
-60.436813
-62.966743
-61.711884
-62.884914
-63.713482
-64.555664
-54.758015
-57.524349
-59.694290
-59.362690
-60.423939
-60.510445
-60.052715
-61.055748
-61.702812
-63.498569
-62.999451
-63.916874
-61.345211
-63.471054
-63.850983
-65.507469
-61.398350
-59.212910
-57.178867
-55.206425
-53.830730
-52.322060
-50.920101
-49.498329
-48.105190
-46.730484
-45.357372
-43.954666
-42.632572
-41.309372
-40.013344
-38.728958
-37.447693
-36.182468
-34.928040
-33.627579
-32.395611
-31.093702
-29.934677
-28.785818
-27.718679
-26.630684
-25.567656
-24.545980
-23.484060
-22.491385
-21.533489
-20.577631
-19.657291
-18.735153
-17.835247
-16.926592
-16.058329
-15.153661
-14.302613
-13.365632
-12.544092
-11.744758
-10.912133
-10.115092
-9.349312
-8.572871
-7.814894
-7.025185
-6.331644
-5.590261
-4.859314
-4.158509
-3.414680
-2.721257
-2.125035
-1.456409
-0.840221
-0.254260
0.398702
0.908443
1.551668
2.068244
2.688875
3.197359
3.780291
4.363928
4.911279
5.556703
6.058291
6.679885
7.259244
7.825306
8.150637
8.830920
9.334063
9.853816
10.341337
10.849337
11.490216
11.875033
12.281247
12.788790
13.221478
13.815560
14.214210
14.662846
15.016313
15.412085
15.844285
16.006521
16.399340
17.071037
17.189232
17.581278
17.765749
18.039261
18.155500
18.579565
18.842810
19.136728
-2.142696
-2.164252
-2.157304
-2.154771
-2.160875
-2.124168
-2.142615
-2.135870
-2.154647
-2.163999
0.018010
0.022331
0.011401
0.012848
0.004997
-0.038391
-0.086963
-0.178670
-0.234909
-0.343465
0.002166
0.067043
0.028692
0.018423
-0.027443
-0.572707
-0.575529
-0.579446
-0.579009
-0.558890
-0.567331
-0.579021
-0.576255
-0.591308
-0.588695
-0.011076
-0.009014
-0.018211
-0.013661
-0.017480
-0.018684
-0.016148
-0.023891
-0.005378
-0.003832
-0.025040
0.029778
-0.006670
-0.014620
-0.013876
