1	2.49822
1	2.45142
1	2.45878
1	2.50405
1	2.49822
1	2.45142
1	2.45878
1	2.50405
1.005	4.40715
1.005	4.31309
1.005	4.34645
1.005	4.45152
1.01	7.40412
1.01	7.23037
1.01	7.27349
1.01	7.46875
1.0175	11.8595
1.0175	11.5693
1.0175	11.6269
1.0175	11.954
1.02	13.3188
1.02	12.9913
1.02	13.0535
1.02	13.4231
1.02375	15.4757
1.02375	15.0942
1.02375	15.1623
1.02375	15.5937
1.02937	18.6735
1.02937	18.2135
1.02937	18.2896
1.02937	18.812
1.03781	23.4126
1.03781	22.8376
1.03781	22.9257
1.03781	23.5811
1.04031	24.8071
1.04031	24.1986
1.04031	24.2901
1.04031	24.9843
1.04406	26.8905
1.04406	26.232
1.04406	26.3285
1.04406	27.0806
1.04547	27.6718
1.04547	26.9946
1.04547	27.0931
1.04547	27.8668
1.046	27.9645
1.046	27.2803
1.046	27.3794
1.046	28.1612
1.04679	28.4028
1.04679	27.7081
1.04679	27.8083
1.04679	28.6023
1.04797	29.0589
1.04797	28.3486
1.04797	28.4504
1.04797	29.2624
1.04975	30.041
1.04975	29.3074
1.04975	29.4114
1.04975	30.2506
1.05242	31.5087
1.05242	30.7402
1.05242	30.8475
1.05242	31.727
1.05342	32.058
1.05342	31.2765
1.05342	31.3851
1.05342	32.2796
1.05493	32.8797
1.05493	32.0787
1.05493	32.1891
1.05493	33.1062
1.05718	34.1098
1.05718	33.2794
1.05718	33.3925
1.05718	34.3435
1.06056	35.9523
1.06056	35.0783
1.06056	35.1954
1.06056	36.1969
1.06182	36.6451
1.06182	35.7547
1.06182	35.8734
1.06182	36.8938
1.06372	37.6827
1.06372	36.7678
1.06372	36.8887
1.06372	37.9375
1.06444	38.0708
1.06444	37.1467
1.06444	37.2684
1.06444	38.3278
1.06551	38.6552
1.06551	37.7172
1.06551	37.84
1.06551	38.9155
1.06711	39.533
1.06711	38.5742
1.06711	38.6987
1.06711	39.7982
1.06952	40.8414
1.06952	39.8517
1.06952	39.9785
1.06952	41.1139
1.07312	42.8002
1.07312	41.764
1.07312	41.8942
1.07312	43.0837
1.07448	43.5404
1.07448	42.4866
1.07448	42.6182
1.07448	43.8281
1.07651	44.648
1.07651	43.5678
1.07651	43.7015
1.07651	44.9421
1.07727	45.0633
1.07727	43.9732
1.07727	44.1077
1.07727	45.3598
1.07841	45.686
1.07841	44.581
1.07841	44.7166
1.07841	45.986
1.08012	46.6209
1.08012	45.4938
1.08012	45.6312
1.08012	46.9264
1.08269	48.0137
1.08269	46.8536
1.08269	46.9937
1.08269	48.3272
1.08365	48.5352
1.08365	47.3627
1.08365	47.5039
1.08365	48.8518
1.0851	49.3174
1.0851	48.1264
1.0851	48.2691
1.0851	49.6386
1.08727	50.4963
1.08727	49.2771
1.08727	49.4219
1.08727	50.8243
1.09052	52.2813
1.09052	51.019
1.09052	51.1672
1.09052	52.6197
1.09174	52.9509
1.09174	51.6724
1.09174	51.8219
1.09174	53.2932
1.09356	53.951
1.09356	52.6482
1.09356	52.7996
1.09356	54.2992
1.09631	55.4515
1.09631	54.1121
1.09631	54.2665
1.09631	55.8088
1.09734	56.0157
1.09734	54.6624
1.09734	54.818
1.09734	56.3763
1.09888	56.8659
1.09888	55.4915
1.09888	55.6488
1.09888	57.2317
1.10119	58.15
1.10119	56.7433
1.10119	56.9033
1.10119	58.5234
1.10206	58.636
1.10206	57.2172
1.10206	57.3783
1.10206	59.0125
1.10336	59.3673
1.10336	57.9301
1.10336	58.0929
1.10336	59.7483
1.10532	60.4847
1.10532	59.0194
1.10532	59.185
1.10532	60.8727
1.10825	62.1679
1.10825	60.6601
1.10825	60.8298
1.10825	62.5663
1.10934	62.7991
1.10934	61.2753
1.10934	61.4465
1.10934	63.2014
1.11099	63.7458
1.11099	62.1979
1.11099	62.3715
1.11099	64.1539
1.11346	65.1761
1.11346	63.592
1.11346	63.7689
1.11346	65.5931
1.11717	67.3687
1.11717	65.7282
1.11717	65.9102
1.11717	67.799
1.11856	68.2018
1.11856	66.5398
1.11856	66.7237
1.11856	68.6371
1.12065	69.4575
1.12065	67.763
1.12065	67.9497
1.12065	69.9004
1.12377	71.3465
1.12377	69.603
1.12377	69.7939
1.12377	71.8004
1.12847	74.1856
1.12847	72.3688
1.12847	72.5654
1.12847	74.6557
1.1355	78.5009
1.1355	76.573
1.1355	76.778
1.1355	78.9948
1.138	80.0423
1.138	78.0746
1.138	78.2823
1.138	80.5445
1.13894	80.6215
1.13894	78.6389
1.13894	78.8475
1.13894	81.1269
1.14035	81.4971
1.14035	79.4918
1.14035	79.7021
1.14035	82.0072
1.14246	82.8128
1.14246	80.7736
1.14246	80.9864
1.14246	83.3301
1.14325	83.3101
1.14325	81.2582
1.14325	81.4718
1.14325	83.8301
1.14443	84.054
1.14443	81.9831
1.14443	82.1982
1.14443	84.5781
1.14621	85.1696
1.14621	83.0701
1.14621	83.2874
1.14621	85.6998
1.14888	86.8507
1.14888	84.7081
1.14888	84.9285
1.14888	87.3901
1.15289	89.3801
1.15289	87.1735
1.15289	87.3986
1.15289	89.9331
1.15439	90.3324
1.15439	88.1019
1.15439	88.3288
1.15439	90.8906
1.15664	91.7712
1.15664	89.5043
1.15664	89.734
1.15664	92.3373
1.15749	92.308
1.15749	90.0275
1.15749	90.2583
1.15749	92.8771
1.15875	93.1109
1.15875	90.8102
1.15875	91.0425
1.15875	93.6844
1.16066	94.3116
1.16066	91.9809
1.16066	92.2156
1.16066	94.8918
1.16351	96.1183
1.16351	93.7423
1.16351	93.9807
1.16351	96.7088
1.16778	98.8257
1.16778	96.3819
1.16778	96.6258
1.16778	99.4313
1.16939	99.8421
1.16939	97.373
1.16939	97.6191
1.16939	100.453
1.16999	100.222
1.16999	97.7437
1.16999	97.9905
1.16999	100.836
1.17089	100.792
1.17089	98.2996
1.17089	98.5477
1.17089	101.409
1.17224	101.638
1.17224	99.1234
1.17224	99.3737
1.17224	102.259
1.17427	102.91
1.17427	100.364
1.17427	100.617
1.17427	103.54
1.17446	103.03
1.17446	100.481
1.17446	100.734
1.17446	103.66
1.17453	103.075
1.17453	100.525
1.17453	100.778
1.17453	103.705
1.17464	103.143
1.17464	100.591
1.17464	100.845
1.17464	103.774
1.1748	103.246
1.1748	100.691
1.1748	100.945
1.1748	103.877
1.17504	103.399
1.17504	100.84
1.17504	101.095
1.17504	104.031
1.1754	103.628
1.1754	101.064
1.1754	101.318
1.1754	104.261
1.17594	103.972
1.17594	101.4
1.17594	101.655
1.17594	104.608
1.17676	104.489
1.17676	101.904
1.17676	102.16
1.17676	105.128
1.17798	105.266
1.17798	102.661
1.17798	102.919
1.17798	105.909
1.17981	106.426
1.17981	103.792
1.17981	104.053
1.17981	107.076
1.18049	106.862
1.18049	104.217
1.18049	104.479
1.18049	107.514
1.18152	107.513
1.18152	104.852
1.18152	105.116
1.18152	108.169
1.18306	108.488
1.18306	105.803
1.18306	106.069
1.18306	109.15
1.18538	109.948
1.18538	107.227
1.18538	107.496
1.18538	110.619
1.18625	110.498
1.18625	107.763
1.18625	108.034
1.18625	111.171
1.18755	111.326
1.18755	108.57
1.18755	108.843
1.18755	112.004
1.1895	112.567
1.1895	109.781
1.1895	110.056
1.1895	113.253
1.19243	114.419
1.19243	111.587
1.19243	111.867
1.19243	115.117
1.19682	117.173
1.19682	114.272
1.19682	114.561
1.19682	117.887
1.19723	117.431
1.19723	114.525
1.19723	114.814
1.19723	118.147
1.19785	117.82
1.19785	114.904
1.19785	115.194
1.19785	118.538
1.19878	118.404
1.19878	115.473
1.19878	115.765
1.19878	119.125
1.19913	118.622
1.19913	115.686
1.19913	115.979
1.19913	119.345
1.19965	118.949
1.19965	116.005
1.19965	116.299
1.19965	119.674
1.20043	119.439
1.20043	116.483
1.20043	116.778
1.20043	120.167
1.2016	120.173
1.2016	117.198
1.2016	117.495
1.2016	120.905
1.20336	121.27
1.20336	118.269
1.20336	118.569
1.20336	122.009
1.206	122.905
1.206	119.864
1.206	120.168
1.206	123.654
1.20699	123.512
1.20699	120.456
1.20699	120.762
1.20699	124.265
1.20848	124.417
1.20848	121.339
1.20848	121.648
1.20848	125.176
1.2107	125.761
1.2107	122.65
1.2107	122.963
1.2107	126.527
1.21404	127.752
1.21404	124.593
1.21404	124.912
1.21404	128.532
1.21436	127.938
1.21436	124.774
1.21436	125.094
1.21436	128.719
1.21483	128.217
1.21483	125.046
1.21483	125.367
1.21483	129
1.21553	128.63
1.21553	125.45
1.21553	125.772
1.21553	129.416
1.21659	129.252
1.21659	126.056
1.21659	126.381
1.21659	130.041
1.21817	130.185
1.21817	126.967
1.21817	127.294
1.21817	130.981
1.21877	130.533
1.21877	127.307
1.21877	127.635
1.21877	131.331
1.21966	131.053
1.21966	127.814
1.21966	128.144
1.21966	131.855
1.221	131.839
1.221	128.581
1.221	128.915
1.221	132.646
1.223	132.989
1.223	129.704
1.223	130.041
1.223	133.803
1.22601	134.667
1.22601	131.342
1.22601	131.685
1.22601	135.493
1.22714	135.293
1.22714	131.952
1.22714	132.298
1.22714	136.123
1.22883	136.227
1.22883	132.864
1.22883	133.213
1.22883	137.064
1.22947	136.576
1.22947	133.204
1.22947	133.554
1.22947	137.415
1.23042	137.095
1.23042	133.71
1.23042	134.062
1.23042	137.938
1.23078	137.289
1.23078	133.9
1.23078	134.253
1.23078	138.133
1.23131	137.58
1.23131	134.184
1.23131	134.538
1.23131	138.427
1.23212	138.018
1.23212	134.611
1.23212	134.966
1.23212	138.868
1.23332	138.669
1.23332	135.246
1.23332	135.604
1.23332	139.523
1.23378	138.912
1.23378	135.483
1.23378	135.842
1.23378	139.768
1.23445	139.274
1.23445	135.837
1.23445	136.197
1.23445	140.133
1.23547	139.815
1.23547	136.364
1.23547	136.727
1.23547	140.678
1.23585	140.017
1.23585	136.561
1.23585	136.925
1.23585	140.881
1.23642	140.319
1.23642	136.855
1.23642	137.22
1.23642	141.185
1.23728	140.767
1.23728	137.293
1.23728	137.659
1.23728	141.637
1.23857	141.434
1.23857	137.943
1.23857	138.313
1.23857	142.309
1.2405	142.411
1.2405	138.896
1.2405	139.27
1.2405	143.294
1.24339	143.81
1.24339	140.26
1.24339	140.64
1.24339	144.703
1.24774	145.707
1.24774	142.109
1.24774	142.497
1.24774	146.615
1.24937	146.377
1.24937	142.762
1.24937	143.153
1.24937	147.291
1.25181	147.358
1.25181	143.717
1.25181	144.112
1.25181	148.279
1.25273	147.718
1.25273	144.067
1.25273	144.464
1.25273	148.642
1.2541	148.232
1.2541	144.568
1.2541	144.967
1.2541	149.16
1.25616	148.945
1.25616	145.262
1.25616	145.664
1.25616	149.88
1.25694	149.2
1.25694	145.51
1.25694	145.913
1.25694	150.137
1.25701	149.224
1.25701	145.533
1.25701	145.936
1.25701	150.161
1.25712	149.259
1.25712	145.567
1.25712	145.97
1.25712	150.197
1.25716	149.272
1.25716	145.58
1.25716	145.983
1.25716	150.21
1.25717	149.274
1.25717	145.582
1.25717	145.985
1.25717	150.212
1.25718	149.278
1.25718	145.586
1.25718	145.989
1.25718	150.216
1.25721	149.287
1.25721	145.594
1.25721	145.997
1.25721	150.225
1.25724	149.299
1.25724	145.606
1.25724	146.009
1.25724	150.237
1.25725	149.302
1.25725	145.609
1.25725	146.012
1.25725	150.24
1.25727	149.307
1.25727	145.614
1.25727	146.017
1.25727	150.245
1.2573	149.318
1.2573	145.624
1.2573	146.028
1.2573	150.256
1.25734	149.332
1.25734	145.638
1.25734	146.042
1.25734	150.27
1.25741	149.353
1.25741	145.658
1.25741	146.062
1.25741	150.291
1.25743	149.361
1.25743	145.666
1.25743	146.069
1.25743	150.299
1.25747	149.373
1.25747	145.678
1.25747	146.081
1.25747	150.311
1.25752	149.39
1.25752	145.695
1.25752	146.099
1.25752	150.329
1.2576	149.417
1.2576	145.721
1.2576	146.125
1.2576	150.356
1.25772	149.457
1.25772	145.76
1.25772	146.164
1.25772	150.397
1.25791	149.515
1.25791	145.816
1.25791	146.221
1.25791	150.456
1.25818	149.602
1.25818	145.901
1.25818	146.306
1.25818	150.543
1.25859	149.728
1.25859	146.023
1.25859	146.428
1.25859	150.67
1.25921	149.902
1.25921	146.192
1.25921	146.598
1.25921	150.846
1.26013	150.128
1.26013	146.411
1.26013	146.817
1.26013	151.074
1.26022	150.148
1.26022	146.431
1.26022	146.837
1.26022	151.095
1.26035	150.179
1.26035	146.46
1.26035	146.867
1.26035	151.126
1.26054	150.223
1.26054	146.502
1.26054	146.909
1.26054	151.17
1.26083	150.286
1.26083	146.563
1.26083	146.97
1.26083	151.233
1.26127	150.375
1.26127	146.649
1.26127	147.056
1.26127	151.323
1.26144	150.407
1.26144	146.681
1.26144	147.088
1.26144	151.356
1.26168	150.451
1.26168	146.723
1.26168	147.13
1.26168	151.401
1.26171	150.454
1.26171	146.725
1.26171	147.133
1.26171	151.403
1.26174	150.461
1.26174	146.733
1.26174	147.14
1.26174	151.411
1.26179	150.47
1.26179	146.741
1.26179	147.149
1.26179	151.42
1.26187	150.483
1.26187	146.754
1.26187	147.161
1.26187	151.433
1.26199	150.502
1.26199	146.772
1.26199	147.179
1.26199	151.452
1.26216	150.529
1.26216	146.798
1.26216	147.205
1.26216	151.48
1.26243	150.567
1.26243	146.834
1.26243	147.242
1.26243	151.519
1.26282	150.624
1.26282	146.889
1.26282	147.296
1.26282	151.576
1.26341	150.693
1.26341	146.954
1.26341	147.361
1.26341	151.646
1.2643	150.763
1.2643	147.019
1.2643	147.426
1.2643	151.719
1.26564	150.835
1.26564	147.084
1.26564	147.492
1.26564	151.795
1.26567	150.835
1.26567	147.084
1.26567	147.491
1.26567	151.794
1.26571	150.839
1.26571	147.088
1.26571	147.495
1.26571	151.799
1.26578	150.843
1.26578	147.091
1.26578	147.498
1.26578	151.802
1.26589	150.848
1.26589	147.095
1.26589	147.503
1.26589	151.808
1.26605	150.854
1.26605	147.101
1.26605	147.508
1.26605	151.814
1.26628	150.86
1.26628	147.105
1.26628	147.513
1.26628	151.821
1.26664	150.862
1.26664	147.106
1.26664	147.513
1.26664	151.824
1.26717	150.863
1.26717	147.105
1.26717	147.512
1.26717	151.826
1.26798	150.84
1.26798	147.08
1.26798	147.486
1.26798	151.805
1.26918	150.785
1.26918	147.02
1.26918	147.425
1.26918	151.752
1.27098	150.657
1.27098	146.887
1.27098	147.291
1.27098	151.629
1.27368	150.37
1.27368	146.592
1.27368	146.995
1.27368	151.349
1.27469	150.255
1.27469	146.475
1.27469	146.878
1.27469	151.236
1.27621	150.05
1.27621	146.267
1.27621	146.67
1.27621	151.035
1.27678	149.972
1.27678	146.188
1.27678	146.591
1.27678	150.958
1.277	149.943
1.277	146.159
1.277	146.562
1.277	150.93
1.27732	149.899
1.27732	146.114
1.27732	146.517
1.27732	150.887
1.2778	149.837
1.2778	146.051
1.2778	146.454
1.2778	150.826
1.27798	149.813
1.27798	146.027
1.27798	146.43
1.27798	150.802
1.27825	149.777
1.27825	145.99
1.27825	146.393
1.27825	150.766
1.27866	149.719
1.27866	145.932
1.27866	146.334
1.27866	150.709
1.27927	149.626
1.27927	145.839
1.27927	146.242
1.27927	150.618
1.27932	149.617
1.27932	145.83
1.27932	146.232
1.27932	150.609
1.27941	149.605
1.27941	145.818
1.27941	146.22
1.27941	150.597
1.27954	149.585
1.27954	145.798
1.27954	146.2
1.27954	150.577
1.27973	149.556
1.27973	145.769
1.27973	146.171
1.27973	150.549
1.28002	149.515
1.28002	145.727
1.28002	146.129
1.28002	150.508
1.28045	149.455
1.28045	145.668
1.28045	146.069
1.28045	150.449
1.2811	149.342
1.2811	145.555
1.2811	145.956
1.2811	150.338
1.28208	149.185
1.28208	145.398
1.28208	145.8
1.28208	150.183
1.28354	148.945
1.28354	145.158
1.28354	145.56
1.28354	149.947
1.28573	148.585
1.28573	144.801
1.28573	145.201
1.28573	149.592
1.28656	148.454
1.28656	144.671
1.28656	145.071
1.28656	149.464
1.28779	148.225
1.28779	144.445
1.28779	144.844
1.28779	149.238
1.28964	147.922
1.28964	144.144
1.28964	144.542
1.28964	148.938
1.29242	147.533
1.29242	143.759
1.29242	144.154
1.29242	148.554
1.29268	147.497
1.29268	143.723
1.29268	144.119
1.29268	148.519
1.29307	147.446
1.29307	143.673
1.29307	144.068
1.29307	148.469
1.29365	147.373
1.29365	143.6
1.29365	143.995
1.29365	148.397
1.29453	147.262
1.29453	143.491
1.29453	143.885
1.29453	148.288
1.29486	147.214
1.29486	143.443
1.29486	143.838
1.29486	148.241
1.29536	147.139
1.29536	143.37
1.29536	143.764
1.29536	148.166
1.2961	147.029
1.2961	143.262
1.2961	143.655
1.2961	148.058
1.29721	146.895
1.29721	143.13
1.29721	143.523
1.29721	147.925
1.29888	146.715
1.29888	142.951
1.29888	143.342
1.29888	147.747
1.30138	146.508
1.30138	142.745
1.30138	143.133
1.30138	147.542
1.30232	146.437
1.30232	142.673
1.30232	143.061
1.30232	147.472
1.30267	146.408
1.30267	142.644
1.30267	143.032
1.30267	147.444
1.3028	146.397
1.3028	142.633
1.3028	143.021
1.3028	147.433
1.303	146.381
1.303	142.617
1.303	143.005
1.303	147.418
1.3033	146.359
1.3033	142.595
1.3033	142.983
1.3033	147.396
1.30374	146.323
1.30374	142.559
1.30374	142.947
1.30374	147.361
1.30441	146.276
1.30441	142.512
1.30441	142.899
1.30441	147.315
1.30541	146.22
1.30541	142.455
1.30541	142.842
1.30541	147.259
1.30692	146.129
1.30692	142.364
1.30692	142.75
1.30692	147.17
1.30917	146.049
1.30917	142.283
1.30917	142.667
1.30917	147.093
1.31255	146.003
1.31255	142.235
1.31255	142.617
1.31255	147.05
1.31382	145.997
1.31382	142.227
1.31382	142.609
1.31382	147.045
1.31572	145.976
1.31572	142.205
1.31572	142.587
1.31572	147.027
1.31857	146.003
1.31857	142.229
1.31857	142.609
1.31857	147.056
1.31964	146.017
1.31964	142.242
1.31964	142.622
1.31964	147.071
1.32005	146.023
1.32005	142.247
1.32005	142.627
1.32005	147.077
1.32065	146.029
1.32065	142.254
1.32065	142.633
1.32065	147.085
1.32087	146.032
1.32087	142.257
1.32087	142.636
1.32087	147.088
1.32121	146.037
1.32121	142.261
1.32121	142.64
1.32121	147.093
1.32172	146.044
1.32172	142.268
1.32172	142.647
1.32172	147.1
1.32248	146.057
1.32248	142.28
1.32248	142.659
1.32248	147.114
1.32362	146.078
1.32362	142.3
1.32362	142.679
1.32362	147.136
1.32373	146.079
1.32373	142.301
1.32373	142.679
1.32373	147.137
1.32389	146.083
1.32389	142.305
1.32389	142.684
1.32389	147.142
1.32413	146.089
1.32413	142.311
1.32413	142.689
1.32413	147.148
1.32422	146.091
1.32422	142.312
1.32422	142.69
1.32422	147.149
1.32436	146.094
1.32436	142.315
1.32436	142.693
1.32436	147.153
1.32441	146.094
1.32441	142.316
1.32441	142.694
1.32441	147.153
1.32449	146.096
1.32449	142.317
1.32449	142.695
1.32449	147.155
1.3246	146.099
1.3246	142.32
1.3246	142.698
1.3246	147.158
1.32477	146.103
1.32477	142.324
1.32477	142.702
1.32477	147.162
1.32503	146.109
1.32503	142.33
1.32503	142.708
1.32503	147.169
1.32513	146.111
1.32513	142.332
1.32513	142.71
1.32513	147.171
1.32527	146.115
1.32527	142.336
1.32527	142.713
1.32527	147.175
1.32532	146.116
1.32532	142.337
1.32532	142.714
1.32532	147.176
1.32534	146.115
1.32534	142.336
1.32534	142.714
1.32534	147.175
1.32538	146.115
1.32538	142.335
1.32538	142.713
1.32538	147.175
1.32542	146.116
1.32542	142.337
1.32542	142.714
1.32542	147.176
1.32549	146.118
1.32549	142.339
1.32549	142.717
1.32549	147.179
1.32559	146.123
1.32559	142.343
1.32559	142.721
1.32559	147.183
1.32575	146.127
1.32575	142.347
1.32575	142.725
1.32575	147.188
1.32598	146.134
1.32598	142.354
1.32598	142.731
1.32598	147.194
1.32607	146.136
1.32607	142.356
1.32607	142.733
1.32607	147.197
1.3262	146.14
1.3262	142.359
1.3262	142.737
1.3262	147.201
1.32639	146.145
1.32639	142.365
1.32639	142.742
1.32639	147.206
1.32669	146.154
1.32669	142.373
1.32669	142.751
1.32669	147.215
1.32713	146.167
1.32713	142.386
1.32713	142.763
1.32713	147.229
1.32779	146.187
1.32779	142.405
1.32779	142.782
1.32779	147.249
1.32878	146.218
1.32878	142.435
1.32878	142.812
1.32878	147.282
1.33026	146.258
1.33026	142.472
1.33026	142.85
1.33026	147.323
1.33082	146.266
1.33082	142.481
1.33082	142.858
1.33082	147.332
1.33103	146.27
1.33103	142.485
1.33103	142.863
1.33103	147.337
1.33134	146.278
1.33134	142.493
1.33134	142.87
1.33134	147.345
1.33181	146.288
1.33181	142.503
1.33181	142.881
1.33181	147.356
1.33252	146.305
1.33252	142.52
1.33252	142.898
1.33252	147.375
1.33358	146.334
1.33358	142.548
1.33358	142.927
1.33358	147.405
1.33516	146.386
1.33516	142.598
1.33516	142.977
1.33516	147.459
1.33754	146.463
1.33754	142.673
1.33754	143.052
1.33754	147.539
1.34111	146.579
1.34111	142.786
1.34111	143.165
1.34111	147.658
1.34647	146.789
1.34647	142.991
1.34647	143.372
1.34647	147.875
1.34847	146.877
1.34847	143.078
1.34847	143.459
1.34847	147.966
1.35149	147.062
1.35149	143.26
1.35149	143.642
1.35149	148.155
1.356	147.332
1.356	143.525
1.356	143.909
1.356	148.43
1.36278	147.605
1.36278	143.792
1.36278	144.177
1.36278	148.71
1.36528	147.674
1.36528	143.86
1.36528	144.245
1.36528	148.782
1.36622	147.702
1.36622	143.887
1.36622	144.273
1.36622	148.811
1.36657	147.713
1.36657	143.898
1.36657	144.284
1.36657	148.823
1.3671	147.731
1.3671	143.915
1.3671	144.301
1.3671	148.841
1.3673	147.737
1.3673	143.922
1.3673	144.307
1.3673	148.847
1.36759	147.747
1.36759	143.931
1.36759	144.316
1.36759	148.857
1.3677	147.75
1.3677	143.934
1.3677	144.32
1.3677	148.86
1.36787	147.755
1.36787	143.94
1.36787	144.325
1.36787	148.866
1.36812	147.765
1.36812	143.949
1.36812	144.334
1.36812	148.876
1.36821	147.768
1.36821	143.952
1.36821	144.337
1.36821	148.879
1.36836	147.772
1.36836	143.956
1.36836	144.342
1.36836	148.884
1.36857	147.78
1.36857	143.964
1.36857	144.35
1.36857	148.892
1.36888	147.792
1.36888	143.976
1.36888	144.361
1.36888	148.904
1.36936	147.809
1.36936	143.992
1.36936	144.378
1.36936	148.921
1.37007	147.835
1.37007	144.017
1.37007	144.403
1.37007	148.948
1.37114	147.875
1.37114	144.056
1.37114	144.443
1.37114	148.989
1.37274	147.935
1.37274	144.115
1.37274	144.501
1.37274	149.051
1.37515	148.029
1.37515	144.207
1.37515	144.594
1.37515	149.147
1.37876	148.172
1.37876	144.347
1.37876	144.735
1.37876	149.294
1.38417	148.429
1.38417	144.598
1.38417	144.988
1.38417	149.557
1.39229	148.932
1.39229	145.091
1.39229	145.487
1.39229	150.073
1.39479	149.074
1.39479	145.229
1.39479	145.627
1.39479	150.217
1.39854	149.251
1.39854	145.403
1.39854	145.803
1.39854	150.4
1.40416	149.517
1.40416	145.663
1.40416	146.065
1.40416	150.672
1.40627	149.62
1.40627	145.763
1.40627	146.166
1.40627	150.776
1.40706	149.659
1.40706	145.802
1.40706	146.205
1.40706	150.816
1.40736	149.673
1.40736	145.816
1.40736	146.219
1.40736	150.831
1.4078	149.695
1.4078	145.837
1.4078	146.241
1.4078	150.854
1.40785	149.695
1.40785	145.837
1.40785	146.241
1.40785	150.854
1.40788	149.695
1.40788	145.837
1.40788	146.241
1.40788	150.854
1.40789	149.695
1.40789	145.837
1.40789	146.241
1.40789	150.854
1.4079	149.696
1.4079	145.838
1.4079	146.242
1.4079	150.854
1.40792	149.697
1.40792	145.839
1.40792	146.242
1.40792	150.855
1.40793	149.697
1.40793	145.839
1.40793	146.243
1.40793	150.855
1.40793	149.697
1.40793	145.839
1.40793	146.243
1.40793	150.855
