4.2342887 0.82199377 -2.16184 -0.84599817 1.0317383
9.3269539 1.8359938 -3.8823237 -1.8559982 2.0317383
14.440123 2.8439939 -4.9176474 -2.8639982 3.0317383
19.161926 3.861994  -5.6904697 -3.8739982 4.0317383
23.449196 4.8619938 -7.1982646 -4.8819985 5.0317383
27.359735 5.8619938 -8.7337685 -5.8899984 1.012207
31.514887 6.8699942 -10.839   -6.9059982 2.012207
35.487328 7.8819942 -12.371606 -7.9079986 3.012207
38.844616 8.8919945 -14.392118 -8.9179983 4.012207
42.724503 9.9019938 -16.492523 -9.9239988 5.012207
36.996254 9.1599941 -12.629511 -9.0979986 1.0117188
32.172218 8.1499939 -8.8070259 -8.0919981 2.0117188
27.496832 7.1319942 -6.4174242 -7.0859985 3.0117188
23.045448 6.121994  -5.0565901 -6.0779982 4.0117188
18.607996 5.1139941 -4.4905343 -5.0719981 5.0117188
14.388918 4.161994  -3.2430224 -4.1039982 1.012207
9.65804   3.1479938 -2.0531292 -3.0939982 2.012207
5.1865544 2.1459937 -0.47102416 -2.0859983 3.012207
0.84392965 1.1259937 1.9328723 -1.0819981 4.012207
-3.7355611 0.10799373 1.1119727 -0.0699981 5.012207
-7.4629292 -0.82400632 4.1969895 0.89600194 1.012207
-11.556682 -1.8500063 7.1117353 1.904002 2.012207
-15.361891 -2.8600063 11.039241 2.910002 3.012207
-19.035919 -3.8620064 15.154674 3.9180021 4.012207
-22.73555 -4.8760066 18.981045 4.926002 5.012207
-25.374191 -5.8200064 22.234182 5.8920021 1.012207
-28.322536 -6.8480067 26.142351 6.900002 2.012207
-31.210314 -7.8480067 29.870178 7.9080024 3.012207
-34.391388 -8.8620071 33.407394 8.9140024 4.012207
-37.613541 -9.8700066 36.753235 9.9220028 5.012207
-32.72821 -9.1440067 30.764225 9.1100025 1.012207
-28.077587 -8.1360064 26.178425 8.1020021 2.012207
-23.483171 -7.1260066 21.933077 7.0940022 3.012207
-19.088043 -6.1140065 17.731693 6.0860023 4.012207
-14.877995 -5.1060066 13.531037 5.078002 5.012207
-11.026704 -4.1500063 9.6152143 4.1020021 1.012207
-6.9502745 -3.1420064 5.5053749 3.098002 2.012207
-2.9939733 -2.1300063 1.7337439 2.0900021 3.012207
0.67680693 -1.1200063 -1.4616185 1.080002 4.012207
4.4573817 -0.11000628 -3.3754959 0.074001901 5.012207
8.1683292 0.84599376 -4.9262557 -0.89599812 1.0117188
12.484655 1.8539938 -5.3524981 -1.9059982 2.0117188
16.826359 2.8679938 -6.8469963 -2.9119983 3.0117188
21.516163 3.8779938 -8.4462519 -3.9199982 4.0117188
26.820934 4.8879938 -10.058333 -4.9259982 5.0117188
31.659109 5.8499942 -11.489348 -5.8979983 1.012207
36.667419 6.8559942 -10.820521 -6.9079986 2.012207
40.432049 7.8679943 -14.572033 -7.9119983 3.012207
43.711918 8.8779945 -16.491699 -8.9199982 4.012207
46.368    9.8899946 -16.421955 -9.9279985 5.012207
39.646584 9.1639938 -12.80544 -9.1079988 1.0117188
33.715294 8.1519938 -8.9667168 -8.0999985 2.0117188
28.444578 7.135994  -6.629108 -7.0899982 3.0117188
23.728098 6.1279941 -5.1563973 -6.0819983 4.0117188
19.286644 5.1239939 -4.4377308 -5.0719981 5.0117188
15.302299 4.1639938 -3.3665202 -4.1059985 1.012207
11.430545 3.1579938 -2.2309878 -3.0979981 2.012207
7.743094  2.1419938 -0.67150086 -2.0879982 3.012207
4.249485  1.1339937 2.2873342 -1.0799981 4.012207
0.092405461 0.12599373 1.4983705 -0.075998105 5.012207
-3.6119418 -0.85600632 4.3801799 0.89200193 1.0117188
-7.8482561 -1.8620063 4.0741868 1.904002 2.0117188
-11.66641 -2.8740065 8.0805368 2.9120021 3.0117188
-15.402464 -3.8860064 11.590005 3.9180021 4.0117188
-19.040466 -4.8960066 15.577244 4.9240022 5.0117188
-22.787928 -5.9020066 19.819689 5.9300022 6.0117188
-26.317402 -6.8480067 23.701429 6.8920021 1.012207
-30.289452 -7.8580065 27.795662 7.9040022 2.012207
-34.321369 -8.8700066 31.84758 8.9120026 3.012207
-37.104851 -9.8820066 35.824142 9.920002 4.012207
-40.634888 -10.888007 39.55233 10.924003 5.012207
-43.711067 -11.900007 42.817356 11.930002 6.012207
-46.306145 -12.846007 45.327045 12.894003 1.012207
-49.998802 -13.860007 48.286007 13.906003 2.012207
-52.020546 -14.870007 50.734241 14.912003 3.012207
-54.782463 -15.882007 53.004421 15.920003 4.012207
-57.432976 -16.890007 55.131241 16.928003 5.012207
-59.924965 -17.902008 57.047363 17.932003 6.012207
-62.061558 -18.850008 58.429714 18.896004 1.0117188
-64.446289 -19.862007 60.079189 19.908003 2.0117188
-66.553391 -20.872007 61.122795 20.916002 3.0117188
-68.324242 -21.884007 61.722889 21.924004 4.0117188
-69.846642 -22.894007 61.803932 22.930002 5.0117188
-70.772797 -23.904007 59.997009 23.936003 6.0117188
-71.87368 -24.846008 60.381607 24.894003 1.012207
-72.995399 -25.860008 60.590797 25.908003 2.012207
-73.37986 -26.870008 61.213352 26.916002 3.012207
-74.521576 -27.882008 61.601936 27.924004 4.012207
-75.641312 -28.890007 62.310417 28.930004 5.012207
-76.914925 -29.902008 63.122826 29.934004 6.012207
-77.95414 -30.850008 63.243874 30.896004 1.0117188
-79.24279 -31.862007 63.960884 31.908003 2.0117188
-80.727562 -32.870007 64.463425 32.916004 3.0117188
-81.988258 -33.882008 64.88588 33.922005 4.0117188
-83.302719 -34.894009 65.371635 34.928005 5.0117188
-84.57811 -35.902008 65.343765 35.936005 6.0117188
-84.625206 -36.858009 61.50502 36.894005 1.0117188
-87.688232 -37.868008 61.236259 37.908005 2.0117188
-87.930878 -38.880009 62.402756 38.910004 3.0117188
-89.126938 -39.884007 63.401012 39.922005 4.0117188
-90.33548 -40.900009 64.150253 40.926003 5.0117188
-91.531242 -41.908009 64.875656 41.934006 6.0117188
-91.006973 -42.868008 64.945724 42.894005 1.0117188
-94.241653 -43.880009 65.816086 43.906006 2.0117188
-94.48896 -44.888008 66.517662 44.914005 3.0117188
-95.657326 -45.896008 66.841347 45.922005 4.0117188
-96.786133 -46.902008 67.184311 46.928005 5.0117188
-97.673523 -47.910007 67.727386 47.930004 6.0117188
-97.079483 -48.868008 66.784012 48.898003 1.012207
-100.27335 -49.874008 68.049965 49.906006 2.012207
-99.992088 -50.886009 69.005775 50.916004 3.012207
-44.439644 -51.93401 59.80928 51.988003 4.012207
-70.09816 -52.90601 63.633064 52.928005 5.012207
-74.621002 -53.91201 67.085999 53.936005 6.012207
-78.933449 -54.85601 67.910172 54.896004 1.0117188
-83.55146 -55.860008 69.562866 55.904003 2.0117188
-85.248955 -56.868008 70.508041 56.914005 3.0117188
-88.050186 -57.88401 71.029228 57.920006 4.0117188
-91.15081 -58.890011 71.576576 58.926006 5.0117188
-93.00354 -59.902008 72.090172 59.932003 6.0117188
-93.667763 -60.85601 71.239281 60.896004 1.0117188
-96.61869 -61.860008 72.344246 61.904003 2.0117188
-97.124977 -62.868008 72.895584 62.914005 3.0117188
-98.431274 -63.882008 73.247482 63.920006 4.0117188
-99.802437 -64.892006 73.541588 64.922005 5.0117188
-100.97353 -65.904007 73.936676 65.934006 6.0117188
-100.46281 -66.854012 73.224281 66.896004 1.0117188
-103.18598 -67.858009 74.667366 67.902008 2.0117188
-103.54003 -68.87001 75.734261 68.914001 3.0117188
-104.31304 -69.882011 76.645386 69.920006 4.0117188
-105.66036 -70.890007 77.409454 70.928009 5.0117188
-106.55923 -71.900009 77.505249 71.934006 6.0117188
-105.24188 -72.848007 77.353172 72.894005 1.0126953
-108.23624 -73.85601 78.857712 73.902008 2.0126953
-108.89243 -74.868011 79.894325 74.912003 3.0126953
-109.90641 -75.882011 80.631424 75.920006 4.0126953
-110.63898 -76.892014 80.08477 76.936005 5.0126953
-111.6949 -77.89801 81.229767 77.932007 6.0126953
-110.83382 -78.848007 80.617302 78.896004 1.0117188
-114.23209 -79.85601 82.494736 79.902008 2.0117188
-114.69378 -80.866013 83.340004 80.912003 3.0117188
-115.66634 -81.878014 83.884445 81.918007 4.0117188
-116.47283 -82.892014 83.637535 82.922005 5.0117188
-117.63723 -83.900009 84.511009 83.932007 6.0117188
-115.99914 -84.848007 83.64888 84.892006 1.0117188
-119.37158 -85.854012 85.114174 85.904007 2.0117188
-120.00286 -86.866013 84.743614 86.914009 3.0117188
-121.10456 -87.882011 85.26181 87.920006 4.0117188
-122.18067 -88.888008 85.287407 88.926003 5.0117188
-123.31156 -89.900009 84.900085 89.934006 6.0117188
-120.54046 -90.514008 82.373398 90.540009 1.012207
-122.59102 -91.114014 84.208359 91.140007 2.012207
-124.86204 -91.720009 84.71286 91.74601 3.012207
-124.39804 -92.330009 85.806801 92.350006 4.012207
-125.86158 -92.932014 85.971756 92.95401 5.012207
-126.16099 -93.53801 86.110741 93.560005 6.012207
-127.0947 -94.140007 86.821304 94.160004 7.012207
-127.56899 -94.838013 86.941223 94.768005 8.012207
-128.47557 -95.504013 86.986679 95.368004 9.012207
-129.19588 -96.100014 87.741684 95.970009 10.012207
-125.5928 -96.464012 84.792236 96.540009 1.012207
-128.18542 -97.068008 86.674049 97.140007 2.012207
-130.18942 -97.67601 87.971031 97.744003 3.012207
-129.71599 -98.298012 88.266701 98.350006 4.012207
-131.40573 -98.908012 88.996941 98.95401 5.012207
-131.60838 -99.518013 89.111679 99.558006 6.012207
-132.69179 -100.12401 89.663231 100.16201 7.012207
-133.25119 -100.73201 89.577904 100.76401 8.012207
-133.85466 -101.33801 88.568008 101.366 9.012207
-134.4989 -101.94201 89.364594 101.97001 10.012207
-131.44402 -102.46401 88.409035 102.536 1.012207
-134.0739 -103.06801 89.535004 103.13801 2.012207
-136.25475 -103.67801 90.223198 103.744 3.012207
-135.77907 -104.29201 90.744431 104.35001 4.012207
-137.15663 -104.90001 90.961052 104.952 5.012207
-137.40576 -105.51201 91.221939 105.55601 6.012207
-138.25717 -106.12001 91.260262 106.16201 7.012207
-138.80743 -106.72801 89.427643 106.77401 8.012207
-139.4008 -107.33601 90.145844 107.366  9.012207
-139.92465 -107.94201 90.850334 107.97001 10.012207
-136.37135 -108.46601 87.278542 108.534 1.012207
-139.22194 -109.08801 88.647346 109.14001 2.012207
-141.53815 -109.70001 85.186592 109.74801 3.012207
-141.85196 -110.30801 78.160126 110.35601 4.012207
-142.69466 -110.91801 78.959068 110.95601 5.012207
-142.95618 -111.52401 81.163239 111.56001 6.012207
-143.41473 -112.13201 83.166939 112.158 7.012207
-143.96143 -112.73801 84.39608 112.76401 8.012207
-144.53795 -113.34401 85.512489 113.366 9.012207
-145.12079 -113.94801 85.653229 113.97001 10.012207
-141.58841 -114.46401 85.162605 114.534 1.0117188
-144.32458 -115.07001 86.583168 115.13801 2.0117188
-146.10814 -115.68002 87.846794 115.74401 3.0117188
-145.99542 -116.29401 88.798447 116.35001 4.0117188
-147.06087 -116.90001 89.595436 116.95401 5.0117188
-147.42377 -117.51001 90.188736 117.55601 6.0117188
-148.03163 -118.12001 90.79847 118.16001 7.0117188
-148.00688 -118.72401 91.188652 118.76401 8.0117188
-148.73555 -119.33401 91.713425 119.366 9.0117188
-149.26903 -119.94001 92.112076 119.96801 10.011719
-137.02567 -119.51402 81.62458 119.46601 1.0117188
-133.77768 -118.90401 78.841087 118.86201 2.0117188
-130.54085 -118.29601 76.913239 118.25801 3.0117188
-127.34479 -117.68601 74.86721 117.65201 4.0117188
-124.21471 -117.07801 72.824455 117.048 5.0117188
-121.05567 -116.47001 70.778534 116.44401 6.0117188
-117.98254 -115.86601 68.780556 115.84201 7.0117188
-114.9389 -115.26001 66.746559 115.23801 8.0117188
-112.0373 -114.65601 64.79155 114.63601 9.0117188
-109.16222 -114.05001 62.831059 114.03201 10.011719
-106.29114 -113.44801 60.926571 113.43001 11.011719
-103.50211 -112.84401 59.034504 112.82801 12.011719
-100.70077 -112.23602 57.079014 112.22601 13.011719
-97.894356 -111.63801 55.216602 111.62601 14.011719
-95.14534 -111.03601 53.357677 111.02601 15.011719
-92.387299 -110.43401 51.505539 110.424 16.011719
-89.667305 -109.82601 49.71212 109.82201 17.011719
-87.009079 -109.23001 47.903774 109.21801 18.011719
-84.348167 -108.62801 46.024139 108.62201 19.011719
-81.699341 -108.02601 44.252655 108.02  20.011719
-79.11776 -107.42601 42.509022 107.42001 21.011719
-76.471832 -106.82401 40.771351 106.81601 22.011719
-73.929054 -106.22401 39.078037 106.21801 23.011719
-71.374451 -105.62401 37.372589 105.618 24.011719
-68.891251 -105.01801 35.626152 105.01601 25.011719
-66.52459 -104.42001 33.935856 104.41601 26.011719
-64.175079 -103.81801 32.277447 103.81601 27.011719
-61.928955 -103.21801 30.60626 103.216  28.011719
-59.761532 -102.61801 28.950857 102.62001 29.011719
-57.703251 -102.01801 27.336763 102.01601 30.011719
-55.713615 -101.41801 25.658787 101.41601 31.011719
-53.851608 -100.81601 24.086061 100.81601 32.011719
-51.997265 -100.21601 22.525187 100.216 33.011719
-50.18531 -99.616013 21.042912 99.614006 34.011719
-48.339127 -99.016014 19.568808 99.012009 35.011719
-46.533924 -98.416008 18.152836 98.414009 36.011719
-44.733227 -97.81601 17.000933 97.814003 37.011719
-42.524349 -97.216011 15.383429 97.214005 38.011719
-39.992008 -96.616013 14.415966 96.614006 39.011719
-37.434006 -96.016014 12.838175 96.014008 40.011719
-34.923904 -95.416008 11.474737 95.414009 41.011719
-32.386387 -94.814011 10.629383 94.814003 42.011719
-31.87244 -94.214012 9.1144133 94.214005 43.011719
-29.358522 -93.614014 8.2901239 93.612007 44.011719
-27.325499 -93.014008 7.100204 93.014008 45.011719
-25.392454 -92.414009 5.7692308 92.412003 46.011719
-23.179138 -91.81601 4.6454554 91.812004 47.011719
-21.291224 -91.214012 3.2990918 91.210007 48.011719
-19.208115 -90.614014 2.5464318 90.612007 49.011719
-17.280752 -90.014008 0.99130142 90.014008 50.011719
-15.443071 -89.414009 -0.35877642 89.414009 51.011719
-13.61097 -88.814011 -1.0834528 88.812004 52.011719
-11.668493 -88.214012 -2.6417496 88.214005 53.011719
-9.8458719 -87.612007 -4.018981 87.612007 54.011719
-8.0150681 -87.014008 -4.84829 87.012009 55.011719
-6.2787814 -86.414009 -6.2800531 86.414009 56.011719
-4.478024 -85.812012 -6.5449142 85.81601 57.011719
-2.8478787 -85.208008 -8.4691153 85.212006 58.011719
-1.270798 -84.612007 -9.7536888 84.614006 59.011719
0.19052748 -84.012009 -10.967017 84.012009 60.011719
1.876314  -83.41201 -10.355089 83.410004 61.011719
3.37954   -82.814011 -11.589578 82.814003 62.011719
5.0793853 -82.214012 -10.909016 82.212006 63.011719
6.7981358 -81.612007 -12.222211 81.612007 64.011719
8.3363848 -81.008011 -11.801405 81.022003 65.011719
10.1851   -80.41201 -12.627939 80.412003 66.011719
11.810469 -79.812012 -13.695904 79.810005 67.011719
13.443578 -79.214012 -13.072362 79.212006 68.011719
15.036883 -78.614014 -14.206295 78.612007 69.011719
16.384535 -78.012009 -15.170978 78.012009 70.011719
18.231876 -77.41201 -14.330646 77.412003 71.011719
19.734892 -76.812012 -15.398088 76.812004 72.011719
21.26638  -76.212013 -14.12738 76.212006 73.011719
22.768009 -75.612007 -15.501393 75.614006 74.011719
23.984026 -75.006012 -16.454981 75.014008 75.011719
25.471703 -74.414009 -16.134378 74.412003 76.011719
26.638039 -73.814011 -16.881519 73.812004 77.011719
28.070393 -73.212013 -16.63221 73.212006 78.011719
29.143534 -72.612007 -18.241886 72.614006 79.011719
30.393682 -72.014008 -17.598618 72.012009 80.011719
31.60675  -71.41201 -19.317144 71.414009 81.011719
32.475319 -70.812012 -20.879192 70.816002 82.011719
32.996872 -70.212013 -20.494873 70.212006 83.011719
34.104465 -69.612007 -22.026979 69.612007 84.011719
34.915718 -69.012009 -23.478027 69.014008 85.011719
36.325119 -68.41201 -22.627293 68.408005 86.011719
36.990765 -67.812012 -24.39348 67.812004 87.011719
38.044876 -67.210007 -25.836084 67.214005 88.011719
38.866138 -66.612007 -26.038633 66.612007 89.011719
39.868225 -66.012009 -27.543219 66.014008 90.011719
40.512413 -65.404007 -28.80831 65.414001 91.011719
41.492104 -64.812012 -29.949127 64.814003 92.011719
42.309639 -64.212006 -29.126751 64.212006 93.011719
43.083656 -63.612011 -30.627878 63.614006 94.011719
43.691029 -63.014008 -31.904938 63.014004 95.011719
44.201519 -62.41201 -32.332474 62.416004 96.011719
45.10585  -61.812008 -33.408421 61.810005 97.011719
45.668083 -61.212009 -34.559319 61.214005 98.011719
46.131523 -60.612011 -35.705257 60.612003 99.011719
46.894714 -60.012009 -34.816132 60.008003 100.01172
47.521782 -59.41201 -36.338116 59.416004 101.01172
47.827732 -58.812008 -37.590134 58.812004 102.01172
48.505226 -58.212009 -38.601803 58.214005 103.01172
49.054283 -57.612007 -38.893696 57.612003 104.01172
49.39959  -57.012009 -39.947666 57.012005 105.01172
49.652626 -56.41201 -40.947159 56.412006 106.01172
49.761768 -55.812008 -41.112041 55.812004 107.01172
50.226383 -55.212009 -42.161667 55.214005 108.01172
50.735897 -54.612007 -43.102703 54.614006 109.01172
51.062851 -54.012009 -43.161243 54.010006 110.01172
51.646454 -53.41201 -42.978996 53.412003 111.01172
52.048958 -52.812008 -44.361908 52.816006 112.01172
52.15041  -52.212009 -45.458485 52.212006 113.01172
52.634972 -51.612007 -45.519577 51.612003 114.01172
53.121006 -51.01001 -46.541313 51.014004 115.01172
53.495205 -50.41201 -47.389885 50.410004 116.01172
53.447311 -49.812008 -47.243744 49.812004 117.01172
54.067039 -49.212009 -48.292717 49.212006 118.01172
53.573326 -48.608009 -49.188221 48.612003 119.01172
54.632435 -48.008007 -49.79604 48.014004 120.01172
54.988403 -47.414009 -49.858212 47.414005 121.01172
55.116631 -46.812008 -50.604092 46.814003 122.01172
55.467751 -46.212009 -51.225662 46.212006 123.01172
55.414139 -45.618008 -51.203674 45.612003 124.01172
55.840679 -45.012009 -51.944462 45.014004 125.01172
56.160679 -44.41201 -52.543228 44.414005 126.01172
56.195271 -43.812008 -52.457657 43.812004 127.01172
56.546478 -43.214008 -51.464588 43.210003 128.01172
56.68948  -42.612007 -52.796814 42.612003 129.01172
56.19714  -42.012009 -53.507561 42.014004 130.01172
56.963505 -41.410007 -52.898411 41.418003 131.01172
57.254829 -40.812008 -53.889259 40.812004 132.01172
57.265308 -40.212009 -54.395527 40.212006 133.01172
57.581219 -39.612007 -54.815929 39.612003 134.01172
57.633617 -39.012009 -54.561958 39.010002 135.01172
57.589764 -38.412006 -55.100212 38.412003 136.01172
57.743416 -37.812008 -55.588886 37.812004 137.01172
58.166435 -37.210007 -55.315861 37.210003 138.01172
58.08205  -36.610008 -55.97036 36.612003 139.01172
58.434643 -36.012009 -56.425838 36.012005 140.01172
58.483875 -35.412006 -56.24963 35.410004 141.01172
58.31123  -34.812008 -56.797283 34.810005 142.01172
58.612686 -34.214008 -57.209637 34.212002 143.01172
58.826241 -33.612007 -57.202362 33.612003 144.01172
58.601795 -33.010006 -57.789349 33.014004 145.01172
59.087551 -32.412006 -56.863293 32.412003 146.01172
58.872635 -31.812008 -57.757935 31.814003 147.01172
59.521248 -31.212008 -58.289223 31.212004 148.01172
59.538902 -30.612007 -58.233402 30.614004 149.01172
59.725441 -30.012007 -58.799236 30.018003 150.01172
59.746113 -29.412008 -59.27507 29.412003 151.01172
59.690399 -28.814007 -59.203777 28.812004 152.01172
60.223454 -28.212008 -59.695534 28.212004 153.01172
59.757175 -27.612007 -59.599751 27.614004 154.01172
60.098892 -27.014008 -60.093803 27.012003 155.01172
60.305824 -26.410007 -60.597656 26.412003 156.01172
60.733109 -25.818008 -60.497013 25.812002 157.01172
60.823978 -25.212008 -60.978237 25.214003 158.01172
60.483612 -24.610008 -60.84573 24.612003 159.01172
61.145264 -24.012007 -61.459362 24.012003 160.01172
61.257702 -23.416008 -61.810429 23.412003 161.01172
61.274345 -22.812008 -61.932575 22.812002 162.01172
61.308353 -22.212008 -62.357719 22.212004 163.01172
61.386543 -21.612007 -61.129608 21.612003 164.01172
61.291443 -21.012007 -62.101089 21.008003 165.01172
61.310673 -20.410007 -62.719101 20.414003 166.01172
61.883633 -19.812008 -62.597393 19.812002 167.01172
61.80954  -19.210007 -63.189934 19.214003 168.01172
62.578487 -18.612007 -63.606735 18.614002 169.01172
62.701374 -18.012007 -63.472179 18.012003 170.01172
62.792744 -17.414007 -63.906097 17.412003 171.01172
62.806877 -16.812008 -63.840046 16.814003 172.01172
63.100975 -16.212008 -64.094498 16.214003 173.01172
63.373249 -15.612007 -64.492943 15.612002 174.01172
63.788795 -15.012007 -64.51133 15.014003 175.01172
64.040359 -14.412007 -64.866463 14.414002 176.01172
64.313377 -13.812007 -64.871048 13.812002 177.01172
64.501427 -13.212007 -65.304611 13.212003 178.01172
64.638458 -12.612007 -65.225571 12.610003 179.01172
64.932747 -12.012007 -65.755386 12.014003 180.01172
65.0793   -11.410007 -65.925804 11.412003 181.01172
65.348709 -10.812007 -66.62854 10.814002 182.01172
65.561142 -10.212007 -66.710587 10.212003 183.01172
65.807976 -9.6120071 -67.242447 9.6080027 184.01172
65.966179 -9.0120068 -65.624184 9.0100021 185.01172
66.272858 -8.4140062 -67.452568 8.4120026 186.01172
66.307915 -7.8120065 -68.207321 7.814002 187.01172
66.965271 -7.2120066 -68.227226 7.2100024 188.01172
67.192177 -6.6120067 -68.963097 6.6120024 189.01172
67.197388 -6.0160065 -69.183266 6.0140023 190.01172
67.368935 -5.4120064 -69.686417 5.4120021 191.01172
67.482025 -4.8120065 -70.185127 4.8160019 192.01172
67.973305 -4.2120066 -70.661186 4.2120023 193.01172
68.065399 -3.6100063 -70.662697 3.6120021 194.01172
68.310646 -3.0120065 -71.558678 3.008002 195.01172
68.627174 -2.4120064 -71.589546 2.420002 196.01172
68.784737 -1.8120064 -71.772362 1.8120019 197.01172
69.260628 -1.2140063 -71.926453 1.2120019 198.01172
69.454353 -0.61200631 -71.33326 0.61000192 199.01172
69.665878 -0.012006275 -71.662918 0.012001901 200.01172
