5.7318454 1.2760006 1.034668
11.48477  2.7460008 2.034668
16.97176  4.2120008 3.034668
22.136103 5.7020011 1.0107422
27.191345 7.1680012 2.0107422
31.962788 8.6360006 3.0107422
24.605038 7.434001  1.0107422
18.743956 5.9620008 2.0107422
13.081968 4.5020008 3.0107422
7.6539187 3.0480008 1.0107422
2.2289391 1.5820007 2.0107422
-3.001193 0.11600062 3.0107422
-7.8514099 -1.3139994 1.0102539
-12.572877 -2.7839994 2.0102539
-17.692863 -4.2539997 3.0102539
-22.641172 -5.6799998 1.0097656
-27.832159 -7.1479998 2.0097656
-32.83292 -8.6119995 3.0097656
-25.561359 -7.4219999 1.0107422
-20.040739 -5.9519997 2.0107422
-14.545959 -4.4819994 3.0107422
-9.4413652 -3.0379996 1.0107422
-4.6322737 -1.5719994 2.0107422
0.18995036 -0.1079994 3.0107422
5.1124949 1.3240007 1.0107422
10.357851 2.7920008 2.0107422
15.604872 4.2600007 3.0107422
20.856565 5.7000008 1.0102539
26.172335 7.1680012 2.0102539
31.552984 8.6360006 3.0102539
24.511831 7.4360008 1.0112305
18.761986 5.9580007 2.0112305
13.139672 4.4900007 3.0112305
7.8950782 3.0520008 1.0107422
2.5635118 1.5820007 2.0107422
-2.5611284 0.11400061 3.0107422
-7.2697854 -1.3099995 1.0102539
-11.845448 -2.7759995 2.0102539
-16.756708 -4.2439995 3.0102539
-21.777611 -5.6899996 1.0112305
-27.12043 -7.1579995 2.0112305
-32.421715 -8.6259995 3.0112305
-25.300865 -7.4239998 1.0102539
-19.81629 -5.9539995 2.0102539
-14.394374 -4.4859996 3.0102539
-9.372716 -3.0419996 1.0097656
-4.8188081 -1.5719994 2.0097656
-0.021546286 -0.1079994 3.0097656
4.8938785 1.3280007 1.0097656
10.103482 2.7940006 2.0097656
15.321363 4.2600007 3.0097656
20.527285 5.6980009 1.0102539
25.861448 7.1660008 2.0102539
31.327291 8.6340008 3.0102539
24.412756 7.4360008 1.0097656
18.668095 5.9640007 2.0097656
13.065684 4.4960008 3.0097656
7.78476   3.0540009 1.0102539
2.542321  1.5840007 2.0102539
-2.5219955 0.11600062 3.0102539
-7.1614037 -1.3099995 1.0097656
-11.629586 -2.7799995 2.0097656
-16.506287 -4.2459998 3.0097656
-21.498453 -5.6899996 1.0107422
-26.809553 -7.152   2.0107422
-32.188122 -8.6199999 3.0107422
-25.222645 -7.4359999 1.0102539
-19.74831 -5.9619999 2.0102539
-14.338282 -4.4939995 3.0102539
-9.3350277 -3.0419996 1.0102539
-4.9097776 -1.5739995 2.0102539
-0.14883532 -0.1099994 3.0102539
-7.6813879 -1.7499995 1.0112305
-13.935557 -3.7119997 2.0112305
-20.893896 -5.6719995 3.0112305
-27.988529 -7.5879998 1.0107422
-35.318657 -9.5459995 2.0107422
-41.912571 -11.504  3.0107422
-32.567455 -9.8940001 1.0107422
-25.067879 -7.9359999 2.0107422
-17.879236 -5.9859996 3.0107422
-11.213584 -4.0539994 1.0107422
-5.4571013 -2.0959995 2.0107422
0.69981134 -0.1379994 3.0107422
7.2184229 1.7720007 1.0102539
14.080965 3.7300007 2.0102539
21.050148 5.6860008 3.0102539
27.886013 7.5940008 1.0107422
34.819378 9.552001  2.0107422
40.953041 11.504002 3.0107422
31.379383 9.8980007 1.0107422
23.733301 7.9420009 2.0107422
16.522917 5.9880009 3.0107422
9.6103172 4.0580006 1.0107422
2.8115685 2.0980008 2.0107422
-3.6088696 0.14000061 3.0107422
-9.3613052 -1.7519995 1.0107422
-15.381083 -3.7139995 2.0107422
-21.817451 -5.6739998 3.0107422
-28.38925 -7.5959997 1.0107422
-35.243919 -9.5459995 2.0107422
-42.112339 -11.5    3.0107422
-33.060917 -9.8959999 1.0107422
-25.685091 -7.9379997 2.0107422
-18.530909 -5.9819999 3.0107422
-11.866914 -4.0459995 1.0107422
-6.1865926 -2.0899994 2.0107422
-0.29201531 -0.1359994 3.0107422
6.0428696 1.7820007 1.0102539
12.725282 3.7420008 2.0102539
19.525633 5.6920009 3.0102539
26.113781 7.6100011 1.0112305
33.099934 9.5620012 2.0112305
39.926651 11.516001 3.0112305
31.129427 9.9060011 1.0107422
23.54937  7.9480009 2.0107422
16.390339 5.9900007 3.0107422
9.5205421 4.0660009 1.0102539
2.7626824 2.1020007 2.0102539
-3.6196077 0.14600061 3.0102539
-9.3497152 -1.7679995 1.0102539
-15.259992 -3.7239995 2.0102539
-21.624086 -5.6799998 3.0102539
-28.079845 -7.5839996 1.0102539
-34.901871 -9.5419998 2.0102539
-41.882717 -11.498  3.0102539
-32.997223 -9.9040003 1.0102539
-25.685066 -7.948   2.0102539
-18.58865 -5.9899998 3.0102539
-12.027563 -4.0519996 1.0107422
-6.4193172 -2.0959995 2.0107422
-0.57812965 -0.14199939 3.0107422
5.6382818 1.7640007 1.0112305
12.351139 3.7260008 2.0112305
19.121006 5.690001  3.0112305
25.667282 7.598001  1.0107422
32.629898 9.552001  2.0107422
39.582657 11.508001 3.0107422
30.848915 9.9020014 1.0107422
23.347021 7.9460011 2.0107422
16.221207 5.9920011 3.0107422
9.4057064 4.0680008 1.0102539
2.7016022 2.1120007 2.0102539
-3.6276956 0.15200062 3.0102539
-9.2740307 -1.7619995 1.0107422
-15.180229 -3.7259996 2.0107422
-21.534166 -5.6819997 3.0107422
-27.926294 -7.5919995 1.0107422
-34.732014 -9.552   2.0107422
-41.750889 -11.5    3.0107422
-48.22105 -13.424   1.0097656
-54.144897 -15.38   2.0097656
-59.526775 -17.342001 3.0097656
-49.110844 -15.73   1.0107422
-41.665565 -13.77   2.0107422
-34.360752 -11.812  3.0107422
-27.532339 -9.8879995 1.0107422
-20.770683 -7.9239998 2.0107422
-14.401968 -5.9799995 3.0107422
-8.912509 -4.0599995 1.0102539
-3.6482592 -2.0979996 2.0102539
2.1794534 -0.1439994 3.0102539
8.327673  1.7700007 1.0107422
14.767814 3.7300007 2.0107422
21.366615 5.684001  3.0107422
27.835413 7.6000009 1.0102539
34.449425 9.5600014 2.0102539
41.168335 11.512001 3.0102539
46.022274 13.432001 1.0102539
48.189564 15.390001 2.0102539
49.487877 17.348001 3.0102539
39.085056 15.732001 1.0107422
31.481974 13.776001 2.0107422
24.23612  11.814001 3.0107422
17.400421 9.8780012 1.0107422
10.698734 7.9260011 2.0107422
4.2412105 5.9700007 3.0107422
-1.6569006 4.0680008 1.0107422
-7.411025 2.1060007 2.0107422
-12.957973 0.14800061 3.0107422
-18.759871 -1.7719995 1.0102539
-24.770205 -3.7259996 2.0102539
-30.903692 -5.6879997 3.0102539
-36.895275 -7.5899997 1.0097656
-43.091763 -9.5459995 2.0097656
-49.194714 -11.496  3.0097656
-54.502094 -13.41   1.0097656
-59.417564 -15.374001 2.0097656
-63.282532 -17.328001 3.0097656
-52.93317 -15.722   1.0107422
-45.362408 -13.762  2.0107422
-38.166298 -11.804  3.0107422
-31.309315 -9.882   1.0107422
-24.588511 -7.9259996 2.0107422
-18.245596 -5.9719996 3.0107422
-12.428732 -4.0479994 1.0102539
-7.1903143 -2.0859995 2.0102539
-1.9647377 -0.1359994 3.0102539
3.5411806 1.7680007 1.0107422
9.7440844 3.7280009 2.0107422
16.016335 5.684001  3.0107422
21.999743 7.5880008 1.0097656
27.987337 9.5480013 2.0097656
33.16721  11.502001 3.0097656
37.728691 13.422001 1.0102539
42.783077 15.380001 2.0102539
47.756008 17.338001 3.0102539
37.246029 15.714002 1.0107422
29.711054 13.758001 2.0107422
22.547968 11.798001 3.0107422
15.830867 9.8800011 1.0107422
9.2940359 7.9280009 2.0107422
2.9398446 5.9720011 3.0107422
-2.8664832 4.046001 1.0107422
-8.3418884 2.0880008 2.0107422
-13.835004 0.13200061 3.0107422
-19.532314 -1.7779995 1.0107422
-25.436514 -3.7339995 2.0107422
-31.280754 -5.6939998 3.0107422
-36.947956 -7.5899997 1.0102539
-42.610439 -9.5439997 2.0102539
-47.827141 -11.504  3.0102539
-52.124699 -13.42   1.0107422
-57.014023 -15.374001 2.0107422
-61.972351 -17.334  3.0107422
-52.227867 -15.73   1.0102539
-44.682396 -13.77   2.0102539
-37.56435 -11.812   3.0102539
-30.764317 -9.8859997 1.0102539
-24.150347 -7.928   2.0102539
-17.939133 -5.9779997 3.0102539
-12.319779 -4.0619998 1.0107422
-7.1196175 -2.1019995 2.0107422
-1.9393661 -0.1439994 3.0107422
3.6639411 1.7780007 1.0107422
9.8107586 3.7320008 2.0107422
15.946157 5.6880007 3.0107422
21.751165 7.598001  1.0107422
27.399303 9.552001  2.0107422
31.874832 11.508001 3.0107422
35.881077 13.432001 1.0112305
40.562939 15.388001 2.0112305
45.814281 17.346001 3.0112305
36.222622 15.730001 1.0107422
28.818811 13.770001 2.0107422
21.677652 11.812001 3.0107422
14.951819 9.8820009 1.0107422
8.467598  7.9280009 2.0107422
2.1872706 5.9740009 3.0107422
-3.4080913 4.0700006 1.0107422
-8.8669453 2.1100006 2.0107422
-14.360347 0.15000062 3.0107422
-21.684656 -2.3519995 1.0102539
-29.355553 -4.9639997 2.0102539
-36.771751 -7.5719995 3.0102539
-43.172916 -10.125999 1.0102539
-49.180035 -12.736  2.0102539
-55.651878 -15.336  3.0102539
-61.908405 -17.884001 1.0112305
-66.370537 -20.498001 2.0112305
-67.388176 -23.106001 3.0112305
-53.961758 -20.952  1.0107422
-44.227924 -18.342001 2.0107422
-35.035809 -15.728  3.0107422
-26.553658 -13.166  1.0107422
-18.43539 -10.559999 2.0107422
-11.119578 -7.9579997 3.0107422
-4.528738 -5.4039998 1.0107422
2.9527199 -2.7939994 2.0107422
11.020001 -0.18599939 3.0107422
18.825319 2.3840008 1.0107422
26.03437  4.986001  2.0107422
31.184252 7.5960011 3.0107422
33.348881 8.9640007 1.0107422
35.211685 10.266001 2.0107422
37.399815 11.570002 3.0107422
39.964256 12.870001 4.0107422
42.983559 14.168001 5.0107422
46.041637 15.468001 6.0107422
47.564758 16.718002 1.0102539
48.558651 18.020002 2.0102539
49.953049 19.324001 3.0102539
50.712303 20.630001 4.0102539
51.480927 21.932001 5.0102539
52.514156 23.234001 6.0102539
44.757854 22.134001 1.0107422
39.545753 20.830002 2.0107422
34.591724 19.520002 3.0107422
29.846741 18.220001 4.0107422
25.15999  16.914001 5.0107422
20.686258 15.612001 6.0107422
16.442217 14.342001 1.0102539
12.11867  13.038001 2.0102539
7.9870124 11.738001 3.0102539
3.8464754 10.430001 4.0102539
-0.0523456 9.1340008 5.0102539
-3.7519729 7.8380008 6.0102539
-7.2029099 6.578001 1.0107422
-10.719895 5.2720008 2.0107422
-14.24834 3.9700007 3.0107422
-17.842031 2.6660008 4.0107422
-21.439829 1.3680006 5.0107422
-24.921513 0.066000611 6.0107422
-27.9331  -1.1839994 1.0097656
-31.219713 -2.4859996 2.0097656
-34.331207 -3.7859995 3.0097656
-37.239254 -5.0959997 4.0097656
-39.825279 -6.3919997 5.0097656
-42.32238 -7.698    6.0097656
-44.454254 -8.9639997 1.0107422
-46.614529 -10.266  2.0107422
-48.494068 -11.57   3.0107422
-50.302799 -12.868  4.0107422
-52.046703 -14.176  5.0107422
-53.677883 -15.466001 6.0107422
-55.212379 -16.722  1.0102539
-57.134823 -18.030001 2.0102539
-59.040707 -19.33   3.0102539
-61.021263 -20.638  4.0102539
-63.216988 -21.932001 5.0102539
-64.885704 -23.236  6.0102539
-57.503429 -22.144001 1.0107422
-51.507359 -20.834  2.0107422
-46.715969 -19.530001 3.0107422
-41.966248 -18.224001 4.0107422
-37.446224 -16.92   5.0107422
-32.945908 -15.606  6.0107422
-28.806438 -14.344  1.0102539
-24.582911 -13.038  2.0102539
-20.606201 -11.74   3.0102539
-16.7784  -10.436   4.0102539
-13.123041 -9.1379995 5.0102539
-9.7008772 -7.8339996 6.0102539
-6.5111318 -6.5739999 1.0112305
-3.0745175 -5.2739997 2.0112305
0.64403033 -3.9719996 3.0112305
4.502984  -2.6659994 4.0112305
8.4800205 -1.3659995 5.0112305
12.308986 -0.063999392 6.0112305
15.824195 1.1900007 1.0107422
19.478495 2.4940007 2.0107422
22.668434 3.7960007 3.0107422
25.191893 5.1000009 4.0107422
27.346434 6.4020009 5.0107422
29.201324 7.7040009 6.0107422
30.740364 8.9460011 1.0107422
32.064335 10.256001 2.0107422
33.27887  11.552001 3.0107422
34.47271  12.856001 4.0107422
35.671066 14.158001 5.0107422
37.295082 15.458001 6.0107422
39.222607 16.720001 1.0107422
41.432819 18.026001 2.0107422
43.92955  19.326002 3.0107422
46.567402 20.628002 4.0107422
49.188911 21.934002 5.0107422
50.958237 23.232002 6.0107422
43.534889 22.138002 1.0107422
38.38509  20.832001 2.0107422
33.501331 19.524002 3.0107422
28.774025 18.220001 4.0107422
24.135143 16.918001 5.0107422
19.686028 15.616001 6.0107422
15.472829 14.346002 1.0107422
11.226313 13.044002 2.0107422
7.140399  11.738001 3.0107422
3.080816  10.440001 4.0107422
-0.72197288 9.1400013 5.0107422
-4.3141356 7.8380008 6.0107422
-7.6886353 6.5760007 1.0107422
-11.178175 5.2740006 2.0107422
-14.653304 3.9700007 3.0107422
-17.985241 2.6660008 4.0107422
-21.059776 1.3660007 5.0107422
-24.222654 0.064000614 6.0107422
-26.928289 -1.1939994 1.0107422
-29.891571 -2.4999995 2.0107422
-32.644463 -3.7979996 3.0107422
-35.169357 -5.1039996 4.0107422
-37.561176 -6.4039998 5.0107422
-39.647427 -7.7039995 6.0107422
-41.371429 -8.9619999 1.0102539
-43.458965 -10.262  2.0102539
-45.407394 -11.566  3.0102539
-47.33704 -12.866   4.0102539
-49.068127 -14.164001 5.0102539
-50.739231 -15.466001 6.0102539
-52.249882 -16.728001 1.0107422
-54.362915 -18.034  2.0107422
-56.43956 -19.334   3.0107422
-58.591671 -20.642  4.0107422
-60.963364 -21.938  5.0107422
-63.290752 -23.236  6.0107422
-55.977394 -22.138  1.0107422
-50.056774 -20.83   2.0107422
-45.266888 -19.524  3.0107422
-40.620945 -18.222  4.0107422
-36.117996 -16.916  5.0107422
-31.673668 -15.612  6.0107422
-27.594217 -14.338  1.0097656
-23.419044 -13.038  2.0097656
-19.512438 -11.738  3.0097656
-15.764236 -10.434  4.0097656
-12.192653 -9.1359997 5.0097656
-8.8580341 -7.836   6.0097656
-5.6963749 -6.5719995 1.0102539
-2.1610482 -5.2679996 2.0102539
1.5400462 -3.9659996 3.0102539
5.3749285 -2.6639996 4.0102539
9.2484617 -1.3639995 5.0102539
12.98441  -0.063999392 6.0102539
16.362419 1.1780007 1.0102539
19.56444  2.4820008 2.0102539
22.353977 3.7900007 3.0102539
24.519505 5.092001  4.0102539
26.391541 6.394001  5.0102539
27.940845 7.6980009 6.0102539
29.213558 8.960001  1.0102539
30.405008 10.260001 2.0102539
31.505646 11.562001 3.0102539
32.681324 12.864001 4.0102539
33.9734   14.166001 5.0102539
35.681015 15.464002 6.0102539
37.623901 16.718002 1.0107422
39.761341 18.022001 2.0107422
42.215145 19.328001 3.0107422
44.801285 20.626001 4.0107422
47.731857 21.934002 5.0107422
50.143524 23.234001 6.0107422
42.950512 22.140001 1.0102539
37.842155 20.834002 2.0102539
32.959801 19.532001 3.0102539
28.262953 18.224001 4.0102539
23.63036  16.918001 5.0102539
19.218737 15.618001 6.0102539
14.974885 14.342001 1.0102539
10.787292 13.040001 2.0102539
6.7300944 11.742002 3.0102539
2.7091711 10.438001 4.0102539
-1.0573813 9.1380014 5.0102539
-4.6214337 7.8400011 6.0102539
-7.8521309 6.5700011 1.0102539
-11.258029 5.2680011 2.0102539
-14.636615 3.9680009 3.0102539
-17.801702 2.6620007 4.0102539
-20.870348 1.3620007 5.0102539
-23.808323 0.064000614 6.0102539
-27.827652 -1.7719995 1.0107422
-31.880611 -3.7259996 2.0107422
-35.351791 -5.6819997 3.0107422
-38.484402 -7.6419997 4.0107422
-41.426014 -9.592   5.0107422
-44.252052 -11.54   6.0107422
-46.916222 -13.434  1.0107422
-49.524593 -15.394  2.0107422
-52.155098 -17.344  3.0107422
-55.142193 -19.296  4.0107422
-58.407387 -21.25   5.0107422
-62.03233 -23.198   6.0107422
-62.718082 -24.202  1.0107422
-63.824852 -25.174  2.0107422
-64.50985 -26.152   3.0107422
-65.626503 -27.132  4.0107422
-66.516258 -28.104  5.0107422
-67.560112 -29.082001 6.0107422
-68.477173 -30.024  1.0097656
-69.654968 -31      2.0097656
-70.520103 -31.974001 3.0097656
-71.498405 -32.950001 4.0097656
-72.771194 -33.93   5.0097656
-73.89328 -34.900002 6.0097656
-63.646027 -33.204002 1.0097656
-55.983585 -31.244001 2.0097656
-48.963078 -29.288  3.0097656
-42.178997 -27.33   4.0097656
-35.718082 -25.374001 5.0097656
-29.430651 -23.422001 6.0097656
-23.66824 -21.526001 1.0107422
-18.01071 -19.573999 2.0107422
-12.724345 -17.616001 3.0107422
-7.7403836 -15.66   4.0107422
-2.7629297 -13.71   5.0107422
2.6804204 -11.758   6.0107422
8.1820564 -9.8559999 1.0112305
13.6915   -7.8999996 2.0112305
18.60854  -5.9459996 3.0112305
22.451672 -3.9939995 4.0112305
25.093637 -2.0419996 5.0112305
27.07869  -0.089999393 6.0112305
28.447172 1.7840006 1.0102539
29.872341 3.7380009 2.0102539
31.362658 5.6920009 3.0102539
32.689987 7.6460009 4.0102539
34.281849 9.5940008 5.0102539
36.257877 11.550001 6.0102539
38.735996 13.438002 1.0102539
42.003849 15.394001 2.0102539
45.219013 17.346001 3.0102539
48.391357 19.300001 4.0102539
50.760086 21.252001 5.0102539
53.093056 23.204002 6.0102539
54.175522 24.204002 1.0102539
55.636917 25.180002 2.0102539
56.839832 26.160002 3.0102539
57.957024 27.134003 4.0102539
58.962124 28.110003 5.0102539
59.959248 29.088001 6.0102539
60.677235 30.024002 1.0102539
61.814453 31.000002 2.0102539
62.58128  31.976002 3.0102539
63.355392 32.952003 4.0102539
64.11821  33.930004 5.0102539
64.95858  34.900002 6.0102539
54.068768 33.200001 1.0102539
46.35014  31.242002 2.0102539
39.307961 29.278002 3.0102539
32.540226 27.328001 4.0102539
25.981314 25.376001 5.0102539
19.70966  23.420002 6.0102539
13.842854 21.524002 1.0107422
8.0126028 19.564001 2.0107422
2.3815815 17.608002 3.0107422
-2.7658489 15.658001 4.0107422
-7.357996 13.708001 5.0107422
-11.76909 11.754002 6.0107422
-16.193787 9.8640013 1.0097656
-20.569986 7.9160008 2.0097656
-24.265123 5.960001 3.0097656
-27.766689 4.0040007 4.0097656
-30.943817 2.0500007 5.0097656
-33.61673 0.10400061 6.0097656
-36.038162 -1.7639995 1.0107422
-38.533905 -3.7219996 2.0107422
-40.833347 -5.6819997 3.0107422
-42.893265 -7.6379995 4.0107422
-44.69257 -9.5900002 5.0107422
-46.252975 -11.538  6.0107422
-47.637428 -13.432  1.0107422
-48.879124 -15.388  2.0107422
-50.019485 -17.344  3.0107422
-51.771297 -19.300001 4.0107422
-53.675964 -21.25   5.0107422
-55.780045 -23.198  6.0107422
-56.547176 -24.202  1.0107422
-57.708271 -25.18   2.0107422
-58.652733 -26.158001 3.0107422
-59.9879  -27.136002 4.0107422
-61.34029 -28.110001 5.0107422
-62.72377 -29.09    6.0107422
-63.952579 -30.016001 1.0107422
-65.461266 -30.998001 2.0107422
-66.957184 -31.972  3.0107422
-68.654518 -32.950001 4.0107422
-70.481285 -33.922001 5.0107422
-72.176926 -34.896  6.0107422
-61.524914 -33.192001 1.0102539
-54.284824 -31.234001 2.0102539
-47.312527 -29.276001 3.0102539
-40.639267 -27.318001 4.0102539
-34.238136 -25.368  5.0102539
-28.196972 -23.414  6.0102539
-22.601227 -21.518  1.0107422
-17.134527 -19.562  2.0107422
-12.030667 -17.606001 3.0107422
-7.154695 -15.652   4.0107422
-2.1977801 -13.702  5.0107422
2.9360831 -11.748   6.0107422
7.8807583 -9.8640003 1.0097656
12.613911 -7.908    2.0097656
16.711533 -5.9519997 3.0097656
19.576378 -3.9979997 4.0097656
21.702591 -2.0479994 5.0097656
23.28878  -0.097999394 6.0097656
24.457293 1.8020006 1.0102539
25.626184 3.7520008 2.0102539
27.005018 5.7080007 3.0102539
28.325556 7.6620011 4.0102539
29.639061 9.6120014 5.0102539
31.274612 11.562001 6.0102539
32.96257  13.446001 1.0107422
35.209003 15.400002 2.0107422
37.649246 17.354002 3.0107422
40.206383 19.306002 4.0107422
42.907459 21.256002 5.0107422
45.743366 23.208002 6.0107422
47.211456 24.214003 1.0102539
48.897446 25.190002 2.0102539
50.342506 26.168001 3.0102539
51.749523 27.144001 4.0102539
53.151997 28.120003 5.0102539
54.449047 29.094002 6.0102539
55.592655 30.038002 1.0107422
57.152142 31.012003 2.0107422
58.645172 31.986002 3.0107422
60.031498 32.962002 4.0107422
61.32946  33.934002 5.0107422
62.61261  34.908001 6.0107422
52.925476 33.200001 1.0107422
45.255344 31.244001 2.0107422
38.288597 29.284002 3.0107422
31.54649  27.326002 4.0107422
25.051844 25.372002 5.0107422
18.857439 23.420002 6.0107422
13.007037 21.508001 1.0107422
7.2746978 19.556002 2.0107422
1.7837778 17.602001 3.0107422
-2.9856958 15.648002 4.0107422
-7.4700112 13.696001 5.0107422
-11.873693 11.744001 6.0107422
-15.94955 9.8780012 1.0107422
-19.970943 7.9220009 2.0107422
-23.474226 5.966001 3.0107422
-26.80455 4.0080009 4.0107422
-29.615538 2.0560007 5.0107422
-32.124775 0.10600062 6.0107422
-34.362663 -1.7639995 1.0112305
-36.816628 -3.7199996 2.0112305
-39.021904 -5.6779995 3.0112305
-40.961308 -7.6359997 4.0112305
-42.599072 -9.5839996 5.0112305
-44.069725 -11.536  6.0112305
-44.025768 -12.54   1.0107422
-44.947025 -13.516  2.0107422
-45.39677 -14.494   3.0107422
-45.86821 -15.472   4.0107422
-46.525288 -16.452  5.0107422
-47.066353 -17.43   6.0107422
-47.763577 -18.372  1.0107422
-48.625572 -19.35   2.0107422
-49.574089 -20.323999 3.0107422
-50.549004 -21.298  4.0107422
-51.673931 -22.276001 5.0107422
-52.979839 -23.25   6.0107422
-53.819118 -24.194  1.0102539
-54.997375 -25.172001 2.0102539
-56.276909 -26.152  3.0102539
-57.293896 -27.130001 4.0102539
-58.647625 -28.102001 5.0102539
-60.100708 -29.08   6.0102539
-61.001198 -30.026001 1.0102539
-62.833828 -31.002001 2.0102539
-64.614014 -31.976002 3.0102539
-66.708801 -32.952  4.0102539
-68.662163 -33.926003 5.0102539
-70.521637 -34.902  6.0102539
-72.011673 -35.846001 1.0102539
-73.538795 -36.822002 2.0102539
-75.049805 -37.802002 3.0102539
-76.447639 -38.782001 4.0102539
-77.688354 -39.756001 5.0102539
-79.262215 -40.732002 6.0102539
-80.183258 -41.670002 1.0097656
-81.840904 -42.646  2.0097656
-83.35067 -43.622002 3.0097656
-84.803123 -44.596001 4.0097656
-86.2118  -45.572002 5.0097656
-87.567657 -46.546001 6.0097656
-76.543762 -44.844002 1.0112305
-69.083076 -42.888  2.0112305
-61.852974 -40.928001 3.0112305
-55.00943 -38.974003 4.0112305
-48.444248 -37.02   5.0112305
-42.105583 -35.066002 6.0112305
-36.259602 -33.174  1.0107422
-30.347771 -31.216002 2.0107422
-24.719225 -29.26   3.0107422
-19.447548 -27.304001 4.0107422
-14.437776 -25.356001 5.0107422
-9.7511721 -23.402  6.0107422
-5.5075274 -21.524  1.0102539
-0.81925368 -19.568001 2.0102539
3.903399  -17.612   3.0102539
8.6928625 -15.66    4.0102539
12.857272 -13.706   5.0102539
16.690027 -11.752   6.0102539
19.169926 -9.8579998 1.0107422
21.017023 -7.902    2.0107422
22.161615 -5.9479995 3.0107422
23.164824 -3.9939995 4.0107422
24.198164 -2.0419996 5.0107422
25.109831 -0.093999393 6.0107422
26.193935 1.7800007 1.0102539
27.185505 3.7360008 2.0102539
28.313051 5.6920009 3.0102539
29.647444 7.650001  4.0102539
30.996759 9.6020012 5.0102539
32.813969 11.550001 6.0102539
33.606754 12.546001 1.0102539
34.920113 13.524001 2.0102539
36.048668 14.502002 3.0102539
37.235176 15.478002 4.0102539
38.398876 16.454    5.0102539
39.516273 17.432001 6.0102539
40.304527 18.370001 1.0097656
41.651485 19.344002 2.0097656
42.818211 20.322002 3.0097656
43.983532 21.298002 4.0097656
45.210835 22.274002 5.0097656
46.442177 23.248001 6.0097656
47.293896 24.182001 1.0112305
48.719719 25.164001 2.0112305
49.931366 26.144001 3.0112305
51.096031 27.122002 4.0112305
52.315987 28.100002 5.0112305
53.539906 29.076002 6.0112305
54.502277 30.012003 1.0107422
55.987576 30.992002 2.0107422
57.6577   31.968002 3.0107422
59.18737  32.944004 4.0107422
60.500118 33.920002 5.0107422
61.240215 34.896004 6.0107422
62.044094 35.850002 1.0107422
63.411346 36.824001 2.0107422
64.403809 37.804001 3.0107422
65.294151 38.780003 4.0107422
66.136612 39.754002 5.0107422
67.01976  40.732002 6.0107422
67.194389 41.662003 1.0102539
68.639374 42.642002 2.0102539
69.623535 43.618004 3.0102539
70.494553 44.594002 4.0102539
70.484848 45.580002 5.0102539
72.060127 46.546001 6.0102539
61.643394 44.832005 1.0112305
53.982311 42.878002 2.0112305
46.767002 40.920002 3.0112305
40.072903 38.964001 4.0112305
33.57872  37.012001 5.0112305
27.377836 35.062004 6.0112305
21.606758 33.170002 1.0107422
15.678244 31.216002 2.0107422
10.122623 29.260002 3.0107422
4.7667713 27.306002 4.0107422
-0.092391126 25.356001 5.0107422
-4.4916606 23.404001 6.0107422
-8.4757862 21.508001 1.0102539
-12.766701 19.552002 2.0102539
-17.125832 17.598001 3.0102539
-21.119356 15.648002 4.0102539
-24.152903 13.696001 5.0102539
-26.953674 11.742002 6.0102539
-29.18424 9.8600006 1.0107422
-31.104797 7.9060011 2.0107422
-32.980209 5.9520011 3.0107422
-34.643909 4.000001 4.0107422
-36.194908 2.0480008 5.0107422
-37.351913 0.096000612 6.0107422
-38.12455 -1.7599995 1.0112305
-39.111179 -3.7219996 2.0112305
-39.725475 -5.6759996 3.0112305
-40.198757 -7.6299996 4.0112305
-40.714176 -9.5859995 5.0112305
-41.383484 -11.542  6.0112305
-41.421474 -12.556  1.0107422
-41.938896 -13.532  2.0107422
-42.552128 -14.51   3.0107422
-43.012119 -15.488  4.0107422
-43.531116 -16.460001 5.0107422
-44.101788 -17.434  6.0107422
-44.698757 -18.375999 1.0107422
-45.469151 -19.352001 2.0107422
-46.284088 -20.328001 3.0107422
-47.447166 -21.304001 4.0107422
-48.317429 -22.280001 5.0107422
-49.324051 -23.252001 6.0107422
-50.167175 -24.206001 1.0112305
-51.269535 -25.184  2.0112305
-52.227577 -26.16   3.0112305
-53.247482 -27.134001 4.0112305
-54.398361 -28.108  5.0112305
-55.506397 -29.084002 6.0112305
-56.085835 -30.028  1.0107422
-57.850204 -31.006001 2.0107422
-58.841335 -31.980001 3.0107422
-60.375126 -32.954002 4.0107422
-61.198952 -33.93   5.0107422
-62.224628 -34.903999 6.0107422
-63.315784 -35.84   1.0102539
-64.98941 -36.818001 2.0102539
-66.799561 -37.800003 3.0102539
-68.3927  -38.776001 4.0102539
-70.388298 -39.752003 5.0102539
-71.879501 -40.73   6.0102539
-74.032257 -41.674  1.0102539
-76.391388 -42.650002 2.0102539
-78.799675 -43.626003 3.0102539
-80.867683 -44.604  4.0102539
-82.947197 -45.578003 5.0102539
-85.018013 -46.550003 6.0102539
-74.370453 -44.84   1.0097656
-66.915192 -42.880001 2.0097656
-59.885288 -40.926003 3.0097656
-53.157047 -38.972  4.0097656
-46.702629 -37.018002 5.0097656
-40.474365 -35.066002 6.0097656
-34.667938 -33.158001 1.0107422
-28.995354 -31.206001 2.0107422
-23.551615 -29.252001 3.0107422
-18.523935 -27.296001 4.0107422
-13.718882 -25.346001 5.0107422
-9.2782326 -23.396  6.0107422
-5.2395239 -21.516001 1.0102539
-0.64971656 -19.562 2.0102539
3.7963986 -17.610001 3.0102539
7.9188657 -15.652   4.0102539
11.753798 -13.7     5.0102539
14.67315  -11.748   6.0102539
16.712217 -9.8579998 1.0107422
18.051125 -7.902    2.0107422
19.055622 -5.9479995 3.0107422
20.030624 -3.9939995 4.0107422
20.978441 -2.0439994 5.0107422
21.850729 -0.093999393 6.0107422
22.794401 1.7820007 1.0107422
23.912931 3.7380009 2.0107422
24.933691 5.6960011 3.0107422
26.120832 7.6480012 4.0107422
27.603317 9.6020012 5.0107422
29.141888 11.552001 6.0107422
29.607401 12.542001 1.0107422
30.711411 13.522001 2.0107422
31.647572 14.500001 3.0107422
32.656181 15.478002 4.0107422
33.59956  16.454    5.0107422
34.575203 17.432001 6.0107422
35.294868 18.374001 1.0102539
36.510738 19.350002 2.0102539
37.633911 20.326002 3.0102539
38.660793 21.300001 4.0102539
39.628796 22.276001 5.0102539
40.594395 23.250002 6.0102539
41.231693 24.188002 1.0102539
42.458641 25.168001 2.0102539
43.477982 26.148003 3.0102539
44.491589 27.126001 4.0102539
45.497749 28.102001 5.0102539
46.540558 29.080002 6.0102539
47.285965 30.016003 1.0102539
48.683418 30.990002 2.0102539
49.934597 31.968002 3.0102539
51.131851 32.944004 4.0102539
51.702248 33.920002 5.0102539
52.985474 34.894001 6.0102539
53.856842 35.834003 1.0102539
55.261124 36.816002 2.0102539
56.514492 37.794003 3.0102539
57.994125 38.772003 4.0102539
59.350727 39.748001 5.0102539
60.639332 40.726002 6.0102539
61.637981 41.672001 1.0107422
63.615128 42.650002 2.0107422
65.421913 43.626003 3.0107422
66.513329 44.600002 4.0107422
68.212791 45.576004 5.0107422
69.778961 46.552002 6.0107422
60.199314 44.848003 1.0102539
52.645412 42.894001 2.0102539
45.5345   40.936001 3.0102539
38.902752 38.984001 4.0102539
32.452873 37.024002 5.0102539
26.216772 35.070004 6.0102539
20.480152 33.158001 1.0102539
14.686686 31.204002 2.0102539
9.1804161 29.250002 3.0102539
3.9709804 27.296001 4.0102539
-0.62945944 25.344002 5.0102539
-4.9107041 23.398003 6.0102539
-8.7037935 21.518002 1.0102539
-12.892908 19.562002 2.0102539
-17.183491 17.606001 3.0102539
-20.925301 15.652001 4.0102539
-23.811396 13.702002 5.0102539
-26.534542 11.750001 6.0102539
-28.542952 9.8460007 1.0107422
-30.403709 7.8960009 2.0107422
-32.085285 5.9440007 3.0107422
-33.490414 3.9920008 4.0107422
-34.628857 2.0400007 5.0107422
-35.698219 0.090000615 6.0107422
-36.35743 -2.1039994 1.0102539
-36.991283 -4.4539995 2.0102539
-37.703876 -6.8059998 3.0102539
-38.556934 -9.1519995 4.0102539
-39.381317 -11.498  5.0102539
-40.303814 -13.84   6.0102539
-40.55262 -15.046   1.0107422
-41.360271 -16.226  2.0107422
-42.137226 -17.402  3.0107422
-42.967964 -18.572001 4.0107422
-43.572086 -19.743999 5.0107422
-44.846375 -20.912001 6.0107422
-46.17598 -22.048   1.0107422
-47.037766 -23.220001 2.0107422
-48.650272 -24.392  3.0107422
-49.644287 -25.566  4.0107422
-50.954235 -26.736  5.0107422
-52.154148 -27.904001 6.0107422
-53.377491 -29.022001 1.0097656
-54.593834 -30.196001 2.0097656
-55.946606 -31.370001 3.0097656
-57.49519 -32.544003 4.0097656
-58.915314 -33.714001 5.0097656
-60.027351 -34.889999 6.0097656
-61.35667 -36.006001 1.0102539
-63.294834 -37.182003 2.0102539
-65.120377 -38.356003 3.0102539
-67.520599 -39.528  4.0102539
-70.141426 -40.700001 5.0102539
-72.089355 -41.870003 6.0102539
-75.114998 -43.018002 1.0107422
-77.989166 -44.194  2.0107422
-80.78141 -45.362003 3.0107422
-83.497406 -46.536003 4.0107422
-85.906906 -47.700001 5.0107422
-87.775597 -48.870003 6.0107422
-89.686775 -50      1.0102539
-92.14003 -51.174004 2.0102539
-94.238762 -52.344002 3.0102539
-96.227882 -53.52   4.0102539
-98.086639 -54.688004 5.0102539
-99.881798 -55.858002 6.0102539
-101.27949 -56.994003 1.0102539
-103.34516 -58.166  2.0102539
-105.0308 -59.334003 3.0102539
-106.44326 -60.512001 4.0102539
-108.13325 -61.682003 5.0102539
-109.84315 -62.852001 6.0102539
-110.26605 -63.970001 1.0102539
-112.51402 -65.146004 2.0102539
-114.18593 -66.318001 3.0102539
-115.62265 -67.494003 4.0102539
-116.87035 -68.662003 5.0102539
-118.0239 -69.836006 6.0102539
-100.0545 -66.730003 1.0097656
-86.755768 -63.210003 2.0097656
-74.1101  -59.682003 3.0097656
-62.408787 -56.160004 4.0097656
-51.265583 -52.646004 5.0097656
-40.844891 -49.130001 6.0097656
-31.459051 -45.706001 1.0107422
-22.545206 -42.194  2.0107422
-14.66064 -38.670002 3.0107422
-7.3841796 -35.156002 4.0107422
-0.89598656 -31.640001 5.0107422
6.0537882 -28.126001 6.0107422
13.887571 -23.67    1.0107422
18.984465 -18.976   2.0107422
21.311705 -14.286   3.0107422
22.657454 -9.5959997 4.0107422
24.316008 -4.9119997 5.0107422
26.016449 -0.22999941 6.0107422
27.193743 2.1440008 1.0107422
28.316336 4.4900007 2.0107422
29.14673  6.8360009 3.0107422
30.582848 9.1820011 4.0107422
32.244778 11.526001 5.0107422
33.733448 13.864001 6.0107422
34.539146 15.082002 1.0102539
35.618729 16.254002 2.0102539
36.581409 17.424002 3.0102539
37.668125 18.590002 4.0102539
38.670727 19.760002 5.0102539
39.773972 20.928001 6.0102539
40.558762 22.048002 1.0097656
41.822163 23.220001 2.0097656
42.909409 24.392002 3.0097656
43.993488 25.566002 4.0097656
44.969963 26.734001 5.0097656
46.375488 27.904001 6.0097656
47.526112 29.042002 1.0102539
49.182758 30.216002 2.0102539
50.692574 31.386002 3.0102539
51.832058 32.558002 4.0102539
52.995323 33.728001 5.0102539
54.174973 34.898003 6.0102539
54.766426 36.022003 1.0102539
56.419762 37.196003 2.0102539
58.065243 38.368004 3.0102539
59.668221 39.540001 4.0102539
61.346642 40.712002 5.0102539
63.115406 41.882004 6.0102539
64.089035 42.996002 1.0102539
65.887939 44.176003 2.0102539
67.342911 45.346004 3.0102539
69.177559 46.520004 4.0102539
70.149391 47.692001 5.0102539
72.008377 48.868004 6.0102539
73.614891 50.004002 1.0107422
76.018776 51.172005 2.0107422
78.095619 52.348003 3.0107422
80.054451 53.520004 4.0107422
81.296066 54.692001 5.0107422
83.094582 55.860004 6.0107422
84.058235 56.992004 1.0102539
86.278046 58.166004 2.0102539
88.050537 59.340004 3.0102539
88.803337 60.510002 4.0102539
90.78611  61.682003 5.0102539
92.395164 62.852005 6.0102539
93.136124 63.984005 1.0107422
95.316391 65.160004 2.0107422
96.94606  66.332001 3.0107422
97.511162 67.5      4.0107422
99.352432 68.674004 5.0107422
100.62144 69.846001 6.0107422
83.411079 66.738007 1.0097656
70.027267 63.214005 2.0097656
57.704205 59.692005 3.0097656
46.313316 56.170002 4.0097656
35.514061 52.656002 5.0097656
25.352798 49.140003 6.0097656
16.108158 45.698002 1.0102539
7.2643108 42.186001 2.0102539
-0.54832429 38.670002 3.0102539
-7.1662679 35.154003 4.0102539
-13.481374 31.638002 5.0102539
-19.857519 28.132002 6.0102539
-25.872625 23.666002 1.0102539
-30.033472 18.972002 2.0102539
-32.689232 14.286001 3.0102539
-34.712498 9.5960007 4.0102539
-35.949535 4.9120007 5.0102539
-37.073383 0.23000062 6.0102539
-37.688831 -2.1499994 1.0107422
-38.507717 -4.4959998 2.0107422
-39.319218 -6.8419995 3.0107422
-39.986507 -9.184   4.0107422
-41.0243  -11.526   5.0107422
-42.100426 -13.868  6.0107422
-42.294823 -15.068  1.0107422
-42.842323 -16.24   2.0107422
-43.195492 -17.41   3.0107422
-43.995083 -18.58   4.0107422
-44.757694 -19.754  5.0107422
-45.6185  -20.92    6.0107422
-45.668682 -22.046  1.0102539
-46.700092 -23.218  2.0102539
-47.552765 -24.392  3.0102539
-48.553879 -25.562  4.0102539
-49.5075  -26.732   5.0102539
-50.483105 -27.904001 6.0102539
-50.993259 -29.030001 1.0102539
-52.079002 -30.204  2.0102539
-53.156952 -31.376001 3.0102539
-53.803532 -32.538002 4.0102539
-54.826447 -33.720001 5.0102539
-55.888214 -34.892002 6.0102539
-56.847713 -36.016003 1.0107422
-58.112534 -37.192001 2.0107422
-59.357727 -38.364002 3.0107422
-60.65419 -39.534   4.0107422
-61.963348 -40.708  5.0107422
-63.141537 -41.882  6.0107422
-64.484497 -43.014  1.0107422
-66.233963 -44.188  2.0107422
-68.301903 -45.364002 3.0107422
-70.039337 -46.532001 4.0107422
-72.216476 -47.702003 5.0107422
-73.406326 -48.872002 6.0107422
-75.59404 -50.004002 1.0097656
-78.219757 -51.178001 2.0097656
-80.774467 -52.348003 3.0097656
-83.160919 -53.52   4.0097656
-85.734543 -54.692001 5.0097656
-87.360771 -55.862003 6.0097656
-89.283928 -56.998001 1.0102539
-92.183983 -58.168003 2.0102539
-94.948463 -59.336002 3.0102539
-97.499123 -60.510002 4.0102539
-99.336258 -61.684002 5.0102539
-101.9018 -62.848003 6.0102539
-103.93197 -63.984001 1.0102539
-106.56015 -65.158005 2.0102539
-108.8243 -66.330002 3.0102539
-111.12344 -67.501999 4.0102539
-113.38922 -68.672005 5.0102539
-114.76917 -69.844002 6.0102539
-98.356911 -66.732002 1.0097656
-85.220299 -63.210003 2.0097656
-72.978905 -59.686001 3.0097656
-61.465088 -56.166  4.0097656
-50.550453 -52.650002 5.0097656
-40.509029 -49.134003 6.0097656
-31.405182 -45.694  1.0102539
-22.95767 -42.178001 2.0102539
-15.420555 -38.66   3.0102539
-8.5505466 -35.148003 4.0102539
-2.4160929 -31.634001 5.0102539
3.7629979 -28.124001 6.0102539
10.916621 -23.630001 1.0107422
15.222198 -18.940001 2.0107422
17.062487 -14.254   3.0107422
18.140028 -9.5699997 4.0107422
19.48333  -4.8859997 5.0107422
20.989044 -0.2099994 6.0107422
22.022554 2.1880007 1.0102539
23.132265 4.532001  2.0102539
24.146912 6.8720012 3.0102539
25.014004 9.2120008 4.0102539
26.199492 11.552001 5.0102539
27.511141 13.890001 6.0102539
28.158455 15.090001 1.0107422
29.03919  16.260002 2.0107422
29.894724 17.428001 3.0107422
30.682234 18.598001 4.0107422
31.049305 19.766001 5.0107422
31.985664 20.932001 6.0107422
32.681129 22.062002 1.0107422
33.873093 23.236002 2.0107422
34.856159 24.412003 3.0107422
35.877785 25.574001 4.0107422
36.995617 26.744001 5.0107422
37.902725 27.914001 6.0107422
38.52343  29.038002 1.0102539
39.700047 30.214003 2.0102539
40.737572 31.382002 3.0102539
41.781574 32.554001 4.0102539
42.41964  33.726002 5.0102539
43.572201 34.900002 6.0102539
44.36171  36.032001 1.0102539
45.666721 37.206001 2.0102539
46.878666 38.378002 3.0102539
48.097507 39.548004 4.0102539
49.34499  40.718002 5.0102539
50.399906 41.890003 6.0102539
51.11599  43.020004 1.0102539
52.882935 44.192001 2.0102539
54.206039 45.364002 3.0102539
54.922764 46.538002 4.0102539
56.577309 47.708004 5.0102539
58.651817 48.876003 6.0102539
59.776222 50.002003 1.0107422
61.973057 51.176003 2.0107422
64.134399 52.350002 3.0107422
66.407982 53.520004 4.0107422
68.117508 54.690002 5.0107422
70.552132 55.862003 6.0107422
72.436516 57.002003 1.0097656
75.328018 58.174004 2.0097656
77.908401 59.346004 3.0097656
79.764275 60.514004 4.0097656
82.448685 61.688004 5.0097656
85.020599 62.858002 6.0097656
87.170326 63.992004 1.0102539
89.96756  65.166    2.0102539
92.485809 66.336006 3.0102539
93.96563  67.508003 4.0102539
96.293831 68.678001 5.0102539
98.376892 69.850006 6.0102539
82.001701 66.736    1.0102539
68.672112 63.214005 2.0102539
56.443733 59.690002 3.0102539
45.19854  56.164001 4.0102539
34.535961 52.654003 5.0102539
24.490053 49.138004 6.0102539
15.429281 45.718002 1.0107422
6.8849416 42.196003 2.0107422
-0.63646311 38.680004 3.0107422
-7.1277795 35.168003 4.0107422
-13.242355 31.652002 5.0107422
-19.426054 28.140001 6.0107422
-24.852528 23.654001 1.0107422
-28.353506 18.964001 2.0107422
-30.583725 14.276001 3.0107422
-32.065083 9.5860014 4.0107422
-33.132687 4.9040008 5.0107422
-34.266403 0.22400062 6.0107422
-34.861641 -2.3659995 1.0107422
-36.041828 -4.9719996 2.0107422
-36.841568 -7.5819998 3.0107422
-37.747406 -10.188  4.0107422
-38.881134 -12.79   5.0107422
-39.870777 -15.398  6.0107422
-40.070007 -16.73   1.0102539
-40.724171 -18.032  2.0102539
-41.477146 -19.34   3.0102539
-42.315453 -20.638  4.0102539
-43.040676 -21.938  5.0102539
-43.877468 -23.24   6.0102539
-44.046112 -24.494001 1.0112305
-45.040188 -25.798  2.0112305
-46.192173 -27.1    3.0112305
-47.25769 -28.404001 4.0112305
-48.2869  -29.706001 5.0112305
-49.4175  -31.006001 6.0112305
-49.895645 -32.266003 1.0107422
-51.2728  -33.560001 2.0107422
-52.720196 -34.868  3.0107422
-53.551102 -36.167999 4.0107422
-54.868767 -37.470001 5.0107422
-56.400043 -38.774002 6.0107422
-57.25581 -40.026001 1.0107422
-59.012905 -41.328003 2.0107422
-60.63308 -42.630001 3.0107422
-61.433456 -43.934002 4.0107422
-63.788067 -45.238003 5.0107422
-65.888138 -46.540001 6.0107422
-70.161369 -48.938004 1.0107422
-75.191032 -51.550003 2.0107422
-79.929756 -54.158001 3.0107422
-85.682137 -56.766003 4.0107422
-90.618843 -59.372002 5.0107422
-96.640457 -61.970001 6.0107422
-99.370193 -63.326004 1.0102539
-102.43121 -64.630005 2.0102539
-105.45872 -65.931999 3.0102539
-107.73541 -67.234001 4.0102539
-110.57525 -68.534004 5.0102539
-113.28975 -69.836006 6.0102539
-114.96627 -71.076004 1.0107422
-117.75806 -72.380005 2.0107422
-119.7634 -73.686005 3.0107422
-121.66462 -74.990005 4.0107422
-123.0791 -76.294006 5.0107422
-124.86618 -77.594002 6.0107422
-125.88797 -78.850006 1.0107422
-128.17451 -80.154007 2.0107422
-129.91115 -81.458  3.0107422
-131.37943 -82.758003 4.0107422
-131.86006 -84.064003 5.0107422
-133.58095 -85.362007 6.0107422
-134.02922 -86.614006 1.0107422
-136.05478 -87.918007 2.0107422
-137.45543 -89.220001 3.0107422
-138.59238 -90.526001 4.0107422
-139.13359 -91.830002 5.0107422
-140.52107 -93.130005 6.0107422
-120.33205 -89.684006 1.0112305
-105.73366 -85.766006 2.0112305
-91.819435 -81.852005 3.0112305
-78.763565 -77.940002 4.0112305
-66.281982 -74.032005 5.0112305
-54.503014 -70.128006 6.0112305
-44.028545 -66.350006 1.0102539
-33.86393 -62.436001 2.0102539
-24.868511 -58.526001 3.0102539
-16.680214 -54.618004 4.0102539
-9.238204 -50.712002 5.0102539
-2.7717049 -46.808002 6.0102539
2.7232161 -43.038002 1.0102539
8.557621  -39.128002 2.0102539
13.28597  -35.214001 3.0102539
16.353289 -31.306002 4.0102539
17.999569 -27.402   5.0102539
19.081242 -23.498001 6.0102539
20.549471 -19.732   1.0107422
21.585764 -15.822001 2.0107422
23.176291 -11.91    3.0107422
24.478355 -8        4.0107422
26.286089 -4.0959997 5.0107422
27.541462 -0.1959994 6.0107422
28.547987 2.3640008 1.0102539
29.763227 4.9720011 2.0102539
30.552727 7.5800009 3.0102539
31.746813 10.188001 4.0102539
33.147781 12.792001 5.0102539
34.480797 15.392001 6.0102539
34.363438 16.730001 1.0107422
35.54245  18.036001 2.0107422
36.418037 19.338001 3.0107422
37.26046  20.644001 4.0107422
38.041878 21.942001 5.0107422
38.795681 23.242002 6.0107422
38.471241 24.502003 1.0097656
40.140945 25.804003 2.0097656
41.119595 27.106003 3.0097656
41.512794 28.410002 4.0097656
42.180592 29.710003 5.0097656
43.299938 31.012003 6.0097656
43.949409 32.256001 1.0102539
45.13345  33.560001 2.0102539
46.61377  34.862003 3.0102539
48.230396 36.162003 4.0102539
49.832203 37.464001 5.0102539
50.530991 38.768002 6.0102539
51.564793 40.020004 1.0107422
53.589119 41.322002 2.0107422
55.400234 42.630001 3.0107422
57.374435 43.932003 4.0107422
59.522175 45.236004 5.0107422
61.63834  46.534004 6.0107422
62.625931 47.784004 1.0102539
65.279533 49.086002 2.0102539
67.68309  50.394005 3.0102539
69.985008 51.696003 4.0102539
71.431854 53.002003 5.0102539
74.009941 54.300003 6.0102539
76.060127 55.564003 1.0102539
78.672264 56.864002 2.0102539
81.32515  58.170002 3.0102539
82.916122 59.474003 4.0102539
85.488907 60.768005 5.0102539
87.875153 62.070004 6.0102539
89.603867 63.314003 1.0107422
92.227921 64.620003 2.0107422
94.817993 65.922005 3.0107422
96.101166 67.228004 4.0107422
98.359497 68.530006 5.0107422
100.50755 69.834007 6.0107422
101.65382 71.088005 1.0102539
103.28036 72.392006 2.0102539
103.70465 73.698006 3.0102539
104.61177 75.000008 4.0102539
106.40594 76.300003 5.0102539
107.13851 77.604004 6.0102539
107.93382 78.874001 1.0107422
109.83379 80.170006 2.0107422
111.50544 81.470001 3.0107422
112.95396 82.772003 4.0107422
114.32833 84.072006 5.0107422
115.61089 85.370003 6.0107422
115.93615 86.628006 1.0107422
117.85275 87.934006 2.0107422
119.18398 89.236008 3.0107422
120.40732 90.538002 4.0107422
121.50592 91.840004 5.0107422
122.56893 93.140007 6.0107422
102.39397 89.680008 1.0097656
87.420319 85.764008 2.0097656
73.474297 81.852005 3.0097656
60.674835 77.940002 4.0097656
48.931976 74.034004 5.0097656
37.728985 70.126007 6.0097656
27.588095 66.332001 1.0107422
17.738653 62.418003 2.0107422
8.7098846 58.512005 3.0107422
0.68928945 54.606003 4.0107422
-6.0388184 50.700005 5.0107422
-11.977402 46.798004 6.0107422
-17.457525 42.994003 1.0112305
-22.808659 39.088001 2.0112305
-26.660913 35.184002 3.0112305
-29.639719 31.280003 4.0112305
-31.881832 27.376001 5.0112305
-33.811928 23.478003 6.0112305
-35.020531 19.712002 1.0097656
-36.435768 15.804002 2.0097656
-37.747833 11.898001 3.0097656
-38.842854 7.9920011 4.0097656
-40.083633 4.0860009 5.0097656
-41.102531 0.18600062 6.0097656
-41.752945 -2.3579996 1.0097656
-42.430988 -4.9679995 2.0097656
-43.181213 -7.5759997 3.0097656
-44.027248 -10.176  4.0097656
-44.805584 -12.786  5.0097656
-45.64785 -15.388   6.0097656
-45.988235 -16.728001 1.0107422
-46.85339 -18.030001 2.0107422
-47.328918 -19.332001 3.0107422
-48.056698 -20.636  4.0107422
-48.669079 -21.938  5.0107422
-49.523239 -23.238001 6.0107422
-49.979668 -24.484001 1.0107422
-50.570629 -25.788  2.0107422
-51.617641 -27.094  3.0107422
-52.449509 -28.398001 4.0107422
-53.126713 -29.702002 5.0107422
-53.913616 -31.002001 6.0107422
-52.958702 -31.1    1.0102539
-52.918201 -31.098001 2.0102539
-52.882164 -31.094002 3.0102539
-52.859638 -31.092001 4.0102539
-52.820038 -31.09   5.0102539
-54.035973 -31.992001 6.0102539
-55.150078 -33.294003 7.0102539
-56.095467 -34.598  8.0102539
-57.003555 -35.898003 9.0102539
-57.862415 -37.198002 10.010254
-58.197357 -38.496002 11.010254
-59.011044 -40.002003 1.0102539
-60.521656 -41.306  2.0102539
-61.80212 -42.612   3.0102539
-62.841759 -43.918003 4.0102539
-64.369667 -45.224003 5.0102539
-65.668915 -46.524002 6.0102539
-66.747635 -47.782001 1.0102539
-68.458321 -49.086002 2.0102539
-70.12529 -50.392002 3.0102539
-71.912865 -51.694  4.0102539
-72.847366 -52.998001 5.0102539
-75.026184 -54.298  6.0102539
-76.551117 -55.552002 1.0102539
-79.107422 -56.856003 2.0102539
-81.344666 -58.158001 3.0102539
-83.69912 -59.458004 4.0102539
-85.83876 -60.760002 5.0102539
-87.150749 -62.058002 6.0102539
-89.048828 -63.318001 1.0097656
-91.918175 -64.624001 2.0097656
-94.094078 -65.928001 3.0097656
-96.438889 -67.232002 4.0097656
-98.924126 -68.532005 5.0097656
-100.29731 -69.834  6.0097656
-102.19373 -71.076004 1.0097656
-104.86996 -72.382004 2.0097656
-107.33659 -73.686005 3.0097656
-109.89445 -74.990005 4.0097656
-111.2793 -76.298004 5.0097656
-114.05683 -77.596001 6.0097656
-115.74092 -78.844002 1.0107422
-118.7401 -80.146004 2.0107422
-121.12603 -81.452003 3.0107422
-123.52543 -82.752007 4.0107422
-125.6875 -84.054001 5.0107422
-127.20946 -85.356003 6.0107422
-128.8839 -86.610001 1.0102539
-131.39983 -87.920006 2.0102539
-133.39754 -89.218002 3.0102539
-135.3927 -90.524002 4.0102539
-137.01398 -91.826004 5.0102539
-138.8295 -93.126007 6.0102539
-118.59994 -89.676003 1.0102539
-104.23531 -85.756004 2.0102539
-90.421761 -81.848  3.0102539
-77.75502 -77.936005 4.0102539
-65.555847 -74.020004 5.0102539
-54.082146 -70.122002 6.0102539
-43.933838 -66.322006 1.0107422
-34.148254 -62.410004 2.0107422
-25.515139 -58.502003 3.0107422
-17.732244 -54.598003 4.0107422
-10.609092 -50.692001 5.0107422
-4.4440846 -46.790001 6.0107422
0.7268874 -43.032001 1.0102539
6.2487245 -39.116001 2.0102539
10.920951 -35.208   3.0102539
14.029908 -31.304001 4.0102539
15.381673 -27.398001 5.0102539
16.400156 -23.498001 6.0102539
17.557449 -19.698   1.0102539
18.712757 -15.792   2.0102539
20.057568 -11.884   3.0102539
21.414206 -7.9839997 4.0102539
23.022362 -4.0759997 5.0102539
24.239048 -0.17799941 6.0102539
25.176943 2.3720007 1.0107422
26.299824 4.9840007 2.0107422
26.924591 7.5940008 3.0107422
28.328676 10.194001 4.0107422
29.497421 12.796001 5.0107422
30.701714 15.398002 6.0107422
30.509254 16.748001 1.0097656
31.207676 18.050001 2.0097656
31.669703 19.352001 3.0097656
32.736938 20.652002 4.0097656
33.397842 21.950001 5.0097656
34.038376 23.250002 6.0097656
34.301914 24.512001 1.0102539
35.080883 25.814001 2.0102539
35.619972 27.116001 3.0102539
36.103073 28.414001 4.0102539
36.879677 29.718002 5.0102539
37.456348 31.016003 6.0102539
37.939648 32.268002 1.0107422
39.270699 33.570004 2.0107422
40.1479   34.870003 3.0107422
41.324654 36.170002 4.0107422
42.590023 37.470001 5.0107422
43.714294 38.768002 6.0107422
43.961411 40.036003 1.0107422
45.366005 41.338001 2.0107422
46.716953 42.642002 3.0107422
47.997242 43.944004 4.0107422
49.2677   45.244003 5.0107422
50.636856 46.544003 6.0107422
50.943085 47.802002 1.0102539
53.443012 49.102001 2.0102539
55.25885  50.406002 3.0102539
56.54258  51.708004 4.0102539
58.522015 53.008003 5.0102539
60.674454 54.310001 6.0102539
62.525349 55.570004 1.0107422
64.880447 56.872002 2.0107422
66.934845 58.172005 3.0107422
68.404877 59.472004 4.0107422
70.934029 60.772003 5.0107422
73.101738 62.070004 6.0107422
75.110489 63.332005 1.0107422
77.591095 64.634003 2.0107422
80.195518 65.936005 3.0107422
81.798683 67.240005 4.0107422
84.233032 68.540001 5.0107422
86.560898 69.842003 6.0107422
88.391327 71.100006 1.0107422
91.117447 72.402    2.0107422
91.666382 73.712006 3.0107422
94.954437 75.008003 4.0107422
96.516403 76.314003 5.0107422
98.668579 77.610001 6.0107422
99.911407 78.876007 1.0102539
101.49696 80.176003 2.0102539
102.881   81.476006 3.0102539
104.82253 82.776001 4.0102539
106.20688 84.076004 5.0102539
108.01841 85.374008 6.0102539
109.40787 86.622002 1.0107422
112.23876 87.926003 2.0107422
114.37744 89.230003 3.0107422
116.27609 90.532005 4.0107422
118.04762 91.836006 5.0107422
119.71314 93.136002 6.0107422
100.39677 89.678001 1.0102539
85.616653 85.766006 2.0102539
71.734818 81.850006 3.0102539
59.154865 77.938004 4.0102539
47.554672 74.032005 5.0102539
36.510963 70.126007 6.0102539
26.867521 66.378006 1.0102539
17.241407 62.460003 2.0102539
8.5738344 58.548004 3.0102539
1.0095602 54.638004 4.0102539
-5.4391642 50.728004 5.0102539
-11.162096 46.824001 6.0102539
-16.325409 43.048004 1.0102539
-21.383083 39.138004 2.0102539
-24.788548 35.224003 3.0102539
-27.224216 31.316002 4.0102539
-29.044355 27.406002 5.0102539
-30.511959 23.504002 6.0102539
-31.403009 19.726002 1.0107422
-32.48494 15.816001 2.0107422
-33.734161 11.906001 3.0107422
-34.922867 7.9980011 4.0107422
-36.461441 4.0940008 5.0107422
-37.807014 0.19400062 6.0107422
-38.64785 -2.5159996 1.0097656
-39.579712 -5.3119998 2.0097656
-40.500832 -8.1079998 3.0097656
-41.390144 -10.901999 4.0097656
-42.544762 -13.694  5.0097656
-43.496883 -16.48   6.0097656
-43.79652 -17.932001 1.0102539
-44.127968 -19.323999 2.0102539
-45.214317 -20.722  3.0102539
-46.036152 -22.114  4.0102539
-46.497932 -23.508001 5.0102539
-47.260464 -24.898001 6.0102539
-47.61623 -26.234001 1.0102539
-48.359715 -27.632  2.0102539
-49.231388 -29.030001 3.0102539
-50.028973 -30.426001 4.0102539
-50.88456 -31.822001 5.0102539
-51.7444  -33.218002 6.0102539
-52.331066 -34.554001 1.0102539
-53.465286 -35.954002 2.0102539
-54.557789 -37.350002 3.0102539
-54.89571 -38.75    4.0102539
-55.961594 -40.140003 5.0102539
-57.209518 -41.534  6.0102539
-57.736649 -42.864002 1.0102539
-59.373859 -44.262001 2.0102539
-60.813099 -45.66   3.0102539
-62.118141 -47.056  4.0102539
-63.583191 -48.452003 5.0102539
-65.258423 -49.848003 6.0102539
-65.921089 -51.198002 1.0107422
-67.944519 -52.594002 2.0107422
-70.020882 -53.992001 3.0107422
-72.215973 -55.386002 4.0107422
-74.441231 -56.786003 5.0107422
-75.757339 -58.176003 6.0107422
-77.988312 -59.528004 1.0107422
-80.538589 -60.924004 2.0107422
-82.971405 -62.320004 3.0107422
-85.548943 -63.712002 4.0107422
-87.885078 -65.106003 5.0107422
-89.539383 -66.5    6.0107422
-91.793556 -67.846001 1.0102539
-94.451942 -69.244003 2.0102539
-97.115364 -70.638  3.0102539
-99.776924 -72.034004 4.0102539
-101.40488 -73.428001 5.0102539
-104.09903 -74.82   6.0102539
-106.30692 -76.172005 1.0102539
-109.37203 -77.568001 2.0102539
-111.99747 -78.962006 3.0102539
-114.67754 -80.358002 4.0102539
-116.78337 -81.752007 5.0102539
-119.5597 -83.142006 6.0102539
-121.33625 -84.490005 1.0107422
-124.38913 -85.882004 2.0107422
-126.92775 -87.282005 3.0107422
-129.41585 -88.678001 4.0107422
-131.70976 -90.074005 5.0107422
-133.70261 -91.474007 6.0107422
-135.03218 -92.822006 1.0102539
-137.40439 -94.216003 2.0102539
-139.65097 -95.612007 3.0102539
-141.27998 -97.006004 4.0102539
-142.01302 -98.402  5.0102539
-143.39952 -99.794006 6.0102539
-143.83952 -101.12601 1.0097656
-146.09248 -102.51801 2.0097656
-147.14685 -103.91801 3.0097656
-148.50957 -105.314 4.0097656
-149.1657 -106.71001 5.0097656
-149.95174 -108.108 6.0097656
-149.8154 -109.44801 1.0102539
-151.87782 -110.844 2.0102539
-152.62914 -112.242 3.0102539
-152.87323 -113.63801 4.0102539
-153.64218 -115.034 5.0102539
-154.60202 -116.424 6.0102539
-120.60646 -110.18201 1.0107422
-95.971474 -103.2   2.0107422
-73.851501 -96.212006 3.0107422
-53.825317 -89.232002 4.0107422
-36.169029 -82.254005 5.0107422
-21.519075 -75.278  6.0107422
-11.608205 -69.744003 1.0107422
-2.935338 -64.162003 2.0107422
4.3850923 -58.582001 3.0107422
10.882634 -53.008003 4.0107422
14.805878 -47.436001 5.0107422
16.931059 -41.862   6.0107422
19.24955  -35.188   1.0102539
21.276463 -28.204   2.0102539
23.943439 -21.23    3.0102539
26.690929 -14.252   4.0102539
29.363569 -7.29     5.0102539
31.549425 -0.3219994 6.0102539
32.678169 2.6260006 1.0107422
34.059578 5.4160008 2.0107422
34.876629 8.2040014 3.0107422
36.161152 10.984001 4.0107422
37.652042 13.766002 5.0107422
38.975899 16.546001 6.0107422
38.52562  17.976002 1.0102539
39.514389 19.366001 2.0102539
40.300129 20.752001 3.0102539
40.878139 22.148001 4.0102539
41.691647 23.538002 5.0102539
42.49963  24.926003 6.0102539
42.975731 26.270002 1.0097656
44.307461 27.658003 2.0097656
45.388653 29.054003 3.0097656
45.858921 30.446003 4.0097656
47.11179  31.844002 5.0097656
48.075241 33.236004 6.0097656
48.518288 34.576004 1.0102539
50.272057 35.972004 2.0102539
51.687782 37.366001 3.0102539
53.241661 38.760002 4.0102539
55.080334 40.152004 5.0102539
56.335121 41.546001 6.0102539
57.834068 42.898003 1.0102539
59.979156 44.292004 2.0102539
62.073959 45.688004 3.0102539
64.118225 47.084003 4.0102539
65.975533 48.476002 5.0102539
67.540199 49.868004 6.0102539
69.316254 51.222004 1.0097656
71.658562 52.618004 2.0097656
73.76815  54.012005 3.0097656
75.776863 55.406002 4.0097656
77.245895 56.798004 5.0097656
79.460297 58.190002 6.0097656
80.971024 59.538002 1.0107422
83.506378 60.934002 2.0107422
85.495033 62.328003 3.0107422
87.009407 63.722004 4.0107422
89.05648  65.118004 5.0107422
91.226334 66.508003 6.0107422
92.628242 67.856003 1.0102539
94.773872 69.254005 2.0102539
96.259735 70.650002 3.0102539
97.970863 72.042007 4.0102539
99.320984 73.436005 5.0102539
100.67311 74.828003 6.0102539
101.70107 76.178001 1.0097656
103.54438 77.574005 2.0097656
105.20879 78.968002 3.0097656
106.41177 80.362007 4.0097656
108.04477 81.754005 5.0097656
109.80819 83.148003 6.0097656
111.0095  84.496002 1.0102539
113.28376 85.894005 2.0102539
115.20311 87.290009 3.0102539
116.84395 88.686005 4.0102539
117.94191 90.078003 5.0102539
119.73872 91.474007 6.0102539
120.37163 92.824005 1.0107422
122.51237 94.220009 2.0107422
123.91133 95.614006 3.0107422
125.12029 97.008003 4.0107422
126.12666 98.404007 5.0107422
127.17622 99.796005 6.0107422
126.92125 101.13    1.0097656
128.70757 102.52801 2.0097656
129.74373 103.924   3.0097656
130.61894 105.32001 4.0097656
131.44966 106.716   5.0097656
132.22108 108.10801 6.0097656
131.87814 109.45801 1.0107422
133.55096 110.85801 2.0107422
134.34525 112.25401 3.0107422
135.10765 113.65001 4.0107422
135.71619 115.04201 5.0107422
136.0593  116.436   6.0107422
105.39631 110.19801 1.0102539
80.59507  103.218   2.0102539
58.90612  96.232002 3.0102539
39.970482 89.244003 4.0102539
23.044348 82.268005 5.0102539
8.5484896 75.296005 6.0102539
-0.64716977 69.852005 1.0102539
-8.5646801 64.268005 2.0102539
-15.721209 58.674004 3.0102539
-21.949812 53.088001 4.0102539
-26.283449 47.510002 5.0102539
-29.847954 41.926003 6.0102539
-32.881985 35.276001 1.0102539
-35.772785 28.286001 2.0102539
-38.398834 21.304001 3.0102539
-41.038513 14.324001 4.0102539
-43.645874 7.348001 5.0102539
-45.428265 0.37200063 6.0102539
-46.004341 -2.5559995 1.0107422
-47.162724 -5.3479996 2.0107422
-48.183846 -8.1399994 3.0107422
-49.209354 -10.93   4.0107422
-50.319355 -13.716  5.0107422
-51.565765 -16.504  6.0107422
-51.79142 -17.938   1.0107422
-52.44138 -19.33    2.0107422
-53.262558 -20.726  3.0107422
-54.02552 -22.118   4.0107422
-54.68618 -23.512001 5.0107422
-55.429775 -24.900002 6.0107422
-55.75914 -26.252001 1.0102539
-56.563095 -27.648001 2.0102539
-57.358162 -29.044001 3.0102539
-58.04092 -30.440001 4.0102539
-58.898708 -31.828001 5.0102539
-59.39283 -33.228001 6.0102539
-60.0802  -34.57    1.0102539
-61.00882 -35.968002 2.0102539
-62.073017 -37.362  3.0102539
-62.866196 -38.756001 4.0102539
-63.828876 -40.150002 5.0102539
-63.837624 -41.538002 6.0102539
-64.684326 -42.892002 1.0107422
-66.087196 -44.288002 2.0107422
-67.333221 -45.682003 3.0107422
-68.55043 -47.078003 4.0107422
-69.615181 -48.472  5.0107422
-70.991959 -49.864002 6.0107422
-71.902901 -51.204002 1.0102539
-73.74649 -52.606003 2.0102539
-74.056633 -54.000004 3.0102539
-76.262238 -55.396004 4.0102539
-78.072464 -56.790001 5.0102539
-79.827835 -58.182003 6.0102539
-81.282692 -59.530003 1.0107422
-83.40744 -60.926003 2.0107422
-85.357071 -62.320004 3.0107422
-87.26429 -63.716003 4.0107422
-88.51265 -65.110001 5.0107422
-90.436996 -66.504005 6.0107422
-92.011932 -67.848  1.0097656
-94.302025 -69.240005 2.0097656
-96.581696 -70.636002 3.0097656
-98.499565 -72.032005 4.0097656
-100.6104 -73.426003 5.0097656
-101.79587 -74.82   6.0097656
-103.36743 -76.166  1.0107422
-105.83364 -77.564003 2.0107422
-108.19939 -78.958  3.0107422
-110.03685 -80.354004 4.0107422
-112.16834 -81.746002 5.0107422
-113.93552 -83.136002 6.0107422
-115.438  -84.488007 1.0102539
-117.89793 -85.886002 2.0102539
-119.35668 -87.286003 3.0102539
-121.465  -88.68    4.0102539
-123.30119 -90.076004 5.0102539
-125.33224 -91.470001 6.0102539
-126.3386 -92.818001 1.0107422
-128.80487 -94.214005 2.0107422
-130.69308 -95.610001 3.0107422
-132.06032 -97.004005 4.0107422
-133.94025 -98.398003 5.0107422
-135.73996 -99.792007 6.0107422
-136.38701 -101.136 1.0102539
-138.92625 -102.53001 2.0102539
-140.73882 -103.926 3.0102539
-141.9086 -105.32201 4.0102539
-143.41525 -106.716 5.0102539
-144.85275 -108.108 6.0102539
-145.06577 -109.44601 1.0107422
-147.6541 -110.842  2.0107422
-148.80731 -112.24001 3.0107422
-149.76811 -113.62801 4.0107422
-151.10912 -115.03001 5.0107422
-152.12775 -116.424 6.0107422
-120.25819 -110.176 1.0102539
-95.946404 -103.19401 2.0102539
-74.307213 -96.208  3.0102539
-54.839405 -89.228004 4.0102539
-37.849972 -82.246002 5.0102539
-23.646229 -75.282005 6.0102539
-14.230582 -69.720001 1.0107422
-6.2403045 -64.139999 2.0107422
0.9651913 -58.564003 3.0107422
7.6235318 -52.994003 4.0107422
12.605244 -47.420002 5.0107422
15.445387 -41.850002 6.0107422
17.977345 -35.196003 1.0102539
20.249844 -28.212   2.0102539
22.546289 -21.236   3.0102539
24.715801 -14.262   4.0102539
27.073698 -7.2919998 5.0102539
29.241602 -0.32599941 6.0102539
29.89716  2.6480007 1.0107422
30.994322 5.4300008 2.0107422
31.698694 8.210001  3.0107422
32.871468 10.994001 4.0107422
33.956505 13.774001 5.0107422
34.706936 16.554001 6.0107422
34.49894  17.946001 1.0107422
35.213013 19.340002 2.0107422
35.786953 20.734001 3.0107422
36.231068 22.132002 4.0107422
37.152718 23.516003 5.0107422
37.687046 24.908001 6.0107422
37.713306 26.244001 1.0107422
38.787704 27.638002 2.0107422
39.33083  29.034002 3.0107422
39.801487 30.432001 4.0107422
40.847824 31.826002 5.0107422
41.873131 33.222004 6.0107422
41.901592 34.564003 1.0102539
43.248096 35.960003 2.0102539
44.243187 37.356003 3.0102539
45.147758 38.752003 4.0102539
46.078091 40.146004 5.0102539
47.106411 41.540001 6.0102539
47.34132  42.898003 1.0107422
48.914345 44.294003 2.0107422
50.422077 45.688004 3.0107422
52.141045 47.084003 4.0107422
53.812302 48.476002 5.0107422
55.474834 49.868004 6.0107422
56.568623 51.222004 1.0107422
58.548206 52.614002 2.0107422
60.48983  54.010002 3.0107422
61.681683 55.404003 4.0107422
63.585537 56.798004 5.0107422
65.606064 58.190002 6.0107422
66.966179 59.536003 1.0107422
69.208351 60.932003 2.0107422
71.1409   62.326004 3.0107422
72.542854 63.720005 4.0107422
74.486069 65.114006 5.0107422
76.56633  66.508003 6.0107422
77.881775 67.852005 1.0102539
80.441612 69.248001 2.0102539
82.508591 70.644005 3.0102539
83.68499  72.038002 4.0102539
85.82486  73.432007 5.0102539
87.882317 74.824005 6.0102539
89.173912 76.172005 1.0097656
91.534935 77.566002 2.0097656
93.598213 78.962006 3.0097656
94.021164 80.358002 4.0097656
96.23719  81.752007 5.0097656
97.873413 83.144005 6.0097656
98.416794 84.496002 1.0102539
100.55104 85.896004 2.0102539
102.04655 87.290009 3.0102539
103.26542 88.686005 4.0102539
104.8568  90.082008 5.0102539
106.39691 91.476006 6.0102539
107.70709 92.826004 1.0107422
109.83018 94.222008 2.0107422
111.69577 95.616005 3.0107422
113.51345 97.012009 4.0107422
115.14673 98.404007 5.0107422
116.86167 99.798004 6.0107422
117.62884 101.144   1.0097656
120.06232 102.54001 2.0097656
121.74142 103.936   3.0097656
123.25027 105.33201 4.0097656
124.67287 106.72201 5.0097656
126.1573  108.116   6.0097656
126.52042 109.464   1.0102539
128.68973 110.86001 2.0102539
130.00166 112.25401 3.0102539
131.29709 113.648   4.0102539
132.3152  115.04201 5.0102539
133.50903 116.43401 6.0102539
103.27347 110.21201 1.0112305
78.817863 103.22401 2.0112305
57.501358 96.238007 3.0112305
39.086994 89.250008 4.0112305
22.768631 82.278008 5.0112305
9.0187798 75.298004 6.0112305
0.40422314 69.844002 1.0102539
-7.0732203 64.258003 2.0102539
-13.646019 58.670002 3.0102539
-19.678968 53.086002 4.0102539
-23.662338 47.502003 5.0102539
-26.773943 41.922001 6.0102539
-29.309296 35.282001 1.0102539
-31.956562 28.292002 2.0102539
-34.521549 21.304001 3.0102539
-37.192818 14.322001 4.0102539
-39.754776 7.348001 5.0102539
-41.889126 0.37800062 6.0102539
-42.639301 -2.4459996 1.0102539
-43.705402 -5.0459995 2.0102539
-44.628384 -7.6439996 3.0102539
-45.729263 -10.24   4.0102539
-46.68084 -12.84    5.0102539
-47.371506 -15.442  6.0102539
-47.828041 -16.784  1.0107422
-48.536022 -18.082001 2.0107422
-49.267685 -19.380001 3.0107422
-49.820091 -20.676001 4.0107422
-50.438656 -21.974001 5.0107422
-51.016186 -23.268  6.0107422
-51.362671 -24.514  1.0102539
-52.031124 -25.816  2.0102539
-52.853268 -27.116001 3.0102539
-53.475506 -28.42   4.0102539
-54.282093 -29.718  5.0102539
-54.920399 -31.018002 6.0102539
-54.874603 -32.268002 1.0102539
-55.786274 -33.568001 2.0102539
-56.678627 -34.870003 3.0102539
-57.537228 -36.172001 4.0102539
-58.344791 -37.472  5.0102539
-59.062889 -38.762001 6.0102539
-59.522923 -40.028  1.0107422
-60.211193 -41.332001 2.0107422
-61.207485 -42.636002 3.0107422
-61.874149 -43.938  4.0107422
-62.770515 -45.240002 5.0107422
-63.803547 -46.540001 6.0107422
-64.100441 -47.798  1.0102539
-65.531113 -49.102001 2.0102539
-66.837883 -50.406002 3.0102539
-68.084091 -51.708  4.0102539
-69.213791 -53.008003 5.0102539
-70.381554 -54.308002 6.0102539
-71.25013 -55.560001 1.0102539
-73.024704 -56.864002 2.0102539
-73.468933 -58.166  3.0102539
-75.450623 -59.466003 4.0102539
-77.026054 -60.766003 5.0102539
-78.699654 -62.066002 6.0102539
-79.812752 -63.310001 1.0107422
-81.943695 -64.616005 2.0107422
-83.924171 -65.922005 3.0107422
-85.636543 -67.226006 4.0107422
-87.584885 -68.528  5.0107422
-88.56572 -69.830002 6.0107422
-90.220222 -71.102005 1.0107422
-92.425301 -72.402  2.0107422
-94.228539 -73.704002 3.0107422
-96.424133 -75.008003 4.0107422
-98.289825 -76.308006 5.0107422
-98.848938 -77.610001 6.0107422
-100.8425 -78.868004 1.0102539
-103.23251 -80.168007 2.0102539
-105.21358 -81.470001 3.0102539
-107.29617 -82.772003 4.0102539
-109.10604 -84.068001 5.0102539
-111.08495 -85.368004 6.0102539
-112.22625 -86.628006 1.0107422
-114.63037 -87.93   2.0107422
-116.65347 -89.234001 3.0107422
-118.04993 -90.536003 4.0107422
-120.16059 -91.838005 5.0107422
-121.97769 -93.136002 6.0107422
-123.05406 -94.392006 1.0107422
-125.5985 -95.694   2.0107422
-127.49621 -96.998001 3.0107422
-129.37344 -98.300003 4.0107422
-130.48557 -99.602005 5.0107422
-132.5204 -100.90401 6.0107422
-133.28127 -102.144 1.0102539
-135.7554 -103.454  2.0102539
-137.35825 -104.756 3.0102539
-139.0197 -106.06001 4.0102539
-140.29477 -107.36001 5.0102539
-141.85362 -108.66  6.0102539
-142.55446 -109.914 1.0102539
-144.74194 -111.218 2.0102539
-146.15564 -112.522 3.0102539
-146.94647 -113.828 4.0102539
-148.3291 -115.13   5.0102539
-149.8486 -116.428  6.0102539
-150.23918 -117.688 1.0102539
-152.01019 -118.992 2.0102539
-152.41429 -120.3   3.0102539
-153.4716 -121.59601 4.0102539
-154.21786 -122.90401 5.0102539
-155.18167 -124.204 6.0102539
-154.24489 -125.46201 1.0102539
-155.90512 -126.76401 2.0102539
-156.44908 -128.06801 3.0102539
-156.35033 -129.37201 4.0102539
-156.81993 -130.668 5.0102539
-157.3862 -131.968  6.0102539
-156.98885 -133.22601 1.0102539
-157.8855 -134.53   2.0102539
-157.1553 -135.836  3.0102539
-157.79417 -137.134 4.0102539
-157.0999 -138.44   5.0102539
-157.43582 -139.73801 6.0102539
-125.00343 -133.89601 1.0102539
-102.61773 -127.37401 2.0102539
-82.078705 -120.85201 3.0102539
-63.662655 -114.33601 4.0102539
-47.190742 -107.83  5.0102539
-32.919182 -101.32201 6.0102539
-20.914286 -95.022003 1.0107422
-10.453299 -88.498001 2.0107422
-2.3785129 -81.980003 3.0107422
4.9111648 -75.470001 4.0107422
11.015718 -68.958   5.0107422
14.725533 -62.454002 6.0107422
16.665665 -57.320004 1.0107422
18.208183 -52.106003 2.0107422
19.823936 -46.900002 3.0107422
21.52261  -41.700001 4.0107422
23.641697 -36.498001 5.0107422
25.282425 -31.298   6.0107422
27.053457 -26.254   1.0102539
28.733997 -21.044001 2.0102539
30.231909 -15.834001 3.0102539
31.905352 -10.63    4.0102539
33.880241 -5.4299998 5.0102539
35.458218 -0.2279994 6.0102539
36.042145 2.4600008 1.0102539
37.548347 5.058001  2.0102539
38.316948 7.6560011 3.0102539
39.488041 10.256001 4.0102539
40.840454 12.852001 5.0102539
41.967121 15.452002 6.0102539
41.290035 16.756001 1.0107422
42.432205 18.056002 2.0107422
43.450062 19.356001 3.0107422
44.084282 20.660002 4.0107422
45.18779  21.956001 5.0107422
46.000332 23.254002 6.0107422
45.810844 24.486002 1.0112305
47.156944 25.794003 2.0112305
48.042648 27.096003 3.0112305
49.379055 28.398003 4.0112305
50.38126  29.704002 5.0112305
51.061207 31.002003 6.0112305
51.632778 32.256001 1.0097656
53.055492 33.560001 2.0097656
54.534462 34.860001 3.0097656
55.837475 36.162003 4.0097656
57.285446 37.460003 5.0097656
58.94701  38.764004 6.0097656
59.557892 40.034004 1.0107422
61.411522 41.334003 2.0107422
62.939465 42.636002 3.0107422
64.699715 43.942001 4.0107422
66.340485 45.244003 5.0107422
67.552277 46.544003 6.0107422
68.446632 47.798004 1.0102539
70.458595 49.100002 2.0102539
72.297073 50.406002 3.0102539
73.940186 51.708004 4.0102539
75.300545 53.010002 5.0102539
76.376511 54.310001 6.0102539
77.554665 55.564003 1.0107422
79.686493 56.862003 2.0107422
81.429413 58.166004 3.0107422
83.059303 59.468002 4.0107422
84.618721 60.768005 5.0107422
85.538567 62.068005 6.0107422
86.476944 63.326004 1.0107422
88.756424 64.626007 2.0107422
90.421631 65.938004 3.0107422
91.989571 67.234001 4.0107422
92.395325 68.538002 5.0107422
94.360313 69.840004 6.0107422
95.190193 71.086006 1.0107422
96.781235 72.390007 2.0107422
98.21505  73.696007 3.0107422
99.619843 74.996002 4.0107422
100.25999 76.300003 5.0107422
101.59014 77.602005 6.0107422
102.05495 78.870003 1.0107422
103.93798 80.168007 2.0107422
104.86456 81.472008 3.0107422
106.14839 82.772003 4.0107422
107.16989 84.072006 5.0107422
108.42601 85.370003 6.0107422
109.23309 86.634003 1.0102539
111.1082  87.940002 2.0102539
112.45775 89.244003 3.0102539
113.72579 90.542007 4.0102539
114.96    91.846008 5.0102539
116.19774 93.144005 6.0102539
116.53864 94.402008 1.0102539
118.39495 95.706009 2.0102539
119.27276 97.012009 3.0102539
120.73174 98.312004 4.0102539
122.2634  99.612007 5.0102539
123.28935 100.91    6.0102539
122.97652 102.17001 1.0107422
125.09591 103.47001 2.0107422
126.71638 104.772   3.0107422
127.07594 106.07401 4.0107422
128.46928 107.37201 5.0107422
129.29216 108.67001 6.0107422
129.92134 109.926   1.0102539
131.35788 111.22601 2.0102539
130.16188 112.534   3.0102539
128.7455  113.83601 4.0102539
111.2076  115.174   5.0102539
113.83984 116.44601 6.0102539
117.11453 117.7     1.0107422
120.78379 119.00201 2.0107422
123.71247 120.30601 3.0107422
126.04313 121.61001 4.0107422
127.43513 122.908   5.0107422
129.15927 124.21001 6.0107422
129.90309 125.46201 1.0102539
131.90588 126.76801 2.0102539
133.10643 128.07001 3.0102539
134.13239 129.37001 4.0102539
134.42935 130.668   5.0102539
135.46155 131.968   6.0102539
135.4294  133.22801 1.0102539
137.05359 134.528   2.0102539
137.82605 135.834   3.0102539
137.17441 137.14001 4.0102539
138.28677 138.444   5.0102539
138.44673 139.73601 6.0102539
107.72228 133.92801 1.0107422
85.923843 127.40601 2.0107422
66.066994 120.884   3.0107422
48.814285 114.368   4.0107422
33.151752 107.86001 5.0107422
20.318922 101.35001 6.0107422
11.044356 95.082008 1.0107422
1.9912887 88.556007 2.0107422
-5.1978259 82.036003 3.0107422
-11.315096 75.516006 4.0107422
-17.555727 69.000008 5.0107422
-22.364422 62.494003 6.0107422
-25.40583 57.328003 1.0107422
-27.510386 52.118004 2.0107422
-29.755798 46.912003 3.0107422
-31.860731 41.706001 4.0107422
-33.586849 36.506001 5.0107422
-35.491596 31.304003 6.0107422
-36.707748 28.144001 1.0107422
-37.685558 25.024002 2.0107422
-38.882202 21.902002 3.0107422
-39.701286 18.782001 4.0107422
-40.835423 15.662002 5.0107422
-41.74371 12.542001 6.0107422
-42.861027 9.4280014 7.0107422
-43.803486 6.3120008 8.0107422
-45.104614 3.2000008 9.0107422
-46.09763 0.08800061 10.010742
-46.598667 -2.4179995 1.0102539
-47.837826 -5.0199995 2.0102539
-48.927677 -7.6219997 3.0102539
-50.126915 -10.222  4.0102539
-51.425568 -12.822  5.0102539
-52.739738 -15.422  6.0102539
-53.032379 -16.784  1.0107422
-53.806072 -18.08   2.0107422
-54.428238 -19.375999 3.0107422
-55.096241 -20.676001 4.0107422
-55.366955 -21.974001 5.0107422
-56.309982 -23.268  6.0107422
-56.467468 -24.502001 1.0102539
-57.425056 -25.804001 2.0102539
-58.476315 -27.108  3.0102539
-59.100605 -28.408001 4.0102539
-59.796673 -29.710001 5.0102539
-60.467159 -31.01   6.0102539
-60.920349 -32.268002 1.0107422
-61.845222 -33.568001 2.0107422
-62.72839 -34.872002 3.0107422
-62.719944 -36.167999 4.0107422
-63.734375 -37.472  5.0107422
-64.530449 -38.77   6.0107422
-64.881058 -40.030003 1.0107422
-65.76149 -41.332001 2.0107422
-66.715736 -42.636002 3.0107422
-67.780388 -43.938  4.0107422
-68.722504 -45.240002 5.0107422
-69.082413 -46.540001 6.0107422
-69.737976 -47.792  1.0097656
-71.148834 -49.094002 2.0097656
-72.573593 -50.398003 3.0097656
-73.696754 -51.704002 4.0097656
-74.956085 -53.004002 5.0097656
-76.199371 -54.306004 6.0097656
-76.887489 -55.550003 1.0102539
-78.802109 -56.854004 2.0102539
-80.413994 -58.158001 3.0102539
-80.863762 -59.460003 4.0102539
-82.76622 -60.760002 5.0102539
-84.232224 -62.058002 6.0102539
-85.115791 -63.320004 1.0102539
-87.049858 -64.624001 2.0102539
-88.852753 -65.928001 3.0102539
-90.223923 -67.232002 4.0102539
-91.956146 -68.530006 5.0102539
-92.024986 -69.834  6.0102539
-93.947586 -71.104004 1.0102539
-95.646507 -72.408005 2.0102539
-97.579597 -73.709999 3.0102539
-98.977074 -75.012001 4.0102539
-100.62109 -76.310005 5.0102539
-102.42975 -77.618004 6.0102539
-103.08889 -78.868004 1.0102539
-105.27438 -80.168007 2.0102539
-107.03377 -81.470001 3.0102539
-107.78374 -82.772003 4.0102539
-109.59866 -84.074005 5.0102539
-111.2456 -85.372002 6.0102539
-111.63176 -86.624001 1.0102539
-113.80325 -87.926003 2.0102539
-115.38131 -89.228004 3.0102539
-116.91703 -90.534004 4.0102539
-118.22633 -91.832001 5.0102539
-119.17931 -93.138  6.0102539
-120.14561 -94.398003 1.0102539
-122.1907 -95.700005 2.0102539
-123.72086 -97.004005 3.0102539
-125.20232 -98.304001 4.0102539
-126.39803 -99.606003 5.0102539
-127.72619 -100.908 6.0102539
-127.71976 -102.162 1.0112305
-130.172  -103.46201 2.0112305
-131.52689 -104.76401 3.0112305
-132.38809 -106.064 4.0112305
-133.48862 -107.366 5.0112305
-134.48117 -108.662 6.0112305
-135.03383 -109.926 1.0107422
-137.13753 -111.228 2.0107422
-138.07782 -112.534 3.0107422
-139.19115 -113.826 4.0107422
-139.98834 -115.136 5.0107422
-141.34763 -116.436 6.0107422
-141.67508 -117.692 1.0102539
-143.14211 -118.99801 2.0102539
-144.58167 -120.30401 3.0102539
-145.00826 -121.604 4.0102539
-145.78278 -122.90401 5.0102539
-146.93675 -124.20601 6.0102539
-146.51025 -125.46001 1.0102539
-148.28658 -126.76201 2.0102539
-148.50954 -128.06401 3.0102539
-149.53683 -129.36601 4.0102539
-150.15848 -130.666 5.0102539
-150.44157 -131.968 6.0102539
-150.20483 -133.22  1.0102539
-151.54431 -134.524 2.0102539
-151.56975 -135.83  3.0102539
-151.74567 -137.132 4.0102539
-152.32346 -138.43201 5.0102539
-151.74861 -139.73601 6.0102539
-122.01764 -133.90401 1.0112305
-100.07787 -127.37801 2.0112305
-80.295532 -120.858 3.0112305
-62.478382 -114.34  4.0112305
-46.724915 -107.832 5.0112305
-32.883099 -101.32401 6.0112305
-21.574697 -95.072006 1.0107422
-11.325491 -88.544006 2.0107422
-3.2602117 -82.022003 3.0107422
3.6966004 -75.506004 4.0107422
10.033403 -68.990005 5.0107422
14.224524 -62.484001 6.0107422
15.971141 -57.364002 1.0107422
17.624817 -52.154003 2.0107422
19.038525 -46.944   3.0107422
20.651447 -41.734001 4.0107422
22.172318 -36.524002 5.0107422
24.052624 -31.328001 6.0107422
25.468107 -26.294001 1.0102539
27.065994 -21.08    2.0102539
28.653765 -15.866   3.0102539
30.22747  -10.648   4.0102539
31.984735 -5.4519997 5.0102539
33.43721  -0.2499994 6.0102539
33.762619 2.4100008 1.0107422
34.915333 5.0180011 2.0107422
35.487469 7.6220012 3.0107422
36.635426 10.222001 4.0107422
37.806408 12.820002 5.0107422
38.631882 15.420001 6.0107422
38.33902  16.744001 1.0107422
39.335526 18.042002 2.0107422
40.334297 19.348001 3.0107422
40.877262 20.650002 4.0107422
41.761513 21.950001 5.0107422
42.498264 23.246002 6.0107422
42.466415 24.508001 1.0107422
43.735596 25.812002 2.0107422
44.710461 27.114002 3.0107422
45.088177 28.414001 4.0107422
45.964607 29.718002 5.0107422
47.019821 31.016003 6.0107422
47.152397 32.276001 1.0107422
48.452118 33.578003 2.0107422
49.38467  34.878002 3.0107422
50.258881 36.178001 4.0107422
51.098557 37.476002 5.0107422
51.561726 38.774002 6.0107422
51.719654 40.038002 1.0107422
52.962036 41.342003 2.0107422
54.230938 42.642002 3.0107422
55.505474 43.950005 4.0107422
56.887733 45.244003 5.0107422
57.786652 46.552002 6.0107422
58.25182  47.806004 1.0107422
60.512913 49.108002 2.0107422
61.522057 50.412003 3.0107422
62.288612 51.714005 4.0107422
63.52734  53.014004 5.0107422
64.811401 54.314003 6.0107422
65.037643 55.574005 1.0107422
66.939774 56.874004 2.0107422
67.60791  58.174004 3.0107422
68.222061 59.476002 4.0107422
68.732628 60.778004 5.0107422
69.146866 62.074005 6.0107422
70.589111 63.324005 1.0102539
68.779984 64.630005 2.0102539
67.662941 65.934006 3.0102539
68.375214 67.236    4.0102539
71.448395 68.536003 5.0102539
73.690475 69.838005 6.0102539
74.793373 71.086006 1.0102539
77.09095  72.390007 2.0102539
79.067551 73.694008 3.0102539
80.642517 74.998001 4.0102539
82.394432 76.300003 5.0102539
84.039993 77.602005 6.0102539
85.066544 78.870003 1.0102539
87.016777 80.174004 2.0102539
88.69297  81.474007 3.0102539
90.330269 82.772003 4.0102539
91.884186 84.072006 5.0102539
93.303032 85.368004 6.0102539
94.226082 86.636002 1.0102539
96.164505 87.938004 2.0102539
95.893456 89.242004 3.0102539
98.423782 90.550003 4.0102539
100.04018 91.844002 5.0102539
101.41123 93.144005 6.0102539
102.1992  94.402008 1.0107422
103.52087 95.704002 2.0107422
104.84593 97.008003 3.0107422
105.80165 98.310005 4.0107422
106.73512 99.610008 5.0107422
107.50546 100.91    6.0107422
108.52912 102.176   1.0102539
109.50027 103.47601 2.0102539
110.40652 104.79401 3.0102539
111.88907 106.09801 4.0102539
112.85874 107.396   5.0102539
113.11779 108.69    6.0102539
114.1185  109.926   1.0107422
116.28752 111.228   2.0107422
117.61892 112.53201 3.0107422
118.80991 113.83401 4.0107422
119.86275 115.13801 5.0107422
121.08457 116.438   6.0107422
121.1406  117.69201 1.0107422
123.10253 118.99601 2.0107422
124.31451 120.298   3.0107422
125.25165 121.60201 4.0107422
126.35408 122.90401 5.0107422
127.24198 124.20801 6.0107422
126.89717 125.464   1.0102539
128.77216 126.76601 2.0102539
129.12949 128.06801 3.0102539
130.39525 129.37001 4.0102539
130.76529 130.668   5.0102539
131.06181 131.968   6.0102539
131.18871 133.22    1.0107422
132.93733 134.524   2.0107422
132.5208  135.83    3.0107422
132.75772 137.134   4.0107422
132.98378 138.43401 5.0107422
132.97389 139.73601 6.0107422
111.48347 136.26601 1.0112305
98.18396  132.358   2.0112305
85.644371 128.442   3.0112305
73.811066 124.534   4.0112305
62.605675 120.63    5.0112305
52.390854 116.72601 6.0112305
42.822098 112.82201 7.0112305
33.835876 108.924   8.0112305
25.416607 105.024   9.0112305
17.940622 101.13    10.01123
11.63955  97.344002 1.0102539
6.4971166 93.438004 2.0102539
2.2229276 89.532005 3.0102539
-1.3148515 85.632004 4.0102539
-5.624342 81.730003 5.0102539
-9.1223574 77.832001 6.0102539
-12.570571 73.932007 7.0102539
-15.651095 70.034004 8.0102539
-19.144783 66.144005 9.0102539
-21.024126 62.250004 10.010254
-22.370792 59.186005 1.0107422
-24.285358 56.070004 2.0107422
-25.446753 52.950005 3.0107422
-26.647215 49.832005 4.0107422
-27.904478 46.714005 5.0107422
-28.886265 43.602001 6.0107422
-30.237015 40.486004 7.0107422
-31.456263 37.374001 8.0107422
-32.371334 34.260002 9.0107422
-33.511574 31.150002 10.010742
-33.655441 29.590002 1.0102539
-34.21632 28.030003 2.0102539
-34.999805 26.472002 3.0102539
-35.348686 24.914001 4.0102539
-36.188931 23.354002 5.0102539
-36.524681 21.798002 6.0102539
-36.982727 20.238001 7.0102539
-37.186722 18.686001 8.0102539
-37.835762 17.128002 9.0102539
-38.451954 15.572001 10.010254
-39.100353 14.014001 11.010254
-39.558075 12.462001 12.010254
-40.126755 10.906001 13.010254
-40.501247 9.3500013 14.010254
-40.735077 7.7940011 15.010254
-41.536575 6.2420011 16.010254
-41.990883 4.6860008 17.010254
-42.416443 3.1300008 18.010254
-42.435863 1.5740007 19.010254
-42.744751 0.022000609 20.010254
-5.2762852 -18.190002 1.0102539
-4.5356913 -38.066002 2.0102539
-4.6067052 -58.218002 3.0102539
-4.5901542 -78.384003 4.0102539
-4.5834641 -98.540009 5.0102539
-0.03212671 -18.08  1.0107422
0.021657424 -38.268002 2.0107422
0.032848671 -58.438004 3.0107422
0.015603152 -78.588005 4.0107422
0.022471046 -98.718002 5.0107422
-0.01635135 -18.059999 1.0097656
-0.0078122616 -38.243999 2.0097656
0.030046517 -58.414001 3.0097656
-0.023377009 -78.558006 4.0097656
0.027389286 -98.702003 5.0097656
0.051836211 -18.070005 1.0102539
0.009349254 -38.266006 2.0102539
0.032640591 -58.430008 3.0102539
0.041692983 -78.572006 4.0102539
0.019181458 -98.710007 5.0102539
0.27718598 -15.711993 1.0097656
0.10751874 -15.721993 2.0097656
0.11731658 -15.723993 3.0097656
0.12494908 -15.721993 4.0097656
0.13227674 -15.721993 5.0097656
