1.2760006	5.7318454	
2.7460008	11.48477	
4.2120008	16.97176	
5.7020011	22.136103	
7.1680012	27.191345	
8.6360006	31.962788	
7.434001	24.605038	
5.9620008	18.743956	
4.5020008	13.081968	
3.0480008	7.6539187	
1.5820007	2.2289391	
0.11600062	-3.001193	
-1.3139994	-7.8514099	
-2.7839994	-12.572877	
-4.2539997	-17.692863	
-5.6799998	-22.641172	
-7.1479998	-27.832159	
-8.6119995	-32.83292	
-7.4219999	-25.561359	
-5.9519997	-20.040739	
-4.4819994	-14.545959	
-3.0379996	-9.4413652	
-1.5719994	-4.6322737	
-0.1079994	0.18995036	1
1.3240007	5.1124949	
2.7920008	10.357851	
4.2600007	15.604872	
5.7000008	20.856565	
7.1680012	26.172335	
8.6360006	31.552984	
7.4360008	24.511831	
5.9580007	18.761986	
4.4900007	13.139672	
3.0520008	7.8950782	
1.5820007	2.5635118	
0.11400061	-2.5611284	
-1.3099995	-7.2697854	
-2.7759995	-11.845448	
-4.2439995	-16.756708	
-5.6899996	-21.777611	
-7.1579995	-27.12043	
-8.6259995	-32.421715	
-7.4239998	-25.300865	
-5.9539995	-19.81629	
-4.4859996	-14.394374	
-3.0419996	-9.372716	
-1.5719994	-4.8188081	
-0.1079994	-0.021546286	2
1.3280007	4.8938785	
2.7940006	10.103482	
4.2600007	15.321363	
5.6980009	20.527285	
7.1660008	25.861448	
8.6340008	31.327291	
7.4360008	24.412756	
5.9640007	18.668095	
4.4960008	13.065684	
3.0540009	7.78476	
1.5840007	2.542321	
0.11600062	-2.5219955	
-1.3099995	-7.1614037	
-2.7799995	-11.629586	
-4.2459998	-16.506287	
-5.6899996	-21.498453	
-7.152	-26.809553	
-8.6199999	-32.188122	
-9.5459995	-35.318657	
-11.504	-41.912571	
-9.8940001	-32.567455	
-7.9359999	-25.067879	
-5.9859996	-17.879236	
-4.0539994	-11.213584	
-2.0959995	-5.4571013	
-0.1379994	0.69981134	
1.7720007	7.2184229	
3.7300007	14.080965	
5.6860008	21.050148	
7.5940008	27.886013	
9.552001	34.819378	
11.504002	40.953041	
9.8980007	31.379383	
7.9420009	23.733301	
5.9880009	16.522917	
4.0580006	9.6103172	
2.0980008	2.8115685	
0.14000061	-3.6088696	
-1.7519995	-9.3613052	
-3.7139995	-15.381083	
-5.6739998	-21.817451	
-7.5959997	-28.38925	
-9.5459995	-35.243919	
-11.5	-42.112339	
-9.8959999	-33.060917	
-7.9379997	-25.685091	
-5.9819999	-18.530909	
-4.0459995	-11.866914	
-2.0899994	-6.1865926	
-0.1359994	-0.29201531	
1.7820007	6.0428696	
3.7420008	12.725282	
5.6920009	19.525633	
7.6100011	26.113781	
9.5620012	33.099934	
11.516001	39.926651	
9.9060011	31.129427	
7.9480009	23.54937	
5.9900007	16.390339	
4.0660009	9.5205421	
2.1020007	2.7626824	
0.14600061	-3.6196077	
-1.7679995	-9.3497152	
-3.7239995	-15.259992	
-5.6799998	-21.624086	
-7.5839996	-28.079845	
-9.5419998	-34.901871	
-11.498	-41.882717	
-9.9040003	-32.997223	
-7.948	-25.685066	
-5.9899998	-18.58865	
-4.0519996	-12.027563	
-2.0959995	-6.4193172	
-0.14199939	-0.57812965	
1.7640007	5.6382818	
3.7260008	12.351139	
5.690001	19.121006	
7.598001	25.667282	
9.552001	32.629898	
11.508001	39.582657	
9.9020014	30.848915	
7.9460011	23.347021	
5.9920011	16.221207	
4.0680008	9.4057064	
2.1120007	2.7016022	
0.15200062	-3.6276956	
-1.7619995	-9.2740307	
-3.7259996	-15.180229	
-5.6819997	-21.534166	
-7.5919995	-27.926294	
-9.552	-34.732014	
-11.5	-41.750889	
-13.424	-48.22105	
-15.38	-54.144897	
-17.342001	-59.526775	
-15.73	-49.110844	
-13.77	-41.665565	
-11.812	-34.360752	
-9.8879995	-27.532339	
-7.9239998	-20.770683	
-5.9799995	-14.401968	
-4.0599995	-8.912509	
-2.0979996	-3.6482592	
-0.1439994	2.1794534	
1.7700007	8.327673	
3.7300007	14.767814	
5.684001	21.366615	
7.6000009	27.835413	
9.5600014	34.449425	
11.512001	41.168335	
13.432001	46.022274	
15.390001	48.189564	
17.348001	49.487877	
15.732001	39.085056	
13.776001	31.481974	
11.814001	24.23612	
9.8780012	17.400421	
7.9260011	10.698734	
5.9700007	4.2412105	
4.0680008	-1.6569006	
2.1060007	-7.411025	
0.14800061	-12.957973	
-1.7719995	-18.759871	
-3.7259996	-24.770205	
-5.6879997	-30.903692	
-7.5899997	-36.895275	
-9.5459995	-43.091763	
-11.496	-49.194714	
-13.41	-54.502094	
-15.374001	-59.417564	
-17.328001	-63.282532	
-15.722	-52.93317	
-13.762	-45.362408	
-11.804	-38.166298	
-9.882	-31.309315	
-7.9259996	-24.588511	
-5.9719996	-18.245596	
-4.0479994	-12.428732	
-2.0859995	-7.1903143	
-0.1359994	-1.9647377	
1.7680007	3.5411806	
3.7280009	9.7440844	
5.684001	16.016335	
7.5880008	21.999743	
9.5480013	27.987337	
11.502001	33.16721	
13.422001	37.728691	
15.380001	42.783077	
17.338001	47.756008	
15.714002	37.246029	
13.758001	29.711054	
11.798001	22.547968	
9.8800011	15.830867	
7.9280009	9.2940359	
5.9720011	2.9398446	
4.046001	-2.8664832	
2.0880008	-8.3418884	
0.13200061	-13.835004	
-1.7779995	-19.532314	
-3.7339995	-25.436514	
-5.6939998	-31.280754	
-7.5899997	-36.947956	
-9.5439997	-42.610439	
-11.504	-47.827141	
-13.42	-52.124699	
-15.374001	-57.014023	
-17.334	-61.972351	
-15.73	-52.227867	
-13.77	-44.682396	
-11.812	-37.56435	
-9.8859997	-30.764317	
-7.928	-24.150347	
-5.9779997	-17.939133	
-4.0619998	-12.319779	
-2.1019995	-7.1196175	
-0.1439994	-1.9393661	
1.7780007	3.6639411	
3.7320008	9.8107586	
5.6880007	15.946157	
7.598001	21.751165	
9.552001	27.399303	
11.508001	31.874832	
13.432001	35.881077	
15.388001	40.562939	
17.346001	45.814281	
15.730001	36.222622	
13.770001	28.818811	
11.812001	21.677652	
9.8820009	14.951819	
7.9280009	8.467598	
5.9740009	2.1872706	
4.0700006	-3.4080913	
2.1100006	-8.8669453	
0.15000062	-14.360347	
-2.3519995	-21.684656	
-4.9639997	-29.355553	
-7.5719995	-36.771751	
-10.125999	-43.172916	
-12.736	-49.180035	
-15.336	-55.651878	
-17.884001	-61.908405	
-20.498001	-66.370537	
-23.106001	-67.388176	
-20.952	-53.961758	
-18.342001	-44.227924	
-15.728	-35.035809	
-13.166	-26.553658	
-10.559999	-18.43539	
-7.9579997	-11.119578	
-5.4039998	-4.528738	
-2.7939994	2.9527199	
-0.18599939	11.020001	
2.3840008	18.825319	
4.986001	26.03437	
7.5960011	31.184252	
8.9640007	33.348881	
10.266001	35.211685	
11.570002	37.399815	
12.870001	39.964256	
14.168001	42.983559	
15.468001	46.041637	
16.718002	47.564758	
18.020002	48.558651	
19.324001	49.953049	
20.630001	50.712303	
21.932001	51.480927	
23.234001	52.514156	
22.134001	44.757854	
20.830002	39.545753	
19.520002	34.591724	
18.220001	29.846741	
16.914001	25.15999	
15.612001	20.686258	
14.342001	16.442217	
13.038001	12.11867	
11.738001	7.9870124	
10.430001	3.8464754	
9.1340008	-0.0523456	
7.8380008	-3.7519729	
6.578001	-7.2029099	
5.2720008	-10.719895	
3.9700007	-14.24834	
2.6660008	-17.842031	
1.3680006	-21.439829	
0.066000611	-24.921513	
-1.1839994	-27.9331	
-2.4859996	-31.219713	
-3.7859995	-34.331207	
-5.0959997	-37.239254	
-6.3919997	-39.825279	
-7.698	-42.32238	
-8.9639997	-44.454254	
-10.266	-46.614529	
-11.57	-48.494068	
-12.868	-50.302799	
-14.176	-52.046703	
-15.466001	-53.677883	
-16.722	-55.212379	
-18.030001	-57.134823	
-19.33	-59.040707	
-20.638	-61.021263	
-21.932001	-63.216988	
-23.236	-64.885704	
-22.144001	-57.503429	
-20.834	-51.507359	
-19.530001	-46.715969	
-18.224001	-41.966248	
-16.92	-37.446224	
-15.606	-32.945908	
-14.344	-28.806438	
-13.038	-24.582911	
-11.74	-20.606201	
-10.436	-16.7784	
-9.1379995	-13.123041	
-7.8339996	-9.7008772	
-6.5739999	-6.5111318	
-5.2739997	-3.0745175	
-3.9719996	0.64403033	
-2.6659994	4.502984	
-1.3659995	8.4800205	
-0.063999392	12.308986	
1.1900007	15.824195	
2.4940007	19.478495	
3.7960007	22.668434	
5.1000009	25.191893	
6.4020009	27.346434	
7.7040009	29.201324	
8.9460011	30.740364	
10.256001	32.064335	
11.552001	33.27887	
12.856001	34.47271	
14.158001	35.671066	
15.458001	37.295082	
16.720001	39.222607	
18.026001	41.432819	
19.326002	43.92955	
20.628002	46.567402	
21.934002	49.188911	
23.232002	50.958237	
22.138002	43.534889	
20.832001	38.38509	
19.524002	33.501331	
18.220001	28.774025	
16.918001	24.135143	
15.616001	19.686028	
14.346002	15.472829	
13.044002	11.226313	
11.738001	7.140399	
10.440001	3.080816	
9.1400013	-0.72197288	
7.8380008	-4.3141356	
6.5760007	-7.6886353	
5.2740006	-11.178175	
3.9700007	-14.653304	
2.6660008	-17.985241	
1.3660007	-21.059776	
0.064000614	-24.222654	
-1.1939994	-26.928289	
-2.4999995	-29.891571	
-3.7979996	-32.644463	
-5.1039996	-35.169357	
-6.4039998	-37.561176	
-7.7039995	-39.647427	
-8.9619999	-41.371429	
-10.262	-43.458965	
-11.566	-45.407394	
-12.866	-47.33704	
-14.164001	-49.068127	
-15.466001	-50.739231	
-16.728001	-52.249882	
-18.034	-54.362915	
-19.334	-56.43956	
-20.642	-58.591671	
-21.938	-60.963364	
-23.236	-63.290752	
-22.138	-55.977394	
-20.83	-50.056774	
-19.524	-45.266888	
-18.222	-40.620945	
-16.916	-36.117996	
-15.612	-31.673668	
-14.338	-27.594217	
-13.038	-23.419044	
-11.738	-19.512438	
-10.434	-15.764236	
-9.1359997	-12.192653	
-7.836	-8.8580341	
-6.5719995	-5.6963749	
-5.2679996	-2.1610482	
-3.9659996	1.5400462	
-2.6639996	5.3749285	
-1.3639995	9.2484617	
-0.063999392	12.98441	
1.1780007	16.362419	
2.4820008	19.56444	
3.7900007	22.353977	
5.092001	24.519505	
6.394001	26.391541	
7.6980009	27.940845	
8.960001	29.213558	
10.260001	30.405008	
11.562001	31.505646	
12.864001	32.681324	
14.166001	33.9734	
15.464002	35.681015	
16.718002	37.623901	
18.022001	39.761341	
19.328001	42.215145	
20.626001	44.801285	
21.934002	47.731857	
23.234001	50.143524	
22.140001	42.950512	
20.834002	37.842155	
19.532001	32.959801	
18.224001	28.262953	
16.918001	23.63036	
15.618001	19.218737	
14.342001	14.974885	
13.040001	10.787292	
11.742002	6.7300944	
10.438001	2.7091711	
9.1380014	-1.0573813	
7.8400011	-4.6214337	
6.5700011	-7.8521309	
5.2680011	-11.258029	
3.9680009	-14.636615	
2.6620007	-17.801702	
1.3620007	-20.870348	
0.064000614	-23.808323	
-1.7719995	-27.827652	
-3.7259996	-31.880611	
-5.6819997	-35.351791	
-7.6419997	-38.484402	
-9.592	-41.426014	
-11.54	-44.252052	
-13.434	-46.916222	
-15.394	-49.524593	
-17.344	-52.155098	
-19.296	-55.142193	
-21.25	-58.407387	
-23.198	-62.03233	
-24.202	-62.718082	
-25.174	-63.824852	
-26.152	-64.50985	
-27.132	-65.626503	
-28.104	-66.516258	
-29.082001	-67.560112	
-30.024	-68.477173	
-31	-69.654968	
-31.974001	-70.520103	
-32.950001	-71.498405	
-33.93	-72.771194	
-34.900002	-73.89328	
-33.204002	-63.646027	
-31.244001	-55.983585	
-29.288	-48.963078	
-27.33	-42.178997	
-25.374001	-35.718082	
-23.422001	-29.430651	
-21.526001	-23.66824	
-19.573999	-18.01071	
-17.616001	-12.724345	
-15.66	-7.7403836	
-13.71	-2.7629297	
-11.758	2.6804204	
-9.8559999	8.1820564	
-7.8999996	13.6915	
-5.9459996	18.60854	
-3.9939995	22.451672	
-2.0419996	25.093637	
-0.089999393	27.07869	
1.7840006	28.447172	
3.7380009	29.872341	
5.6920009	31.362658	
7.6460009	32.689987	
9.5940008	34.281849	
11.550001	36.257877	
13.438002	38.735996	
15.394001	42.003849	
17.346001	45.219013	
19.300001	48.391357	
21.252001	50.760086	
23.204002	53.093056	
24.204002	54.175522	
25.180002	55.636917	
26.160002	56.839832	
27.134003	57.957024	
28.110003	58.962124	
29.088001	59.959248	
30.024002	60.677235	
31.000002	61.814453	
31.976002	62.58128	
32.952003	63.355392	
33.930004	64.11821	
34.900002	64.95858	
33.200001	54.068768	
31.242002	46.35014	
29.278002	39.307961	
27.328001	32.540226	
25.376001	25.981314	
23.420002	19.70966	
21.524002	13.842854	
19.564001	8.0126028	
17.608002	2.3815815	
15.658001	-2.7658489	
13.708001	-7.357996	
11.754002	-11.76909	
9.8640013	-16.193787	
7.9160008	-20.569986	
5.960001	-24.265123	
4.0040007	-27.766689	
2.0500007	-30.943817	
0.10400061	-33.61673	
-1.7639995	-36.038162	
-3.7219996	-38.533905	
-5.6819997	-40.833347	
-7.6379995	-42.893265	
-9.5900002	-44.69257	
-11.538	-46.252975	
-13.432	-47.637428	
-15.388	-48.879124	
-17.344	-50.019485	
-19.300001	-51.771297	
-21.25	-53.675964	
-23.198	-55.780045	
-24.202	-56.547176	
-25.18	-57.708271	
-26.158001	-58.652733	
-27.136002	-59.9879	
-28.110001	-61.34029	
-29.09	-62.72377	
-30.016001	-63.952579	
-30.998001	-65.461266	
-31.972	-66.957184	
-32.950001	-68.654518	
-33.922001	-70.481285	
-34.896	-72.176926	
-33.192001	-61.524914	
-31.234001	-54.284824	
-29.276001	-47.312527	
-27.318001	-40.639267	
-25.368	-34.238136	
-23.414	-28.196972	
-21.518	-22.601227	
-19.562	-17.134527	
-17.606001	-12.030667	
-15.652	-7.154695	
-13.702	-2.1977801	
-11.748	2.9360831	
-9.8640003	7.8807583	
-7.908	12.613911	
-5.9519997	16.711533	
-3.9979997	19.576378	
-2.0479994	21.702591	
-0.097999394	23.28878	
1.8020006	24.457293	
3.7520008	25.626184	
5.7080007	27.005018	
7.6620011	28.325556	
9.6120014	29.639061	
11.562001	31.274612	
13.446001	32.96257	
15.400002	35.209003	
17.354002	37.649246	
19.306002	40.206383	
21.256002	42.907459	
23.208002	45.743366	
24.214003	47.211456	
25.190002	48.897446	
26.168001	50.342506	
27.144001	51.749523	
28.120003	53.151997	
29.094002	54.449047	
30.038002	55.592655	
31.012003	57.152142	
31.986002	58.645172	
32.962002	60.031498	
33.934002	61.32946	
34.908001	62.61261	
33.200001	52.925476	
31.244001	45.255344	
29.284002	38.288597	
27.326002	31.54649	
25.372002	25.051844	
23.420002	18.857439	
21.508001	13.007037	
19.556002	7.2746978	
17.602001	1.7837778	
15.648002	-2.9856958	
13.696001	-7.4700112	
11.744001	-11.873693	
9.8780012	-15.94955	
7.9220009	-19.970943	
5.966001	-23.474226	
4.0080009	-26.80455	
2.0560007	-29.615538	
0.10600062	-32.124775	
-1.7639995	-34.362663	
-3.7199996	-36.816628	
-5.6779995	-39.021904	
-7.6359997	-40.961308	
-9.5839996	-42.599072	
-11.536	-44.069725	
-12.54	-44.025768	
-13.516	-44.947025	
-14.494	-45.39677	
-15.472	-45.86821	
-16.452	-46.525288	
-17.43	-47.066353	
-18.372	-47.763577	
-19.35	-48.625572	
-20.323999	-49.574089	
-21.298	-50.549004	
-22.276001	-51.673931	
-23.25	-52.979839	
-24.194	-53.819118	
-25.172001	-54.997375	
-26.152	-56.276909	
-27.130001	-57.293896	
-28.102001	-58.647625	
-29.08	-60.100708	
-30.026001	-61.001198	
-31.002001	-62.833828	
-31.976002	-64.614014	
-32.952	-66.708801	
-33.926003	-68.662163	
-34.902	-70.521637	
-35.846001	-72.011673	
-36.822002	-73.538795	
-37.802002	-75.049805	
-38.782001	-76.447639	
-39.756001	-77.688354	
-40.732002	-79.262215	
-41.670002	-80.183258	
-42.646	-81.840904	
-43.622002	-83.35067	
-44.596001	-84.803123	
-45.572002	-86.2118	
-46.546001	-87.567657	
-44.844002	-76.543762	
-42.888	-69.083076	
-40.928001	-61.852974	
-38.974003	-55.00943	
-37.02	-48.444248	
-35.066002	-42.105583	
-33.174	-36.259602	
-31.216002	-30.347771	
-29.26	-24.719225	
-27.304001	-19.447548	
-25.356001	-14.437776	
-23.402	-9.7511721	
-21.524	-5.5075274	
-19.568001	-0.81925368	
-17.612	3.903399	
-15.66	8.6928625	
-13.706	12.857272	
-11.752	16.690027	
-9.8579998	19.169926	
-7.902	21.017023	
-5.9479995	22.161615	
-3.9939995	23.164824	
-2.0419996	24.198164	
-0.093999393	25.109831	
1.7800007	26.193935	
3.7360008	27.185505	
5.6920009	28.313051	
7.650001	29.647444	
9.6020012	30.996759	
11.550001	32.813969	
12.546001	33.606754	
13.524001	34.920113	
14.502002	36.048668	
15.478002	37.235176	
16.454	38.398876	
17.432001	39.516273	
18.370001	40.304527	
19.344002	41.651485	
20.322002	42.818211	
21.298002	43.983532	
22.274002	45.210835	
23.248001	46.442177	
24.182001	47.293896	
25.164001	48.719719	
26.144001	49.931366	
27.122002	51.096031	
28.100002	52.315987	
29.076002	53.539906	
30.012003	54.502277	
30.992002	55.987576	
31.968002	57.6577	
32.944004	59.18737	
33.920002	60.500118	
34.896004	61.240215	
35.850002	62.044094	
36.824001	63.411346	
37.804001	64.403809	
38.780003	65.294151	
39.754002	66.136612	
40.732002	67.01976	
41.662003	67.194389	
42.642002	68.639374	
43.618004	69.623535	
44.594002	70.494553	
45.580002	70.484848	
46.546001	72.060127	
44.832005	61.643394	
42.878002	53.982311	
40.920002	46.767002	
38.964001	40.072903	
37.012001	33.57872	
35.062004	27.377836	
33.170002	21.606758	
31.216002	15.678244	
29.260002	10.122623	
27.306002	4.7667713	
25.356001	-0.092391126	
23.404001	-4.4916606	
21.508001	-8.4757862	
19.552002	-12.766701	
17.598001	-17.125832	
15.648002	-21.119356	
13.696001	-24.152903	
11.742002	-26.953674	
9.8600006	-29.18424	
7.9060011	-31.104797	
5.9520011	-32.980209	
4.000001	-34.643909	
2.0480008	-36.194908	
0.096000612	-37.351913	
-1.7599995	-38.12455	
-3.7219996	-39.111179	
-5.6759996	-39.725475	
-7.6299996	-40.198757	
-9.5859995	-40.714176	
-11.542	-41.383484	
-12.556	-41.421474	
-13.532	-41.938896	
-14.51	-42.552128	
-15.488	-43.012119	
-16.460001	-43.531116	
-17.434	-44.101788	
-18.375999	-44.698757	
-19.352001	-45.469151	
-20.328001	-46.284088	
-21.304001	-47.447166	
-22.280001	-48.317429	
-23.252001	-49.324051	
-24.206001	-50.167175	
-25.184	-51.269535	
-26.16	-52.227577	
-27.134001	-53.247482	
-28.108	-54.398361	
-29.084002	-55.506397	
-30.028	-56.085835	
-31.006001	-57.850204	
-31.980001	-58.841335	
-32.954002	-60.375126	
-33.93	-61.198952	
-34.903999	-62.224628	
-35.84	-63.315784	
-36.818001	-64.98941	
-37.800003	-66.799561	
-38.776001	-68.3927	
-39.752003	-70.388298	
-40.73	-71.879501	
-41.674	-74.032257	
-42.650002	-76.391388	
-43.626003	-78.799675	
-44.604	-80.867683	
-45.578003	-82.947197	
-46.550003	-85.018013	
-44.84	-74.370453	
-42.880001	-66.915192	
-40.926003	-59.885288	
-38.972	-53.157047	
-37.018002	-46.702629	
-35.066002	-40.474365	
-33.158001	-34.667938	
-31.206001	-28.995354	
-29.252001	-23.551615	
-27.296001	-18.523935	
-25.346001	-13.718882	
-23.396	-9.2782326	
-21.516001	-5.2395239	
-19.562	-0.64971656	
-17.610001	3.7963986	
-15.652	7.9188657	
-13.7	11.753798	
-11.748	14.67315	
-9.8579998	16.712217	
-7.902	18.051125	
-5.9479995	19.055622	
-3.9939995	20.030624	
-2.0439994	20.978441	
-0.093999393	21.850729	
1.7820007	22.794401	
3.7380009	23.912931	
5.6960011	24.933691	
7.6480012	26.120832	
9.6020012	27.603317	
11.552001	29.141888	
12.542001	29.607401	
13.522001	30.711411	
14.500001	31.647572	
15.478002	32.656181	
16.454	33.59956	
17.432001	34.575203	
18.374001	35.294868	
19.350002	36.510738	
20.326002	37.633911	
21.300001	38.660793	
22.276001	39.628796	
23.250002	40.594395	
24.188002	41.231693	
25.168001	42.458641	
26.148003	43.477982	
27.126001	44.491589	
28.102001	45.497749	
29.080002	46.540558	
30.016003	47.285965	
30.990002	48.683418	
31.968002	49.934597	
32.944004	51.131851	
33.920002	51.702248	
34.894001	52.985474	
35.834003	53.856842	
36.816002	55.261124	
37.794003	56.514492	
38.772003	57.994125	
39.748001	59.350727	
40.726002	60.639332	
41.672001	61.637981	
42.650002	63.615128	
43.626003	65.421913	
44.600002	66.513329	
45.576004	68.212791	
46.552002	69.778961	
44.848003	60.199314	
42.894001	52.645412	
40.936001	45.5345	
38.984001	38.902752	
37.024002	32.452873	
35.070004	26.216772	
33.158001	20.480152	
31.204002	14.686686	
29.250002	9.1804161	
27.296001	3.9709804	
25.344002	-0.62945944	
23.398003	-4.9107041	
21.518002	-8.7037935	
19.562002	-12.892908	
17.606001	-17.183491	
15.652001	-20.925301	
13.702002	-23.811396	
11.750001	-26.534542	
9.8460007	-28.542952	
7.8960009	-30.403709	
5.9440007	-32.085285	
3.9920008	-33.490414	
2.0400007	-34.628857	
0.090000615	-35.698219	
-2.1039994	-36.35743	
-4.4539995	-36.991283	
-6.8059998	-37.703876	
-9.1519995	-38.556934	
-11.498	-39.381317	
-13.84	-40.303814	
-15.046	-40.55262	
-16.226	-41.360271	
-17.402	-42.137226	
-18.572001	-42.967964	
-19.743999	-43.572086	
-20.912001	-44.846375	
-22.048	-46.17598	
-23.220001	-47.037766	
-24.392	-48.650272	
-25.566	-49.644287	
-26.736	-50.954235	
-27.904001	-52.154148	
-29.022001	-53.377491	
-30.196001	-54.593834	
-31.370001	-55.946606	
-32.544003	-57.49519	
-33.714001	-58.915314	
-34.889999	-60.027351	
-36.006001	-61.35667	
-37.182003	-63.294834	
-38.356003	-65.120377	
-39.528	-67.520599	
-40.700001	-70.141426	
-41.870003	-72.089355	
-43.018002	-75.114998	
-44.194	-77.989166	
-45.362003	-80.78141	
-46.536003	-83.497406	
-47.700001	-85.906906	
-48.870003	-87.775597	
-50	-89.686775	
-51.174004	-92.14003	
-52.344002	-94.238762	
-53.52	-96.227882	
-54.688004	-98.086639	
-55.858002	-99.881798	
-56.994003	-101.27949	
-58.166	-103.34516	
-59.334003	-105.0308	
-60.512001	-106.44326	
-61.682003	-108.13325	
-62.852001	-109.84315	
-63.970001	-110.26605	
-65.146004	-112.51402	
-66.318001	-114.18593	
-67.494003	-115.62265	
-68.662003	-116.87035	
-69.836006	-118.0239	
-66.730003	-100.0545	
-63.210003	-86.755768	
-59.682003	-74.1101	
-56.160004	-62.408787	
-52.646004	-51.265583	
-49.130001	-40.844891	
-45.706001	-31.459051	
-42.194	-22.545206	
-38.670002	-14.66064	
-35.156002	-7.3841796	
-31.640001	-0.89598656	
-28.126001	6.0537882	
-23.67	13.887571	
-18.976	18.984465	
-14.286	21.311705	
-9.5959997	22.657454	
-4.9119997	24.316008	
-0.22999941	26.016449	
2.1440008	27.193743	
4.4900007	28.316336	
6.8360009	29.14673	
9.1820011	30.582848	
11.526001	32.244778	
13.864001	33.733448	
15.082002	34.539146	
16.254002	35.618729	
17.424002	36.581409	
18.590002	37.668125	
19.760002	38.670727	
20.928001	39.773972	
22.048002	40.558762	
23.220001	41.822163	
24.392002	42.909409	
25.566002	43.993488	
26.734001	44.969963	
27.904001	46.375488	
29.042002	47.526112	
30.216002	49.182758	
31.386002	50.692574	
32.558002	51.832058	
33.728001	52.995323	
34.898003	54.174973	
36.022003	54.766426	
37.196003	56.419762	
38.368004	58.065243	
39.540001	59.668221	
40.712002	61.346642	
41.882004	63.115406	
42.996002	64.089035	
44.176003	65.887939	
45.346004	67.342911	
46.520004	69.177559	
47.692001	70.149391	
48.868004	72.008377	
50.004002	73.614891	
51.172005	76.018776	
52.348003	78.095619	
53.520004	80.054451	
54.692001	81.296066	
55.860004	83.094582	
56.992004	84.058235	
58.166004	86.278046	
59.340004	88.050537	
60.510002	88.803337	
61.682003	90.78611	
62.852005	92.395164	
63.984005	93.136124	
65.160004	95.316391	
66.332001	96.94606	
67.5	97.511162	
68.674004	99.352432	
69.846001	100.62144	
66.738007	83.411079	
63.214005	70.027267	
59.692005	57.704205	
56.170002	46.313316	
52.656002	35.514061	
49.140003	25.352798	
45.698002	16.108158	
42.186001	7.2643108	
38.670002	-0.54832429	
35.154003	-7.1662679	
31.638002	-13.481374	
28.132002	-19.857519	
23.666002	-25.872625	
18.972002	-30.033472	
14.286001	-32.689232	
9.5960007	-34.712498	
4.9120007	-35.949535	
0.23000062	-37.073383	
-2.1499994	-37.688831	
-4.4959998	-38.507717	
-6.8419995	-39.319218	
-9.184	-39.986507	
-11.526	-41.0243	
-13.868	-42.100426	
-15.068	-42.294823	
-16.24	-42.842323	
-17.41	-43.195492	
-18.58	-43.995083	
-19.754	-44.757694	
-20.92	-45.6185	
-22.046	-45.668682	
-23.218	-46.700092	
-24.392	-47.552765	
-25.562	-48.553879	
-26.732	-49.5075	
-27.904001	-50.483105	
-29.030001	-50.993259	
-30.204	-52.079002	
-31.376001	-53.156952	
-32.538002	-53.803532	
-33.720001	-54.826447	
-34.892002	-55.888214	
-36.016003	-56.847713	
-37.192001	-58.112534	
-38.364002	-59.357727	
-39.534	-60.65419	
-40.708	-61.963348	
-41.882	-63.141537	
-43.014	-64.484497	
-44.188	-66.233963	
-45.364002	-68.301903	
-46.532001	-70.039337	
-47.702003	-72.216476	
-48.872002	-73.406326	
-50.004002	-75.59404	
-51.178001	-78.219757	
-52.348003	-80.774467	
-53.52	-83.160919	
-54.692001	-85.734543	
-55.862003	-87.360771	
-56.998001	-89.283928	
-58.168003	-92.183983	
-59.336002	-94.948463	
-60.510002	-97.499123	
-61.684002	-99.336258	
-62.848003	-101.9018	
-63.984001	-103.93197	
-65.158005	-106.56015	
-66.330002	-108.8243	
-67.501999	-111.12344	
-68.672005	-113.38922	
-69.844002	-114.76917	
-66.732002	-98.356911	
-63.210003	-85.220299	
-59.686001	-72.978905	
-56.166	-61.465088	
-52.650002	-50.550453	
-49.134003	-40.509029	
-45.694	-31.405182	
-42.178001	-22.95767	
-38.66	-15.420555	
-35.148003	-8.5505466	
-31.634001	-2.4160929	
-28.124001	3.7629979	
-23.630001	10.916621	
-18.940001	15.222198	
-14.254	17.062487	
-9.5699997	18.140028	
-4.8859997	19.48333	
-0.2099994	20.989044	
2.1880007	22.022554	
4.532001	23.132265	
6.8720012	24.146912	
9.2120008	25.014004	
11.552001	26.199492	
13.890001	27.511141	
15.090001	28.158455	
16.260002	29.03919	
17.428001	29.894724	
18.598001	30.682234	
19.766001	31.049305	
20.932001	31.985664	
22.062002	32.681129	
23.236002	33.873093	
24.412003	34.856159	
25.574001	35.877785	
26.744001	36.995617	
27.914001	37.902725	
29.038002	38.52343	
30.214003	39.700047	
31.382002	40.737572	
32.554001	41.781574	
33.726002	42.41964	
34.900002	43.572201	
36.032001	44.36171	
37.206001	45.666721	
38.378002	46.878666	
39.548004	48.097507	
40.718002	49.34499	
41.890003	50.399906	
43.020004	51.11599	
44.192001	52.882935	
45.364002	54.206039	
46.538002	54.922764	
47.708004	56.577309	
48.876003	58.651817	
50.002003	59.776222	
51.176003	61.973057	
52.350002	64.134399	
53.520004	66.407982	
54.690002	68.117508	
55.862003	70.552132	
57.002003	72.436516	
58.174004	75.328018	
59.346004	77.908401	
60.514004	79.764275	
61.688004	82.448685	
62.858002	85.020599	
63.992004	87.170326	
65.166	89.96756	
66.336006	92.485809	
67.508003	93.96563	
68.678001	96.293831	
69.850006	98.376892	
66.736	82.001701	
63.214005	68.672112	
59.690002	56.443733	
56.164001	45.19854	
52.654003	34.535961	
49.138004	24.490053	
45.718002	15.429281	
42.196003	6.8849416	
38.680004	-0.63646311	
35.168003	-7.1277795	
31.652002	-13.242355	
28.140001	-19.426054	
23.654001	-24.852528	
18.964001	-28.353506	
14.276001	-30.583725	
9.5860014	-32.065083	
4.9040008	-33.132687	
0.22400062	-34.266403	
-2.3659995	-34.861641	
-4.9719996	-36.041828	
-7.5819998	-36.841568	
-10.188	-37.747406	
-12.79	-38.881134	
-15.398	-39.870777	
-16.73	-40.070007	
-18.032	-40.724171	
-19.34	-41.477146	
-20.638	-42.315453	
-21.938	-43.040676	
-23.24	-43.877468	
-24.494001	-44.046112	
-25.798	-45.040188	
-27.1	-46.192173	
-28.404001	-47.25769	
-29.706001	-48.2869	
-31.006001	-49.4175	
-32.266003	-49.895645	
-33.560001	-51.2728	
-34.868	-52.720196	
-36.167999	-53.551102	
-37.470001	-54.868767	
-38.774002	-56.400043	
-40.026001	-57.25581	
-41.328003	-59.012905	
-42.630001	-60.63308	
-43.934002	-61.433456	
-45.238003	-63.788067	
-46.540001	-65.888138	
-48.938004	-70.161369	
-51.550003	-75.191032	
-54.158001	-79.929756	
-56.766003	-85.682137	
-59.372002	-90.618843	
-61.970001	-96.640457	
-63.326004	-99.370193	
-64.630005	-102.43121	
-65.931999	-105.45872	
-67.234001	-107.73541	
-68.534004	-110.57525	
-69.836006	-113.28975	
-71.076004	-114.96627	
-72.380005	-117.75806	
-73.686005	-119.7634	
-74.990005	-121.66462	
-76.294006	-123.0791	
-77.594002	-124.86618	
-78.850006	-125.88797	
-80.154007	-128.17451	
-81.458	-129.91115	
-82.758003	-131.37943	
-84.064003	-131.86006	
-85.362007	-133.58095	
-86.614006	-134.02922	
-87.918007	-136.05478	
-89.220001	-137.45543	
-90.526001	-138.59238	
-91.830002	-139.13359	
-93.130005	-140.52107	
-89.684006	-120.33205	
-85.766006	-105.73366	
-81.852005	-91.819435	
-77.940002	-78.763565	
-74.032005	-66.281982	
-70.128006	-54.503014	
-66.350006	-44.028545	
-62.436001	-33.86393	
-58.526001	-24.868511	
-54.618004	-16.680214	
-50.712002	-9.238204	
-46.808002	-2.7717049	
-43.038002	2.7232161	
-39.128002	8.557621	
-35.214001	13.28597	
-31.306002	16.353289	
-27.402	17.999569	
-23.498001	19.081242	
-19.732	20.549471	
-15.822001	21.585764	
-11.91	23.176291	
-8	24.478355	
-4.0959997	26.286089	
-0.1959994	27.541462	
2.3640008	28.547987	
4.9720011	29.763227	
7.5800009	30.552727	
10.188001	31.746813	
12.792001	33.147781	
15.392001	34.480797	
16.730001	34.363438	
18.036001	35.54245	
19.338001	36.418037	
20.644001	37.26046	
21.942001	38.041878	
23.242002	38.795681	
24.502003	38.471241	
25.804003	40.140945	
27.106003	41.119595	
28.410002	41.512794	
29.710003	42.180592	
31.012003	43.299938	
32.256001	43.949409	
33.560001	45.13345	
34.862003	46.61377	
36.162003	48.230396	
37.464001	49.832203	
38.768002	50.530991	
40.020004	51.564793	
41.322002	53.589119	
42.630001	55.400234	
43.932003	57.374435	
45.236004	59.522175	
46.534004	61.63834	
47.784004	62.625931	
49.086002	65.279533	
50.394005	67.68309	
51.696003	69.985008	
53.002003	71.431854	
54.300003	74.009941	
55.564003	76.060127	
56.864002	78.672264	
58.170002	81.32515	
59.474003	82.916122	
60.768005	85.488907	
62.070004	87.875153	
63.314003	89.603867	
64.620003	92.227921	
65.922005	94.817993	
67.228004	96.101166	
68.530006	98.359497	
69.834007	100.50755	
71.088005	101.65382	
72.392006	103.28036	
73.698006	103.70465	
75.000008	104.61177	
76.300003	106.40594	
77.604004	107.13851	
78.874001	107.93382	
80.170006	109.83379	
81.470001	111.50544	
82.772003	112.95396	
84.072006	114.32833	
85.370003	115.61089	
86.628006	115.93615	
87.934006	117.85275	
89.236008	119.18398	
90.538002	120.40732	
91.840004	121.50592	
93.140007	122.56893	
89.680008	102.39397	
85.764008	87.420319	
81.852005	73.474297	
77.940002	60.674835	
74.034004	48.931976	
70.126007	37.728985	
66.332001	27.588095	
62.418003	17.738653	
58.512005	8.7098846	
54.606003	0.68928945	
50.700005	-6.0388184	
46.798004	-11.977402	
42.994003	-17.457525	
39.088001	-22.808659	
35.184002	-26.660913	
31.280003	-29.639719	
27.376001	-31.881832	
23.478003	-33.811928	
19.712002	-35.020531	
15.804002	-36.435768	
11.898001	-37.747833	
7.9920011	-38.842854	
4.0860009	-40.083633	
0.18600062	-41.102531	
-2.3579996	-41.752945	
-4.9679995	-42.430988	
-7.5759997	-43.181213	
-10.176	-44.027248	
-12.786	-44.805584	
-15.388	-45.64785	
-16.728001	-45.988235	
-18.030001	-46.85339	
-19.332001	-47.328918	
-20.636	-48.056698	
-21.938	-48.669079	
-23.238001	-49.523239	
-24.484001	-49.979668	
-25.788	-50.570629	
-27.094	-51.617641	
-28.398001	-52.449509	
-29.702002	-53.126713	
-31.002001	-53.913616	
-31.1	-52.958702	
-33.294003	-55.150078	
-34.598	-56.095467	
-35.898003	-57.003555	
-37.198002	-57.862415	
-38.496002	-58.197357	
-40.002003	-59.011044	
-41.306	-60.521656	
-42.612	-61.80212	
-43.918003	-62.841759	
-45.224003	-64.369667	
-46.524002	-65.668915	
-47.782001	-66.747635	
-49.086002	-68.458321	
-50.392002	-70.12529	
-51.694	-71.912865	
-52.998001	-72.847366	
-54.298	-75.026184	
-55.552002	-76.551117	
-56.856003	-79.107422	
-58.158001	-81.344666	
-59.458004	-83.69912	
-60.760002	-85.83876	
-62.058002	-87.150749	
-63.318001	-89.048828	
-64.624001	-91.918175	
-65.928001	-94.094078	
-67.232002	-96.438889	
-68.532005	-98.924126	
-69.834	-100.29731	
-71.076004	-102.19373	
-72.382004	-104.86996	
-73.686005	-107.33659	
-74.990005	-109.89445	
-76.298004	-111.2793	
-77.596001	-114.05683	
-78.844002	-115.74092	
-80.146004	-118.7401	
-81.452003	-121.12603	
-82.752007	-123.52543	
-84.054001	-125.6875	
-85.356003	-127.20946	
-86.610001	-128.8839	
-87.920006	-131.39983	
-89.218002	-133.39754	
-90.524002	-135.3927	
-91.826004	-137.01398	
-93.126007	-138.8295	
-89.676003	-118.59994	
-85.756004	-104.23531	
-81.848	-90.421761	
-77.936005	-77.75502	
-74.020004	-65.555847	
-70.122002	-54.082146	
-66.322006	-43.933838	
-62.410004	-34.148254	
-58.502003	-25.515139	
-54.598003	-17.732244	
-50.692001	-10.609092	
-46.790001	-4.4440846	
-43.032001	0.7268874	
-39.116001	6.2487245	
-35.208	10.920951	
-31.304001	14.029908	
-27.398001	15.381673	
-23.498001	16.400156	
-19.698	17.557449	
-15.792	18.712757	
-11.884	20.057568	
-7.9839997	21.414206	
-4.0759997	23.022362	
-0.17799941	24.239048	
2.3720007	25.176943	
4.9840007	26.299824	
7.5940008	26.924591	
10.194001	28.328676	
12.796001	29.497421	
15.398002	30.701714	
16.748001	30.509254	
18.050001	31.207676	
19.352001	31.669703	
20.652002	32.736938	
21.950001	33.397842	
23.250002	34.038376	
24.512001	34.301914	
25.814001	35.080883	
27.116001	35.619972	
28.414001	36.103073	
29.718002	36.879677	
31.016003	37.456348	
32.268002	37.939648	
33.570004	39.270699	
34.870003	40.1479	
36.170002	41.324654	
37.470001	42.590023	
38.768002	43.714294	
40.036003	43.961411	
41.338001	45.366005	
42.642002	46.716953	
43.944004	47.997242	
45.244003	49.2677	
46.544003	50.636856	
47.802002	50.943085	
49.102001	53.443012	
50.406002	55.25885	
51.708004	56.54258	
53.008003	58.522015	
54.310001	60.674454	
55.570004	62.525349	
56.872002	64.880447	
58.172005	66.934845	
59.472004	68.404877	
60.772003	70.934029	
62.070004	73.101738	
63.332005	75.110489	
64.634003	77.591095	
65.936005	80.195518	
67.240005	81.798683	
68.540001	84.233032	
69.842003	86.560898	
71.100006	88.391327	
72.402	91.117447	
73.712006	91.666382	
75.008003	94.954437	
76.314003	96.516403	
77.610001	98.668579	
78.876007	99.911407	
80.176003	101.49696	
81.476006	102.881	
82.776001	104.82253	
84.076004	106.20688	
85.374008	108.01841	
86.622002	109.40787	
87.926003	112.23876	
89.230003	114.37744	
90.532005	116.27609	
91.836006	118.04762	
93.136002	119.71314	
89.678001	100.39677	
85.766006	85.616653	
81.850006	71.734818	
77.938004	59.154865	
74.032005	47.554672	
70.126007	36.510963	
66.378006	26.867521	
62.460003	17.241407	
58.548004	8.5738344	
54.638004	1.0095602	
50.728004	-5.4391642	
46.824001	-11.162096	
43.048004	-16.325409	
39.138004	-21.383083	
35.224003	-24.788548	
31.316002	-27.224216	
27.406002	-29.044355	
23.504002	-30.511959	
19.726002	-31.403009	
15.816001	-32.48494	
11.906001	-33.734161	
7.9980011	-34.922867	
4.0940008	-36.461441	
0.19400062	-37.807014	
-2.5159996	-38.64785	
-5.3119998	-39.579712	
-8.1079998	-40.500832	
-10.901999	-41.390144	
-13.694	-42.544762	
-16.48	-43.496883	
-17.932001	-43.79652	
-19.323999	-44.127968	
-20.722	-45.214317	
-22.114	-46.036152	
-23.508001	-46.497932	
-24.898001	-47.260464	
-26.234001	-47.61623	
-27.632	-48.359715	
-29.030001	-49.231388	
-30.426001	-50.028973	
-31.822001	-50.88456	
-33.218002	-51.7444	
-34.554001	-52.331066	
-35.954002	-53.465286	
-37.350002	-54.557789	
-38.75	-54.89571	
-40.140003	-55.961594	
-41.534	-57.209518	
-42.864002	-57.736649	
-44.262001	-59.373859	
-45.66	-60.813099	
-47.056	-62.118141	
-48.452003	-63.583191	
-49.848003	-65.258423	
-51.198002	-65.921089	
-52.594002	-67.944519	
-53.992001	-70.020882	
-55.386002	-72.215973	
-56.786003	-74.441231	
-58.176003	-75.757339	
-59.528004	-77.988312	
-60.924004	-80.538589	
-62.320004	-82.971405	
-63.712002	-85.548943	
-65.106003	-87.885078	
-66.5	-89.539383	
-67.846001	-91.793556	
-69.244003	-94.451942	
-70.638	-97.115364	
-72.034004	-99.776924	
-73.428001	-101.40488	
-74.82	-104.09903	
-76.172005	-106.30692	
-77.568001	-109.37203	
-78.962006	-111.99747	
-80.358002	-114.67754	
-81.752007	-116.78337	
-83.142006	-119.5597	
-84.490005	-121.33625	
-85.882004	-124.38913	
-87.282005	-126.92775	
-88.678001	-129.41585	
-90.074005	-131.70976	
-91.474007	-133.70261	
-92.822006	-135.03218	
-94.216003	-137.40439	
-95.612007	-139.65097	
-97.006004	-141.27998	
-98.402	-142.01302	
-99.794006	-143.39952	
-101.12601	-143.83952	
-102.51801	-146.09248	
-103.91801	-147.14685	
-105.314	-148.50957	
-106.71001	-149.1657	
-108.108	-149.95174	
-109.44801	-149.8154	
-110.844	-151.87782	
-112.242	-152.62914	
-113.63801	-152.87323	
-115.034	-153.64218	
-116.424	-154.60202	
-110.18201	-120.60646	
-103.2	-95.971474	
-96.212006	-73.851501	
-89.232002	-53.825317	
-82.254005	-36.169029	
-75.278	-21.519075	
-69.744003	-11.608205	
-64.162003	-2.935338	
-58.582001	4.3850923	
-53.008003	10.882634	
-47.436001	14.805878	
-41.862	16.931059	
-35.188	19.24955	
-28.204	21.276463	
-21.23	23.943439	
-14.252	26.690929	
-7.29	29.363569	
-0.3219994	31.549425	
2.6260006	32.678169	
5.4160008	34.059578	
8.2040014	34.876629	
10.984001	36.161152	
13.766002	37.652042	
16.546001	38.975899	
17.976002	38.52562	
19.366001	39.514389	
20.752001	40.300129	
22.148001	40.878139	
23.538002	41.691647	
24.926003	42.49963	
26.270002	42.975731	
27.658003	44.307461	
29.054003	45.388653	
30.446003	45.858921	
31.844002	47.11179	
33.236004	48.075241	
34.576004	48.518288	
35.972004	50.272057	
37.366001	51.687782	
38.760002	53.241661	
40.152004	55.080334	
41.546001	56.335121	
42.898003	57.834068	
44.292004	59.979156	
45.688004	62.073959	
47.084003	64.118225	
48.476002	65.975533	
49.868004	67.540199	
51.222004	69.316254	
52.618004	71.658562	
54.012005	73.76815	
55.406002	75.776863	
56.798004	77.245895	
58.190002	79.460297	
59.538002	80.971024	
60.934002	83.506378	
62.328003	85.495033	
63.722004	87.009407	
65.118004	89.05648	
66.508003	91.226334	
67.856003	92.628242	
69.254005	94.773872	
70.650002	96.259735	
72.042007	97.970863	
73.436005	99.320984	
74.828003	100.67311	
76.178001	101.70107	
77.574005	103.54438	
78.968002	105.20879	
80.362007	106.41177	
81.754005	108.04477	
83.148003	109.80819	
84.496002	111.0095	
85.894005	113.28376	
87.290009	115.20311	
88.686005	116.84395	
90.078003	117.94191	
91.474007	119.73872	
92.824005	120.37163	
94.220009	122.51237	
95.614006	123.91133	
97.008003	125.12029	
98.404007	126.12666	
99.796005	127.17622	
101.13	126.92125	
102.52801	128.70757	
103.924	129.74373	
105.32001	130.61894	
106.716	131.44966	
108.10801	132.22108	
109.45801	131.87814	
110.85801	133.55096	
112.25401	134.34525	
113.65001	135.10765	
115.04201	135.71619	
116.436	136.0593	
110.19801	105.39631	
103.218	80.59507	
96.232002	58.90612	
89.244003	39.970482	
82.268005	23.044348	
75.296005	8.5484896	
69.852005	-0.64716977	
64.268005	-8.5646801	
58.674004	-15.721209	
53.088001	-21.949812	
47.510002	-26.283449	
41.926003	-29.847954	
35.276001	-32.881985	
28.286001	-35.772785	
21.304001	-38.398834	
14.324001	-41.038513	
7.348001	-43.645874	
0.37200063	-45.428265	
-2.5559995	-46.004341	
-5.3479996	-47.162724	
-8.1399994	-48.183846	
-10.93	-49.209354	
-13.716	-50.319355	
-16.504	-51.565765	
-17.938	-51.79142	
-19.33	-52.44138	
-20.726	-53.262558	
-22.118	-54.02552	
-23.512001	-54.68618	
-24.900002	-55.429775	
-26.252001	-55.75914	
-27.648001	-56.563095	
-29.044001	-57.358162	
-30.440001	-58.04092	
-31.828001	-58.898708	
-33.228001	-59.39283	
-34.57	-60.0802	
-35.968002	-61.00882	
-37.362	-62.073017	
-38.756001	-62.866196	
-40.150002	-63.828876	
-41.538002	-63.837624	
-42.892002	-64.684326	
-44.288002	-66.087196	
-45.682003	-67.333221	
-47.078003	-68.55043	
-48.472	-69.615181	
-49.864002	-70.991959	
-51.204002	-71.902901	
-52.606003	-73.74649	
-54.000004	-74.056633	
-55.396004	-76.262238	
-56.790001	-78.072464	
-58.182003	-79.827835	
-59.530003	-81.282692	
-60.926003	-83.40744	
-62.320004	-85.357071	
-63.716003	-87.26429	
-65.110001	-88.51265	
-66.504005	-90.436996	
-67.848	-92.011932	
-69.240005	-94.302025	
-70.636002	-96.581696	
-72.032005	-98.499565	
-73.426003	-100.6104	
-74.82	-101.79587	
-76.166	-103.36743	
-77.564003	-105.83364	
-78.958	-108.19939	
-80.354004	-110.03685	
-81.746002	-112.16834	
-83.136002	-113.93552	
-84.488007	-115.438	
-85.886002	-117.89793	
-87.286003	-119.35668	
-88.68	-121.465	
-90.076004	-123.30119	
-91.470001	-125.33224	
-92.818001	-126.3386	
-94.214005	-128.80487	
-95.610001	-130.69308	
-97.004005	-132.06032	
-98.398003	-133.94025	
-99.792007	-135.73996	
-101.136	-136.38701	
-102.53001	-138.92625	
-103.926	-140.73882	
-105.32201	-141.9086	
-106.716	-143.41525	
-108.108	-144.85275	
-109.44601	-145.06577	
-110.842	-147.6541	
-112.24001	-148.80731	
-113.62801	-149.76811	
-115.03001	-151.10912	
-116.424	-152.12775	
-110.176	-120.25819	
-103.19401	-95.946404	
-96.208	-74.307213	
-89.228004	-54.839405	
-82.246002	-37.849972	
-75.282005	-23.646229	
-69.720001	-14.230582	
-64.139999	-6.2403045	
-58.564003	0.9651913	
-52.994003	7.6235318	
-47.420002	12.605244	
-41.850002	15.445387	
-35.196003	17.977345	
-28.212	20.249844	
-21.236	22.546289	
-14.262	24.715801	
-7.2919998	27.073698	
-0.32599941	29.241602	
2.6480007	29.89716	
5.4300008	30.994322	
8.210001	31.698694	
10.994001	32.871468	
13.774001	33.956505	
16.554001	34.706936	
17.946001	34.49894	
19.340002	35.213013	
20.734001	35.786953	
22.132002	36.231068	
23.516003	37.152718	
24.908001	37.687046	
26.244001	37.713306	
27.638002	38.787704	
29.034002	39.33083	
30.432001	39.801487	
31.826002	40.847824	
33.222004	41.873131	
34.564003	41.901592	
35.960003	43.248096	
37.356003	44.243187	
38.752003	45.147758	
40.146004	46.078091	
41.540001	47.106411	
42.898003	47.34132	
44.294003	48.914345	
45.688004	50.422077	
47.084003	52.141045	
48.476002	53.812302	
49.868004	55.474834	
51.222004	56.568623	
52.614002	58.548206	
54.010002	60.48983	
55.404003	61.681683	
56.798004	63.585537	
58.190002	65.606064	
59.536003	66.966179	
60.932003	69.208351	
62.326004	71.1409	
63.720005	72.542854	
65.114006	74.486069	
66.508003	76.56633	
67.852005	77.881775	
69.248001	80.441612	
70.644005	82.508591	
72.038002	83.68499	
73.432007	85.82486	
74.824005	87.882317	
76.172005	89.173912	
77.566002	91.534935	
78.962006	93.598213	
80.358002	94.021164	
81.752007	96.23719	
83.144005	97.873413	
84.496002	98.416794	
85.896004	100.55104	
87.290009	102.04655	
88.686005	103.26542	
90.082008	104.8568	
91.476006	106.39691	
92.826004	107.70709	
94.222008	109.83018	
95.616005	111.69577	
97.012009	113.51345	
98.404007	115.14673	
99.798004	116.86167	
101.144	117.62884	
102.54001	120.06232	
103.936	121.74142	
105.33201	123.25027	
106.72201	124.67287	
108.116	126.1573	
109.464	126.52042	
110.86001	128.68973	
112.25401	130.00166	
113.648	131.29709	
115.04201	132.3152	
116.43401	133.50903	
110.21201	103.27347	
103.22401	78.817863	
96.238007	57.501358	
89.250008	39.086994	
82.278008	22.768631	
75.298004	9.0187798	
69.844002	0.40422314	
64.258003	-7.0732203	
58.670002	-13.646019	
53.086002	-19.678968	
47.502003	-23.662338	
41.922001	-26.773943	
35.282001	-29.309296	
28.292002	-31.956562	
21.304001	-34.521549	
14.322001	-37.192818	
7.348001	-39.754776	
0.37800062	-41.889126	
-2.4459996	-42.639301	
-5.0459995	-43.705402	
-7.6439996	-44.628384	
-10.24	-45.729263	
-12.84	-46.68084	
-15.442	-47.371506	
-16.784	-47.828041	
-18.082001	-48.536022	
-19.380001	-49.267685	
-20.676001	-49.820091	
-21.974001	-50.438656	
-23.268	-51.016186	
-24.514	-51.362671	
-25.816	-52.031124	
-27.116001	-52.853268	
-28.42	-53.475506	
-29.718	-54.282093	
-31.018002	-54.920399	
-32.268002	-54.874603	
-33.568001	-55.786274	
-34.870003	-56.678627	
-36.172001	-57.537228	
-37.472	-58.344791	
-38.762001	-59.062889	
-40.028	-59.522923	
-41.332001	-60.211193	
-42.636002	-61.207485	
-43.938	-61.874149	
-45.240002	-62.770515	
-46.540001	-63.803547	
-47.798	-64.100441	
-49.102001	-65.531113	
-50.406002	-66.837883	
-51.708	-68.084091	
-53.008003	-69.213791	
-54.308002	-70.381554	
-55.560001	-71.25013	
-56.864002	-73.024704	
-58.166	-73.468933	
-59.466003	-75.450623	
-60.766003	-77.026054	
-62.066002	-78.699654	
-63.310001	-79.812752	
-64.616005	-81.943695	
-65.922005	-83.924171	
-67.226006	-85.636543	
-68.528	-87.584885	
-69.830002	-88.56572	
-71.102005	-90.220222	
-72.402	-92.425301	
-73.704002	-94.228539	
-75.008003	-96.424133	
-76.308006	-98.289825	
-77.610001	-98.848938	
-78.868004	-100.8425	
-80.168007	-103.23251	
-81.470001	-105.21358	
-82.772003	-107.29617	
-84.068001	-109.10604	
-85.368004	-111.08495	
-86.628006	-112.22625	
-87.93	-114.63037	
-89.234001	-116.65347	
-90.536003	-118.04993	
-91.838005	-120.16059	
-93.136002	-121.97769	
-94.392006	-123.05406	
-95.694	-125.5985	
-96.998001	-127.49621	
-98.300003	-129.37344	
-99.602005	-130.48557	
-100.90401	-132.5204	
-102.144	-133.28127	
-103.454	-135.7554	
-104.756	-137.35825	
-106.06001	-139.0197	
-107.36001	-140.29477	
-108.66	-141.85362	
-109.914	-142.55446	
-111.218	-144.74194	
-112.522	-146.15564	
-113.828	-146.94647	
-115.13	-148.3291	
-116.428	-149.8486	
-117.688	-150.23918	
-118.992	-152.01019	
-120.3	-152.41429	
-121.59601	-153.4716	
-122.90401	-154.21786	
-124.204	-155.18167	
-125.46201	-154.24489	
-126.76401	-155.90512	
-128.06801	-156.44908	
-129.37201	-156.35033	
-130.668	-156.81993	
-131.968	-157.3862	
-133.22601	-156.98885	
-134.53	-157.8855	
-135.836	-157.1553	
-137.134	-157.79417	
-138.44	-157.0999	
-139.73801	-157.43582	
-133.89601	-125.00343	
-127.37401	-102.61773	
-120.85201	-82.078705	
-114.33601	-63.662655	
-107.83	-47.190742	
-101.32201	-32.919182	
-95.022003	-20.914286	
-88.498001	-10.453299	
-81.980003	-2.3785129	
-75.470001	4.9111648	
-68.958	11.015718	
-62.454002	14.725533	
-57.320004	16.665665	
-52.106003	18.208183	
-46.900002	19.823936	
-41.700001	21.52261	
-36.498001	23.641697	
-31.298	25.282425	
-26.254	27.053457	
-21.044001	28.733997	
-15.834001	30.231909	
-10.63	31.905352	
-5.4299998	33.880241	
-0.2279994	35.458218	
2.4600008	36.042145	
5.058001	37.548347	
7.6560011	38.316948	
10.256001	39.488041	
12.852001	40.840454	
15.452002	41.967121	
16.756001	41.290035	
18.056002	42.432205	
19.356001	43.450062	
20.660002	44.084282	
21.956001	45.18779	
23.254002	46.000332	
24.486002	45.810844	
25.794003	47.156944	
27.096003	48.042648	
28.398003	49.379055	
29.704002	50.38126	
31.002003	51.061207	
32.256001	51.632778	
33.560001	53.055492	
34.860001	54.534462	
36.162003	55.837475	
37.460003	57.285446	
38.764004	58.94701	
40.034004	59.557892	
41.334003	61.411522	
42.636002	62.939465	
43.942001	64.699715	
45.244003	66.340485	
46.544003	67.552277	
47.798004	68.446632	
49.100002	70.458595	
50.406002	72.297073	
51.708004	73.940186	
53.010002	75.300545	
54.310001	76.376511	
55.564003	77.554665	
56.862003	79.686493	
58.166004	81.429413	
59.468002	83.059303	
60.768005	84.618721	
62.068005	85.538567	
63.326004	86.476944	
64.626007	88.756424	
65.938004	90.421631	
67.234001	91.989571	
68.538002	92.395325	
69.840004	94.360313	
71.086006	95.190193	
72.390007	96.781235	
73.696007	98.21505	
74.996002	99.619843	
76.300003	100.25999	
77.602005	101.59014	
78.870003	102.05495	
80.168007	103.93798	
81.472008	104.86456	
82.772003	106.14839	
84.072006	107.16989	
85.370003	108.42601	
86.634003	109.23309	
87.940002	111.1082	
89.244003	112.45775	
90.542007	113.72579	
91.846008	114.96	
93.144005	116.19774	
94.402008	116.53864	
95.706009	118.39495	
97.012009	119.27276	
98.312004	120.73174	
99.612007	122.2634	
100.91	123.28935	
102.17001	122.97652	
103.47001	125.09591	
104.772	126.71638	
106.07401	127.07594	
107.37201	128.46928	
108.67001	129.29216	
109.926	129.92134	
111.22601	131.35788	
112.534	130.16188	
113.83601	128.7455	
115.174	111.2076	
116.44601	113.83984	
117.7	117.11453	
119.00201	120.78379	
120.30601	123.71247	
121.61001	126.04313	
122.908	127.43513	
124.21001	129.15927	
125.46201	129.90309	
126.76801	131.90588	
128.07001	133.10643	
129.37001	134.13239	
130.668	134.42935	
131.968	135.46155	
133.22801	135.4294	
134.528	137.05359	
135.834	137.82605	
137.14001	137.17441	
138.444	138.28677	
139.73601	138.44673	
133.92801	107.72228	
127.40601	85.923843	
120.884	66.066994	
114.368	48.814285	
107.86001	33.151752	
101.35001	20.318922	
95.082008	11.044356	
88.556007	1.9912887	
82.036003	-5.1978259	
75.516006	-11.315096	
69.000008	-17.555727	
62.494003	-22.364422	
57.328003	-25.40583	
52.118004	-27.510386	
46.912003	-29.755798	
41.706001	-31.860731	
36.506001	-33.586849	
31.304003	-35.491596	
28.144001	-36.707748	
25.024002	-37.685558	
21.902002	-38.882202	
18.782001	-39.701286	
15.662002	-40.835423	
12.542001	-41.74371	
9.4280014	-42.861027	
6.3120008	-43.803486	
3.2000008	-45.104614	
0.08800061	-46.09763	
-2.4179995	-46.598667	
-5.0199995	-47.837826	
-7.6219997	-48.927677	
-10.222	-50.126915	
-12.822	-51.425568	
-15.422	-52.739738	
-16.784	-53.032379	
-18.08	-53.806072	
-19.375999	-54.428238	
-20.676001	-55.096241	
-21.974001	-55.366955	
-23.268	-56.309982	
-24.502001	-56.467468	
-25.804001	-57.425056	
-27.108	-58.476315	
-28.408001	-59.100605	
-29.710001	-59.796673	
-31.01	-60.467159	
-32.268002	-60.920349	
-33.568001	-61.845222	
-34.872002	-62.72839	
-36.167999	-62.719944	
-37.472	-63.734375	
-38.77	-64.530449	
-40.030003	-64.881058	
-41.332001	-65.76149	
-42.636002	-66.715736	
-43.938	-67.780388	
-45.240002	-68.722504	
-46.540001	-69.082413	
-47.792	-69.737976	
-49.094002	-71.148834	
-50.398003	-72.573593	
-51.704002	-73.696754	
-53.004002	-74.956085	
-54.306004	-76.199371	
-55.550003	-76.887489	
-56.854004	-78.802109	
-58.158001	-80.413994	
-59.460003	-80.863762	
-60.760002	-82.76622	
-62.058002	-84.232224	
-63.320004	-85.115791	
-64.624001	-87.049858	
-65.928001	-88.852753	
-67.232002	-90.223923	
-68.530006	-91.956146	
-69.834	-92.024986	
-71.104004	-93.947586	
-72.408005	-95.646507	
-73.709999	-97.579597	
-75.012001	-98.977074	
-76.310005	-100.62109	
-77.618004	-102.42975	
-78.868004	-103.08889	
-80.168007	-105.27438	
-81.470001	-107.03377	
-82.772003	-107.78374	
-84.074005	-109.59866	
-85.372002	-111.2456	
-86.624001	-111.63176	
-87.926003	-113.80325	
-89.228004	-115.38131	
-90.534004	-116.91703	
-91.832001	-118.22633	
-93.138	-119.17931	
-94.398003	-120.14561	
-95.700005	-122.1907	
-97.004005	-123.72086	
-98.304001	-125.20232	
-99.606003	-126.39803	
-100.908	-127.72619	
-102.162	-127.71976	
-103.46201	-130.172	
-104.76401	-131.52689	
-106.064	-132.38809	
-107.366	-133.48862	
-108.662	-134.48117	
-109.926	-135.03383	
-111.228	-137.13753	
-112.534	-138.07782	
-113.826	-139.19115	
-115.136	-139.98834	
-116.436	-141.34763	
-117.692	-141.67508	
-118.99801	-143.14211	
-120.30401	-144.58167	
-121.604	-145.00826	
-122.90401	-145.78278	
-124.20601	-146.93675	
-125.46001	-146.51025	
-126.76201	-148.28658	
-128.06401	-148.50954	
-129.36601	-149.53683	
-130.666	-150.15848	
-131.968	-150.44157	
-133.22	-150.20483	
-134.524	-151.54431	
-135.83	-151.56975	
-137.132	-151.74567	
-138.43201	-152.32346	
-139.73601	-151.74861	
-133.90401	-122.01764	
-127.37801	-100.07787	
-120.858	-80.295532	
-114.34	-62.478382	
-107.832	-46.724915	
-101.32401	-32.883099	
-95.072006	-21.574697	
-88.544006	-11.325491	
-82.022003	-3.2602117	
-75.506004	3.6966004	
-68.990005	10.033403	
-62.484001	14.224524	
-57.364002	15.971141	
-52.154003	17.624817	
-46.944	19.038525	
-41.734001	20.651447	
-36.524002	22.172318	
-31.328001	24.052624	
-26.294001	25.468107	
-21.08	27.065994	
-15.866	28.653765	
-10.648	30.22747	
-5.4519997	31.984735	
-0.2499994	33.43721	
2.4100008	33.762619	
5.0180011	34.915333	
7.6220012	35.487469	
10.222001	36.635426	
12.820002	37.806408	
15.420001	38.631882	
16.744001	38.33902	
18.042002	39.335526	
19.348001	40.334297	
20.650002	40.877262	
21.950001	41.761513	
23.246002	42.498264	
24.508001	42.466415	
25.812002	43.735596	
27.114002	44.710461	
28.414001	45.088177	
29.718002	45.964607	
31.016003	47.019821	
32.276001	47.152397	
33.578003	48.452118	
34.878002	49.38467	
36.178001	50.258881	
37.476002	51.098557	
38.774002	51.561726	
40.038002	51.719654	
41.342003	52.962036	
42.642002	54.230938	
43.950005	55.505474	
45.244003	56.887733	
46.552002	57.786652	
47.806004	58.25182	
49.108002	60.512913	
50.412003	61.522057	
51.714005	62.288612	
53.014004	63.52734	
54.314003	64.811401	
55.574005	65.037643	
56.874004	66.939774	
58.174004	67.60791	
59.476002	68.222061	
60.778004	68.732628	
62.074005	69.146866	
63.324005	70.589111	
64.630005	68.779984	
65.934006	67.662941	
67.236	68.375214	
68.536003	71.448395	
69.838005	73.690475	
71.086006	74.793373	
72.390007	77.09095	
73.694008	79.067551	
74.998001	80.642517	
76.300003	82.394432	
77.602005	84.039993	
78.870003	85.066544	
80.174004	87.016777	
81.474007	88.69297	
82.772003	90.330269	
84.072006	91.884186	
85.368004	93.303032	
86.636002	94.226082	
87.938004	96.164505	
89.242004	95.893456	
90.550003	98.423782	
91.844002	100.04018	
93.144005	101.41123	
94.402008	102.1992	
95.704002	103.52087	
97.008003	104.84593	
98.310005	105.80165	
99.610008	106.73512	
100.91	107.50546	
102.176	108.52912	
103.47601	109.50027	
104.79401	110.40652	
106.09801	111.88907	
107.396	112.85874	
108.69	113.11779	
109.926	114.1185	
111.228	116.28752	
112.53201	117.61892	
113.83401	118.80991	
115.13801	119.86275	
116.438	121.08457	
117.69201	121.1406	
118.99601	123.10253	
120.298	124.31451	
121.60201	125.25165	
122.90401	126.35408	
124.20801	127.24198	
125.464	126.89717	
126.76601	128.77216	
128.06801	129.12949	
129.37001	130.39525	
130.668	130.76529	
131.968	131.06181	
133.22	131.18871	
134.524	132.93733	
135.83	132.5208	
137.134	132.75772	
138.43401	132.98378	
139.73601	132.97389	
136.26601	111.48347	
132.358	98.18396	
128.442	85.644371	
124.534	73.811066	
120.63	62.605675	
116.72601	52.390854	
112.82201	42.822098	
108.924	33.835876	
105.024	25.416607	
101.13	17.940622	
97.344002	11.63955	
93.438004	6.4971166	
89.532005	2.2229276	
85.632004	-1.3148515	
81.730003	-5.624342	
77.832001	-9.1223574	
73.932007	-12.570571	
70.034004	-15.651095	
66.144005	-19.144783	
62.250004	-21.024126	
59.186005	-22.370792	
56.070004	-24.285358	
52.950005	-25.446753	
49.832005	-26.647215	
46.714005	-27.904478	
43.602001	-28.886265	
40.486004	-30.237015	
37.374001	-31.456263	
34.260002	-32.371334	
31.150002	-33.511574	
29.590002	-33.655441	
28.030003	-34.21632	
26.472002	-34.999805	
24.914001	-35.348686	
23.354002	-36.188931	
21.798002	-36.524681	
20.238001	-36.982727	
18.686001	-37.186722	
17.128002	-37.835762	
15.572001	-38.451954	
14.014001	-39.100353	
12.462001	-39.558075	
10.906001	-40.126755	
9.3500013	-40.501247	
7.7940011	-40.735077	
6.2420011	-41.536575	
4.6860008	-41.990883	
3.1300008	-42.416443	
1.5740007	-42.435863	
0.022000609	-42.744751	
-18.190002	-5.2762852	
-38.066002	-4.5356913	
-58.218002	-4.6067052	
-78.384003	-4.5901542	
-98.540009	-4.5834641	
