2.9218233 0.87199825 -5.5849524 -1.7900027 1.012207
5.8044982 1.8799983 -11.531147 -3.8060029 2.012207
9.3934736 2.8919983 -16.120863 -5.8240027 3.012207
14.338852 3.9019985 -15.540223 -6.0520029 4.012207
19.69521  4.9079986 -14.271586 -6.044003 5.012207
23.094112 5.9199986 -13.107897 -6.038003 6.012207
26.072594 6.8679986 -15.12555 -6.8960028 1.012207
29.374182 7.8759985 -17.929863 -7.9020028 2.012207
31.11618  8.8879986 -21.057831 -8.9080029 3.012207
33.742947 9.8999987 -24.423042 -9.9160032 4.012207
36.616055 10.913999 -27.642725 -10.922003 5.012207
39.352291 11.915998 -30.436132 -11.932003 6.012207
41.884426 12.871999 -32.91954 -12.894003 1.012207
43.445732 13.883999 -35.67849 -13.900003 2.012207
46.071552 14.891999 -38.139736 -14.910004 3.012207
48.236813 15.901999 -40.579086 -15.918003 4.012207
50.346294 16.91     -42.993393 -16.926003 5.012207
52.467651 17.917999 -45.438213 -17.932003 6.012207
54.953064 18.869999 -46.63266 -18.896004 1.012207
56.174717 19.877998 -49.443729 -19.904003 2.012207
58.583351 20.893999 -51.459743 -20.910004 3.012207
60.663807 21.897999 -53.332249 -21.916004 4.012207
62.465858 22.91     -55.416473 -22.922003 5.012207
64.21476  23.92     -57.321499 -23.926004 6.012207
66.092232 24.873999 -57.990189 -24.894003 1.012207
66.49324  25.883999 -60.367153 -25.904003 2.012207
68.17038  26.896    -62.443592 -26.912004 3.012207
69.636986 27.903999 -63.684029 -27.918003 4.012207
70.98597  28.911999 -65.18174 -28.924004 5.012207
72.237236 29.916    -66.838959 -29.930004 6.012207
71.826859 30.869999 -66.916481 -30.892004 1.012207
73.219582 31.883999 -69.195953 -31.902004 2.012207
74.181648 32.894001 -71.403168 -32.910004 3.012207
75.325211 33.902    -72.940681 -33.918003 4.012207
76.66272  34.911999 -73.976036 -34.924004 5.012207
78.03537  35.903999 -74.453033 -35.930004 6.012207
79.534683 36.872002 -74.018181 -36.894005 1.0126953
80.535172 37.882    -74.873962 -37.904003 2.0126953
82.28862  38.894001 -74.980644 -38.912003 3.0126953
83.111916 39.900002 -75.522606 -39.920006 4.0126953
83.972908 40.91     -76.328491 -40.926006 5.0126953
84.766731 41.916    -77.038635 -41.930004 6.0126953
85.055153 42.866001 -76.343979 -42.892006 1.012207
85.502182 43.878002 -77.931473 -43.904003 2.012207
86.839516 44.886002 -78.558594 -44.910004 3.012207
87.652809 45.896    -79.083466 -45.918003 4.012207
88.581718 46.903999 -79.675644 -46.924004 5.012207
89.184273 47.911999 -80.252983 -47.930004 6.012207
89.977806 48.866001 -79.739967 -48.892006 1.012207
90.27948  49.878002 -81.310616 -49.902004 2.012207
91.834465 50.880001 -82.101784 -50.912006 3.012207
93.053337 51.896    -82.705093 -51.916004 4.012207
93.7369   52.906002 -83.332466 -52.922005 5.012207
94.740204 53.914001 -83.623947 -53.928005 6.012207
95.292953 54.864002 -82.319046 -54.884007 1.012207
95.918594 55.875999 -84.084305 -55.900005 2.012207
97.720596 56.884003 -84.719864 -56.910004 3.012207
98.959717 57.894001 -85.23526 -57.916004 4.012207
100.035   58.903999 -85.768585 -58.922005 5.012207
100.64237 59.91     -86.936195 -59.930004 6.012207
100.78425 60.864002 -86.385223 -60.890007 1.012207
101.71504 61.874001 -88.503441 -61.896004 2.012207
103.58704 62.882    -89.655838 -62.908005 3.012207
104.89847 63.892002 -90.794914 -63.914005 4.012207
106.11316 64.900002 -91.456223 -64.922005 5.012207
107.17152 65.912003 -92.936172 -65.926003 6.012207
106.93395 66.862    -92.139565 -66.892006 1.012207
108.08246 67.872002 -94.737877 -67.900009 2.012207
110.05074 68.882004 -96.268112 -68.906006 3.012207
111.30913 69.891998 -97.908157 -69.916008 4.012207
112.40219 70.902    -98.547546 -70.924004 5.012207
113.28607 71.912003 -100.02164 -71.930008 6.012207
112.72694 72.862    -99.322464 -72.884003 1.012207
113.76672 73.874001 -101.77293 -73.896004 2.012207
115.73262 74.880005 -103.43655 -74.906006 3.012207
116.85965 75.891998 -105.18201 -75.914009 4.012207
117.88058 76.902    -106.57599 -76.922005 5.012207
118.90618 77.914001 -107.31969 -77.928009 6.012207
118.0412  78.866005 -106.42239 -78.890007 1.012207
119.12252 79.882004 -109.20143 -79.898003 2.012207
120.96234 80.882004 -111.11293 -80.908005 3.012207
122.04866 81.892006 -112.71764 -81.914009 4.012207
122.98221 82.902    -113.89168 -82.92601 5.012207
123.74143 83.914001 -115.21033 -83.928009 6.012207
121.24975 84.524002 -112.21484 -84.534004 1.012207
123.72822 85.125999 -113.71468 -85.138008 2.012207
123.39491 85.736    -115.28371 -85.744003 3.012207
124.87063 86.335999 -116.54692 -86.348007 4.012207
125.46761 86.944    -117.3663 -86.950005 5.012207
126.24827 87.548004 -118.22064 -87.55201 6.012207
127.1396  88.152    -115.84264 -88.16201 7.012207
127.27531 88.754005 -118.09155 -88.762009 8.012207
127.78721 89.362    -119.14408 -89.366005 9.012207
128.28906 89.962006 -119.81014 -89.964005 10.012207
124.85221 90.518005 -117.7205 -90.536003 1.012207
127.60178 91.120003 -118.88667 -91.140007 2.012207
129.0876  91.728004 -120.09791 -91.748009 3.012207
129.79761 92.334    -103.16206 -92.352005 4.012207
130.79417 92.942001 -106.38686 -92.956009 5.012207
131.14758 93.546005 -108.80441 -93.562004 6.012207
131.70999 94.148003 -111.18086 -94.16201 7.012207
132.12189 94.754005 -113.13791 -94.762009 8.012207
132.50023 95.358002 -115.18871 -95.368004 9.012207
132.95924 95.962006 -115.88065 -95.970009 10.012207
131.30591 96.522003 -115.64262 -96.534004 1.0117188
133.47481 97.118004 -116.95875 -97.140007 2.0117188
133.07771 97.724007 -117.83423 -97.74601 3.0117188
134.2637  98.330002 -119.33925 -98.350006 4.0117188
134.67299 98.938004 -119.67368 -98.956009 5.0117188
135.22279 99.544006 -120.92278 -99.558006 6.0117188
135.55276 100.148   -121.04939 -100.16201 7.0117188
135.9417  100.75201 -122.00292 -100.76401 8.0117188
136.53529 101.35201 -120.82121 -101.37001 9.0117188
136.68796 101.96001 -122.36011 -101.96801 10.011719
123.43093 102.512   -113.46967 -102.53201 1.012207
126.27996 103.11401 -116.04485 -103.13601 2.012207
129.07892 103.72    -118.60102 -103.742 3.012207
131.86337 104.328   -119.65818 -104.34801 4.012207
134.47864 104.936   -121.36097 -104.95201 5.012207
136.65054 105.538   -120.7673 -105.55801 6.012207
135.99458 106.15    -122.87111 -106.16001 7.012207
137.29449 106.75    -124.16569 -106.76201 8.012207
137.68724 107.354   -125.23855 -107.36401 9.012207
138.42958 107.956   -124.61612 -107.96801 10.012207
130.69934 108.51601 -120.16126 -108.534 1.012207
133.55391 109.12    -122.55586 -109.14001 2.012207
136.39613 109.728   -122.37336 -109.74601 3.012207
138.49597 110.332   -124.16543 -110.35001 4.012207
137.63289 110.942   -125.94382 -110.95401 5.012207
138.62134 111.542   -127.06549 -111.55801 6.012207
139.16246 112.146   -126.06921 -112.16201 7.012207
139.58997 112.756   -127.79507 -112.76401 8.012207
139.88669 113.36    -129.01404 -113.366 9.012207
140.24318 113.958   -129.86676 -113.96801 10.012207
134.83907 114.51601 -126.48222 -114.53201 1.012207
137.82785 115.122   -126.97411 -115.13801 2.012207
140.13379 115.728   -128.76471 -115.74601 3.012207
139.4561  116.33601 -129.5607 -116.35001 4.012207
140.68929 116.94    -131.16698 -116.95201 5.012207
141.04108 117.54601 -132.15224 -117.55601 6.012207
141.49167 118.148   -133.29155 -118.158 7.012207
141.74825 118.75001 -133.90355 -118.76201 8.012207
142.04637 119.356   -134.81885 -119.36401 9.012207
142.33022 119.96001 -133.73355 -119.96801 10.012207
138.836   120.51801 -132.43976 -120.53001 1.012207
141.28745 121.12    -133.7981 -121.13801 2.012207
142.04593 121.73    -135.31818 -121.74201 3.012207
142.47249 122.332   -135.40385 -122.34801 4.012207
143.00894 122.94    -136.7312 -122.95001 5.012207
143.31705 123.54401 -137.36919 -123.55601 6.012207
143.54208 124.148   -138.32838 -124.158 7.012207
143.71442 124.75201 -138.82004 -124.76201 8.012207
143.83949 125.358   -139.39531 -125.36401 9.012207
143.98894 125.96001 -140.06979 -125.96801 10.012207
140.46536 126.51601 -137.37914 -126.53201 1.012207
143.26292 127.12    -137.44176 -127.13801 2.012207
142.9321  127.732   -139.45535 -127.74401 3.012207
143.99429 128.332   -140.46239 -128.34801 4.012207
144.37062 128.94    -141.65385 -128.95201 5.012207
144.68201 129.54601 -141.42859 -129.55602 6.012207
144.79405 130.15401 -142.46371 -130.158 7.012207
144.9413  130.75601 -142.58836 -130.76201 8.012207
144.99075 131.356   -143.41302 -131.36401 9.012207
144.63585 131.95601 -142.67439 -131.968 10.012207
140.4399  132.51601 -136.69322 -132.00002 1.012207
143.61594 133.12001 -136.01398 -132.00002 2.012207
145.81754 133.726   -135.5598 -132.00201 3.012207
144.79663 134.332   -135.45078 -132.00002 4.012207
145.16919 134.942   -135.33501 -132.00201 5.012207
145.44299 135.548   -135.27763 -132.00002 6.012207
145.09538 136.15001 -135.25853 -132.00201 7.012207
145.29138 136.75    -135.21619 -132.00201 8.012207
145.2513  137.354   -135.17828 -132.00002 9.012207
145.23749 137.96001 -135.17418 -132.00002 10.012207
139.43816 138.00601 -139.35179 -132.53001 1.0117188
138.76711 138.00601 -141.42252 -133.136 2.0117188
137.99174 138.002   -143.47871 -133.74001 3.0117188
137.75682 138       -143.95731 -134.34801 4.0117188
137.30434 138       -145.42128 -134.95001 5.0117188
136.99725 138.002   -146.09364 -135.55402 6.0117188
136.71841 138       -146.89107 -136.16  7.0117188
136.49895 138       -147.28326 -136.76201 8.0117188
136.25    138       -148.00191 -137.36201 9.0117188
136.02666 138.002   -148.32106 -137.966 10.011719
138.10545 138.51801 -144.51357 -138.53201 1.012207
141.01186 139.12601 -145.83653 -139.13802 2.012207
143.49617 139.72801 -147.3286 -139.74001 3.012207
142.94682 140.338   -146.43559 -140.34801 4.012207
144.36943 140.94    -148.37175 -140.95001 5.012207
144.53241 141.54401 -149.25981 -141.55602 6.012207
144.31502 142.15201 -150.26537 -142.158 7.012207
144.23618 142.75    -150.6133 -142.76201 8.012207
144.05081 143.354   -150.14507 -143.36601 9.012207
143.55963 143.964   -150.81322 -143.966 10.012207
139.87802 144.51601 -148.21329 -144.53001 1.0117188
142.57115 145.12001 -149.52515 -145.13602 2.0117188
142.16011 145.73201 -150.82236 -145.742 3.0117188
142.1377  146.33    -151.65092 -146.34601 4.0117188
142.39378 146.94    -152.36566 -146.94601 5.0117188
141.6344  147.54401 -153.12643 -147.55402 6.0117188
141.59679 148.14601 -153.31163 -148.16  7.0117188
141.076   148.752   -153.87613 -148.76001 8.0117188
140.74358 149.354   -153.99887 -149.36401 9.0117188
140.31621 149.95601 -153.62291 -149.968 10.011719
136.56128 150.51801 -150.83612 -150.53001 1.0126953
139.22334 151.12001 -152.17563 -151.134 2.0126953
140.32935 151.73001 -153.54222 -151.73801 3.0126953
138.35007 152.332   -154.94507 -152.34601 4.0126953
138.72804 152.938   -155.39427 -152.95001 5.0126953
138.01866 153.54401 -155.91652 -153.55402 6.0126953
137.92682 154.14601 -156.00629 -154.158 7.0126953
137.45988 154.772   -156.36926 -154.76001 8.0126953
137.12193 155.36    -156.41078 -155.36401 9.0126953
136.84505 155.97601 -154.78383 -155.97002 10.012695
133.32507 156.53201 -152.73534 -156.53001 1.012207
135.90298 157.12601 -154.03198 -157.134 2.012207
136.60081 157.75401 -155.1815 -157.742  3.012207
134.72452 158.33801 -156.62331 -158.34601 4.012207
135.15475 158.95401 -156.95125 -158.95001 5.012207
134.48793 159.56601 -157.44321 -159.55602 6.012207
134.33907 160.15201 -157.35381 -160.16  7.012207
133.81552 160.75601 -157.70306 -160.76401 8.012207
133.57083 161.354   -157.58301 -161.36601 9.012207
133.18896 161.95401 -157.88297 -161.96802 10.012207
129.25743 162.51401 -152.72543 -162.53401 1.012207
131.91788 163.11801 -154.37383 -163.13602 2.012207
132.64711 163.73001 -156.24454 -163.73801 3.012207
131.01669 164.26401 -157.3145 -164.34401 4.012207
130.05563 164.364   -158.15564 -164.95201 5.012207
129.61948 164.36801 -158.07495 -165.55  6.012207
129.33971 164.37001 -158.22749 -166.158 7.012207
129.1969  164.37401 -157.96353 -166.76201 8.012207
129.04639 164.37601 -158.07158 -167.36601 9.012207
128.96271 164.37601 -157.76935 -167.96802 10.012207
127.97208 164.386   -140.65663 -166.50201 1.0117188
129.99118 164.386   -132.07407 -164.798 2.0117188
131.41562 164.382   -124.87956 -163.11002 3.0117188
132.46553 164.38    -117.88642 -161.41801 4.0117188
131.62659 164.382   -111.51098 -159.72801 5.0117188
118.32165 162.23001 -107.72893 -158.03601 6.0117188
108.8677  160.15601 -102.87921 -156.34601 7.0117188
100.2675  158.10201 -98.277809 -154.658 8.0117188
92.101555 156.056   -93.790718 -152.97401 9.0117188
84.619972 154.04401 -89.403404 -151.28001 10.011719
79.585579 152.06401 -84.808868 -149.60001 11.011719
74.169533 150.12601 -80.340271 -147.91602 12.011719
68.938202 148.20601 -75.906715 -146.23001 13.011719
63.892414 146.31801 -71.479935 -144.54601 14.011719
58.990559 144.45401 -67.24646 -142.86401 15.011719
54.210915 142.59801 -62.911976 -141.18001 16.011719
49.62328  140.76801 -58.759335 -139.49802 17.011719
45.13245  138.95401 -54.624901 -137.81401 18.011719
40.802219 137.15201 -50.654907 -136.132 19.011719
36.80534  135.362   -46.999172 -134.45201 20.011719
33.283672 133.586   -43.451527 -132.77  21.011719
29.488321 131.81801 -40.075726 -131.08801 22.011719
25.784348 130.06    -36.759968 -129.40601 23.011719
22.178875 128.31201 -33.384365 -127.72601 24.011719
18.867098 126.57201 -30.030384 -126.04401 25.011719
15.628787 124.83601 -26.697809 -124.36201 26.011719
12.545753 123.106   -23.183676 -122.68201 27.011719
9.6133451 121.37801 -19.974337 -121.00001 28.011719
6.70818   119.662   -16.850767 -119.32601 29.011719
3.8051374 117.94801 -14.120659 -117.64001 30.011719
1.1727467 116.234   -11.477033 -115.95801 31.011719
-1.2846996 114.522  -8.9413157 -114.27601 32.011719
-3.605464 112.82201 -6.5240297 -112.59801 33.011719
-5.8763056 111.12   -4.1926284 -110.91601 34.011719
-8.1308794 109.41801 -2.1114724 -109.23601 35.011719
-10.122216 107.72   -0.27698809 -107.55201 36.011719
-12.013241 106.024  1.6242127 -105.87601 37.011719
-13.837811 104.33   3.4745369 -104.19401 38.011719
-15.767719 102.636  5.331934  -102.51201 39.011719
-16.947025 100.94601 7.6855378 -100.83401 40.011719
-18.328648 99.254005 9.9992857 -99.156006 41.011719
-19.662951 97.562004 12.174677 -97.474007 42.011719
-21.082802 95.874001 14.293832 -95.792007 43.011719
-18.856392 94.176003 17.090853 -94.122009 44.011719
-22.326105 92.496002 19.634552 -92.434006 45.011719
-25.672428 90.814003 22.121433 -90.754005 46.011719
-27.691786 89.125999 24.937235 -89.076004 47.011719
-29.568565 87.442001 27.760876 -87.39801 48.011719
-31.212345 85.756004 30.584076 -85.716003 49.011719
-33.123772 84.07    33.199688 -84.034004 50.011719
-34.248478 82.384003 35.833931 -82.354004 51.011719
-36.539433 80.704002 38.210846 -80.678009 52.011719
-38.829292 79.020004 39.971378 -78.994003 53.011719
-41.123409 77.335999 40.965672 -77.314003 54.011719
-43.275112 75.655998 41.26786 -75.634003 55.011719
-45.258602 73.973999 42.403782 -73.954002 56.011719
-47.035007 72.290001 43.015007 -72.272003 57.011719
-48.456573 70.606003 44.169224 -70.592003 58.011719
-49.656189 68.928001 44.938568 -68.914009 59.011719
-50.649044 67.246002 46.169933 -67.232002 60.011719
-51.308323 65.559998 46.621223 -65.554008 61.011719
-51.847641 63.884003 47.816509 -63.874004 62.011719
-52.478302 62.200001 48.871021 -62.196007 63.011719
-52.896648 60.52    49.984879 -60.514004 64.011719
-53.204945 58.842003 50.875675 -58.834007 65.011719
-53.546783 57.16    51.643147 -57.152004 66.011719
-54.184826 55.478001 52.354744 -55.472004 67.011719
-54.603458 53.798   52.852589 -53.794006 68.011719
-54.978645 52.122002 53.669308 -52.114006 69.011719
-55.322422 50.438   54.380611 -50.432007 70.011719
-55.79657 48.756001 54.931503 -48.754005 71.011719
-56.313789 47.076   55.467789 -47.072006 72.011719
-56.861164 45.394001 55.874939 -45.392006 73.011719
-57.601727 43.717999 56.137653 -43.708004 74.011719
-58.454029 42.035999 56.876423 -42.032005 75.011719
-59.256222 40.355999 57.564018 -40.352005 76.011719
-60.173779 38.68    58.367725 -38.672005 77.011719
-61.21764 36.995998 59.187229 -36.996006 78.011719
-62.323109 35.315998 60.013206 -35.314003 79.011719
-63.365303 33.633999 60.56612 -33.632004 80.011719
-64.326973 31.958   61.403194 -31.952003 81.011719
-65.257973 30.274   62.285759 -30.274004 82.011719
-66.184891 28.595999 63.369759 -28.594004 83.011719
-67.161552 26.917999 64.231308 -26.912004 84.011719
-68.093239 25.233999 64.817345 -25.232004 85.011719
-69.07663 23.549999 65.768425 -23.550003 86.011719
-70.0327  21.875999 66.623726 -21.872004 87.011719
-70.970139 20.198   67.295593 -20.192003 88.011719
-71.887856 18.515999 68.039642 -18.512003 89.011719
-72.781441 16.834   68.593941 -16.832003 90.011719
-73.628365 15.155999 69.414246 -15.152003 91.011719
-74.440964 13.477999 70.20195 -13.472003 92.011719
-75.310356 11.793999 71.016693 -11.790003 93.011719
-76.173363 10.113998 71.725143 -10.112003 94.011719
-77.01088 8.4359989 72.861626 -8.4340029 95.011719
-77.894691 6.7539988 73.690887 -6.7520027 96.011719
-78.776978 5.0759983 74.603745 -5.064003 97.011719
-79.736191 3.3959985 75.022682 -3.3920028 98.011719
-80.570915 1.7139983 75.926414 -1.7100027 99.011719
-81.528183 0.035998221 76.526756 -0.032002605 100.01172
