1	1.39845
1.005	3.40266
1.005	3.52533
1.005	3.54916
1.005	3.44228
1.01	6.2578
1.01	6.47886
1.01	6.50881
1.01	6.31976
1.0175	10.5088
1.0175	10.8745
1.0175	10.9123
1.0175	10.6052
1.02	11.8992
1.02	12.3118
1.02	12.3513
1.02	12.0066
1.02375	13.9468
1.02375	14.4276
1.02375	14.4694
1.02375	14.07
1.02937	16.9853
1.02937	17.5661
1.02937	17.6112
1.02937	17.1314
1.03781	21.509
1.03781	22.2363
1.03781	22.2858
1.03781	21.6878
1.04031	22.8458
1.04031	23.6158
1.04031	23.6664
1.04031	23.034
1.04406	24.8426
1.04406	25.6762
1.04406	25.7282
1.04406	25.0447
1.04547	25.5893
1.04547	26.4465
1.04547	26.499
1.04547	25.7966
1.046	25.8692
1.046	26.7352
1.046	26.7879
1.046	26.0784
1.04679	26.2898
1.04679	27.169
1.04679	27.2219
1.04679	26.5019
1.04797	26.9192
1.04797	27.8182
1.04797	27.8714
1.04797	27.1356
1.04975	27.8658
1.04975	28.7945
1.04975	28.8481
1.04975	28.0885
1.05242	29.2815
1.05242	30.2547
1.05242	30.3088
1.05242	29.5136
1.05342	29.8108
1.05342	30.8006
1.05342	30.8548
1.05342	30.0464
1.05493	30.6034
1.05493	31.6179
1.05493	31.6724
1.05493	30.8442
1.05718	31.788
1.05718	32.8394
1.05718	32.894
1.05718	32.0364
1.06056	33.5634
1.06056	34.6698
1.06056	34.7244
1.06056	33.8229
1.06182	34.2374
1.06182	35.3645
1.06182	35.4193
1.06182	34.5012
1.06372	35.2426
1.06372	36.4007
1.06372	36.4556
1.06372	35.5129
1.06444	35.6182
1.06444	36.7877
1.06444	36.8427
1.06444	35.8908
1.06551	36.1795
1.06551	37.3664
1.06551	37.4213
1.06551	36.4556
1.06711	37.0178
1.06711	38.2307
1.06711	38.2855
1.06711	37.2992
1.06952	38.2902
1.06952	39.5429
1.06952	39.5978
1.06952	38.5798
1.07312	40.213
1.07312	41.5269
1.07312	41.5812
1.07312	40.5146
1.07448	40.9299
1.07448	42.2668
1.07448	42.3209
1.07448	41.236
1.07651	42.0006
1.07651	43.3719
1.07651	43.4257
1.07651	42.3134
1.07727	42.4032
1.07727	43.7875
1.07727	43.8412
1.07727	42.7186
1.07841	43.0058
1.07841	44.4095
1.07841	44.4631
1.07841	43.325
1.08012	43.9165
1.08012	45.35
1.08012	45.4033
1.08012	44.2414
1.08269	45.2773
1.08269	46.756
1.08269	46.8089
1.08269	45.6104
1.08365	45.7856
1.08365	47.2811
1.08365	47.3339
1.08365	46.1216
1.0851	46.5457
1.0851	48.0665
1.0851	48.1191
1.0851	46.8862
1.08727	47.6853
1.08727	49.2444
1.08727	49.2966
1.08727	48.0324
1.09052	49.4051
1.09052	51.022
1.09052	51.0736
1.09052	49.7621
1.09174	50.0512
1.09174	51.6898
1.09174	51.7412
1.09174	50.412
1.09356	51.0218
1.09356	52.6929
1.09356	52.7441
1.09356	51.3882
1.09631	52.4951
1.09631	54.2159
1.09631	54.2667
1.09631	52.8701
1.09734	53.0559
1.09734	54.7955
1.09734	54.8464
1.09734	53.4343
1.09888	53.8977
1.09888	55.6656
1.09888	55.7164
1.09888	54.2811
1.10119	55.1725
1.10119	56.9833
1.10119	57.034
1.10119	55.5635
1.10206	55.6555
1.10206	57.4826
1.10206	57.5332
1.10206	56.0494
1.10336	56.3845
1.10336	58.2361
1.10336	58.2867
1.10336	56.7827
1.10532	57.4859
1.10532	59.3745
1.10532	59.425
1.10532	57.8907
1.10825	59.1425
1.10825	61.0864
1.10825	61.137
1.10825	59.5572
1.10934	59.7664
1.10934	61.7311
1.10934	61.7818
1.10934	60.1849
1.11099	60.7068
1.11099	62.7027
1.11099	62.7535
1.11099	61.1309
1.11346	62.1262
1.11346	64.1689
1.11346	64.2201
1.11346	62.559
1.11717	64.2867
1.11717	66.4004
1.11717	66.4522
1.11717	64.7326
1.11856	65.1034
1.11856	67.244
1.11856	67.296
1.11856	65.5543
1.12065	66.3371
1.12065	68.5185
1.12065	68.5708
1.12065	66.7955
1.12377	68.2035
1.12377	70.4465
1.12377	70.4993
1.12377	68.6733
1.12847	71.0323
1.12847	73.3686
1.12847	73.422
1.12847	71.5192
1.1355	75.3079
1.1355	77.785
1.1355	77.8394
1.1355	75.8208
1.138	76.8611
1.138	79.3895
1.138	79.4445
1.138	77.3837
1.13894	77.4485
1.13894	79.9961
1.13894	80.0514
1.13894	77.9748
1.14035	78.3326
1.14035	80.9091
1.14035	80.965
1.14035	78.8645
1.14246	79.6626
1.14246	82.2826
1.14246	82.3393
1.14246	80.203
1.14325	80.1626
1.14325	82.7989
1.14325	82.8559
1.14325	80.7062
1.14443	80.9172
1.14443	83.5782
1.14443	83.6357
1.14443	81.4656
1.14621	82.0497
1.14621	84.7479
1.14621	84.8063
1.14621	82.6054
1.14888	83.753
1.14888	86.5068
1.14888	86.5663
1.14888	84.3196
1.15289	86.3041
1.15289	89.1399
1.15289	89.201
1.15289	86.8869
1.15439	87.2664
1.15439	90.1329
1.15439	90.1948
1.15439	87.8554
1.15664	88.7074
1.15664	91.6194
1.15664	91.6828
1.15664	89.306
1.15749	89.2549
1.15749	92.1839
1.15749	92.2479
1.15749	89.8571
1.15875	90.0832
1.15875	93.0384
1.15875	93.1031
1.15875	90.6909
1.16066	91.3391
1.16066	94.3339
1.16066	94.3998
1.16066	91.9552
1.16351	93.198
1.16351	96.2526
1.16351	96.3199
1.16351	93.8266
1.16778	96.0049
1.16778	99.1505
1.16778	99.2192
1.16778	96.6518
1.16939	97.0545
1.16939	100.234
1.16939	100.303
1.16939	97.7081
1.16999	97.4497
1.16999	100.642
1.16999	100.712
1.16999	98.1058
1.17089	98.0429
1.17089	101.254
1.17089	101.325
1.17089	98.7028
1.17224	98.9332
1.17224	102.173
1.17224	102.245
1.17224	99.5988
1.17427	100.276
1.17427	103.56
1.17427	103.632
1.17427	100.95
1.17446	100.402
1.17446	103.689
1.17446	103.762
1.17446	101.077
1.17453	100.449
1.17453	103.738
1.17453	103.81
1.17453	101.124
1.17464	100.519
1.17464	103.81
1.17464	103.883
1.17464	101.195
1.1748	100.625
1.1748	103.919
1.1748	103.993
1.1748	101.301
1.17504	100.783
1.17504	104.083
1.17504	104.156
1.17504	101.461
1.1754	101.021
1.1754	104.328
1.1754	104.401
1.1754	101.7
1.17594	101.375
1.17594	104.694
1.17594	104.768
1.17594	102.057
1.17676	101.91
1.17676	105.246
1.17676	105.321
1.17676	102.595
1.17798	102.709
1.17798	106.071
1.17798	106.146
1.17798	103.399
1.17981	103.906
1.17981	107.306
1.17981	107.382
1.17981	104.603
1.18049	104.353
1.18049	107.768
1.18049	107.844
1.18049	105.053
1.18152	105.026
1.18152	108.463
1.18152	108.54
1.18152	105.73
1.18306	106.031
1.18306	109.5
1.18306	109.577
1.18306	106.741
1.18538	107.538
1.18538	111.055
1.18538	111.134
1.18538	108.257
1.18625	108.096
1.18625	111.632
1.18625	111.711
1.18625	108.819
1.18755	108.933
1.18755	112.496
1.18755	112.576
1.18755	109.661
1.1895	110.196
1.1895	113.801
1.1895	113.881
1.1895	110.933
1.19243	112.089
1.19243	115.754
1.19243	115.837
1.19243	112.838
1.19682	114.942
1.19682	118.697
1.19682	118.782
1.19682	115.709
1.19723	115.209
1.19723	118.972
1.19723	119.058
1.19723	115.977
1.19785	115.607
1.19785	119.383
1.19785	119.469
1.19785	116.378
1.19878	116.201
1.19878	119.995
1.19878	120.082
1.19878	116.976
1.19913	116.423
1.19913	120.225
1.19913	120.312
1.19913	117.2
1.19965	116.758
1.19965	120.569
1.19965	120.657
1.19965	117.536
1.20043	117.256
1.20043	121.083
1.20043	121.171
1.20043	118.037
1.2016	118.005
1.2016	121.855
1.2016	121.944
1.2016	118.792
1.20336	119.129
1.20336	123.014
1.20336	123.104
1.20336	119.924
1.206	120.815
1.206	124.751
1.206	124.844
1.206	121.621
1.20699	121.448
1.20699	125.404
1.20699	125.498
1.20699	122.259
1.20848	122.392
1.20848	126.377
1.20848	126.472
1.20848	123.209
1.2107	123.816
1.2107	127.845
1.2107	127.942
1.2107	124.644
1.21404	125.933
1.21404	130.027
1.21404	130.128
1.21404	126.776
1.21436	126.13
1.21436	130.23
1.21436	130.331
1.21436	126.975
1.21483	126.425
1.21483	130.534
1.21483	130.636
1.21483	127.272
1.21553	126.864
1.21553	130.987
1.21553	131.089
1.21553	127.714
1.21659	127.523
1.21659	131.666
1.21659	131.769
1.21659	128.378
1.21817	128.501
1.21817	132.674
1.21817	132.779
1.21817	129.364
1.21877	128.868
1.21877	133.052
1.21877	133.159
1.21877	129.734
1.21966	129.419
1.21966	133.619
1.21966	133.727
1.21966	130.288
1.221	130.232
1.221	134.458
1.221	134.568
1.221	131.109
1.223	131.456
1.223	135.721
1.223	135.833
1.223	132.344
1.22601	133.286
1.22601	137.608
1.22601	137.724
1.22601	134.189
1.22714	133.97
1.22714	138.315
1.22714	138.433
1.22714	134.88
1.22883	134.979
1.22883	139.356
1.22883	139.476
1.22883	135.897
1.22947	135.357
1.22947	139.747
1.22947	139.867
1.22947	136.279
1.23042	135.928
1.23042	140.336
1.23042	140.458
1.23042	136.855
1.23078	136.142
1.23078	140.556
1.23078	140.678
1.23078	137.07
1.23131	136.46
1.23131	140.885
1.23131	141.008
1.23131	137.391
1.23212	136.931
1.23212	141.37
1.23212	141.494
1.23212	137.866
1.23332	137.639
1.23332	142.102
1.23332	142.228
1.23332	138.582
1.23378	137.905
1.23378	142.376
1.23378	142.502
1.23378	138.85
1.23445	138.299
1.23445	142.782
1.23445	142.91
1.23445	139.247
1.23547	138.89
1.23547	143.393
1.23547	143.522
1.23547	139.845
1.23585	139.113
1.23585	143.622
1.23585	143.752
1.23585	140.069
1.23642	139.447
1.23642	143.967
1.23642	144.097
1.23642	140.406
1.23728	139.941
1.23728	144.477
1.23728	144.609
1.23728	140.906
1.23857	140.682
1.23857	145.241
1.23857	145.376
1.23857	141.654
1.2405	141.788
1.2405	146.383
1.2405	146.521
1.2405	142.771
1.24339	143.426
1.24339	148.073
1.24339	148.217
1.24339	144.426
1.24774	145.789
1.24774	150.514
1.24774	150.665
1.24774	146.814
1.24937	146.665
1.24937	151.419
1.24937	151.573
1.24937	147.7
1.25181	147.973
1.25181	152.771
1.25181	152.93
1.25181	149.023
1.25273	148.461
1.25273	153.274
1.25273	153.435
1.25273	149.515
1.2541	149.185
1.2541	154.023
1.2541	154.186
1.2541	150.248
1.25616	150.243
1.25616	155.117
1.25616	155.284
1.25616	151.318
1.25694	150.635
1.25694	155.522
1.25694	155.691
1.25694	151.715
1.25701	150.671
1.25701	155.56
1.25701	155.729
1.25701	151.752
1.25712	150.726
1.25712	155.617
1.25712	155.786
1.25712	151.808
1.25716	150.747
1.25716	155.638
1.25716	155.808
1.25716	151.828
1.25717	150.752
1.25717	155.643
1.25717	155.812
1.25717	151.833
1.25718	150.759
1.25718	155.65
1.25718	155.82
1.25718	151.84
1.25721	150.771
1.25721	155.663
1.25721	155.832
1.25721	151.852
1.25724	150.788
1.25724	155.681
1.25724	155.85
1.25724	151.87
1.25725	150.794
1.25725	155.687
1.25725	155.856
1.25725	151.876
1.25727	150.804
1.25727	155.697
1.25727	155.866
1.25727	151.886
1.2573	150.818
1.2573	155.712
1.2573	155.881
1.2573	151.9
1.25734	150.84
1.25734	155.734
1.25734	155.904
1.25734	151.922
1.25741	150.872
1.25741	155.767
1.25741	155.937
1.25741	151.955
1.25743	150.884
1.25743	155.78
1.25743	155.95
1.25743	151.967
1.25747	150.902
1.25747	155.799
1.25747	155.968
1.25747	151.985
1.25752	150.929
1.25752	155.827
1.25752	155.997
1.25752	152.013
1.2576	150.97
1.2576	155.869
1.2576	156.039
1.2576	152.054
1.25772	151.031
1.25772	155.932
1.25772	156.102
1.25772	152.116
1.25791	151.122
1.25791	156.026
1.25791	156.197
1.25791	152.208
1.25818	151.258
1.25818	156.166
1.25818	156.338
1.25818	152.345
1.25859	151.457
1.25859	156.372
1.25859	156.544
1.25859	152.546
1.25921	151.746
1.25921	156.672
1.25921	156.845
1.25921	152.839
1.26013	152.158
1.26013	157.099
1.26013	157.274
1.26013	153.257
1.26022	152.197
1.26022	157.139
1.26022	157.314
1.26022	153.296
1.26035	152.255
1.26035	157.199
1.26035	157.374
1.26035	153.355
1.26054	152.34
1.26054	157.288
1.26054	157.463
1.26054	153.441
1.26083	152.467
1.26083	157.42
1.26083	157.595
1.26083	153.57
1.26127	152.652
1.26127	157.612
1.26127	157.788
1.26127	153.757
1.26144	152.721
1.26144	157.683
1.26144	157.86
1.26144	153.827
1.26168	152.82
1.26168	157.785
1.26168	157.963
1.26168	153.927
1.26171	152.828
1.26171	157.795
1.26171	157.972
1.26171	153.936
1.26174	152.843
1.26174	157.809
1.26174	157.987
1.26174	153.95
1.26179	152.863
1.26179	157.831
1.26179	158.008
1.26179	153.971
1.26187	152.894
1.26187	157.863
1.26187	158.04
1.26187	154.002
1.26199	152.939
1.26199	157.909
1.26199	158.087
1.26199	154.047
1.26216	153.005
1.26216	157.978
1.26216	158.156
1.26216	154.115
1.26243	153.103
1.26243	158.08
1.26243	158.259
1.26243	154.214
1.26282	153.249
1.26282	158.232
1.26282	158.411
1.26282	154.362
1.26341	153.457
1.26341	158.449
1.26341	158.629
1.26341	154.573
1.2643	153.756
1.2643	158.761
1.2643	158.942
1.2643	154.876
1.26564	154.189
1.26564	159.213
1.26564	159.396
1.26564	155.316
1.26567	154.199
1.26567	159.224
1.26567	159.407
1.26567	155.327
1.26571	154.214
1.26571	159.24
1.26571	159.423
1.26571	155.342
1.26578	154.237
1.26578	159.263
1.26578	159.446
1.26578	155.365
1.26589	154.271
1.26589	159.299
1.26589	159.482
1.26589	155.4
1.26605	154.321
1.26605	159.352
1.26605	159.535
1.26605	155.451
1.26628	154.393
1.26628	159.426
1.26628	159.61
1.26628	155.523
1.26664	154.494
1.26664	159.532
1.26664	159.716
1.26664	155.626
1.26717	154.642
1.26717	159.687
1.26717	159.872
1.26717	155.777
1.26798	154.85
1.26798	159.906
1.26798	160.092
1.26798	155.989
1.26918	155.122
1.26918	160.193
1.26918	160.383
1.26918	156.268
1.27098	155.477
1.27098	160.572
1.27098	160.767
1.27098	156.634
1.27368	155.953
1.27368	161.08
1.27368	161.283
1.27368	157.125
1.27469	156.147
1.27469	161.286
1.27469	161.491
1.27469	157.323
1.27621	156.419
1.27621	161.576
1.27621	161.785
1.27621	157.603
1.27678	156.518
1.27678	161.682
1.27678	161.892
1.27678	157.705
1.277	156.556
1.277	161.723
1.277	161.934
1.277	157.745
1.27732	156.611
1.27732	161.782
1.27732	161.993
1.27732	157.801
1.2778	156.696
1.2778	161.872
1.2778	162.085
1.2778	157.889
1.27798	156.728
1.27798	161.906
1.27798	162.119
1.27798	157.922
1.27825	156.777
1.27825	161.959
1.27825	162.172
1.27825	157.972
1.27866	156.842
1.27866	162.029
1.27866	162.243
1.27866	158.04
1.27927	156.932
1.27927	162.125
1.27927	162.341
1.27927	158.133
1.27932	156.94
1.27932	162.134
1.27932	162.35
1.27932	158.141
1.27941	156.953
1.27941	162.147
1.27941	162.364
1.27941	158.154
1.27954	156.971
1.27954	162.167
1.27954	162.384
1.27954	158.174
1.27973	157
1.27973	162.198
1.27973	162.415
1.27973	158.203
1.28002	157.043
1.28002	162.244
1.28002	162.462
1.28002	158.248
1.28045	157.11
1.28045	162.316
1.28045	162.535
1.28045	158.317
1.2811	157.207
1.2811	162.42
1.2811	162.641
1.2811	158.418
1.28208	157.363
1.28208	162.585
1.28208	162.809
1.28208	158.58
1.28354	157.604
1.28354	162.841
1.28354	163.07
1.28354	158.83
1.28573	157.979
1.28573	163.238
1.28573	163.474
1.28573	159.218
1.28656	158.129
1.28656	163.396
1.28656	163.636
1.28656	159.374
1.28779	158.359
1.28779	163.639
1.28779	163.883
1.28779	159.611
1.28964	158.721
1.28964	164.019
1.28964	164.27
1.28964	159.984
1.29242	159.321
1.29242	164.647
1.29242	164.908
1.29242	160.601
1.29268	159.379
1.29268	164.708
1.29268	164.97
1.29268	160.661
1.29307	159.469
1.29307	164.802
1.29307	165.066
1.29307	160.754
1.29365	159.596
1.29365	164.935
1.29365	165.201
1.29365	160.885
1.29453	159.799
1.29453	165.147
1.29453	165.416
1.29453	161.093
1.29486	159.876
1.29486	165.226
1.29486	165.497
1.29486	161.172
1.29536	159.992
1.29536	165.348
1.29536	165.621
1.29536	161.291
1.2961	160.177
1.2961	165.54
1.2961	165.815
1.2961	161.48
1.29721	160.46
1.29721	165.834
1.29721	166.114
1.29721	161.77
1.29888	160.889
1.29888	166.28
1.29888	166.567
1.29888	162.209
1.30138	161.548
1.30138	166.966
1.30138	167.262
1.30138	162.884
1.30232	161.798
1.30232	167.226
1.30232	167.526
1.30232	163.14
1.30267	161.89
1.30267	167.321
1.30267	167.622
1.30267	163.233
1.3028	161.924
1.3028	167.357
1.3028	167.658
1.3028	163.268
1.303	161.976
1.303	167.411
1.303	167.713
1.303	163.321
1.3033	162.054
1.3033	167.491
1.3033	167.795
1.3033	163.401
1.30374	162.17
1.30374	167.612
1.30374	167.917
1.30374	163.519
1.30441	162.348
1.30441	167.796
1.30441	168.104
1.30441	163.701
1.30541	162.621
1.30541	168.08
1.30541	168.391
1.30541	163.981
1.30692	163.036
1.30692	168.51
1.30692	168.827
1.30692	164.404
1.30917	163.678
1.30917	169.175
1.30917	169.499
1.30917	165.059
1.31255	164.653
1.31255	170.183
1.31255	170.52
1.31255	166.053
1.31382	165.019
1.31382	170.561
1.31382	170.903
1.31382	166.426
1.31572	165.582
1.31572	171.143
1.31572	171.491
1.31572	167
1.31857	166.325
1.31857	171.909
1.31857	172.265
1.31857	167.755
1.31964	166.616
1.31964	172.21
1.31964	172.569
1.31964	168.053
1.32005	166.727
1.32005	172.324
1.32005	172.684
1.32005	168.165
1.32065	166.886
1.32065	172.488
1.32065	172.85
1.32065	168.327
1.32087	166.946
1.32087	172.55
1.32087	172.913
1.32087	168.388
1.32121	167.036
1.32121	172.643
1.32121	173.008
1.32121	168.481
1.32172	167.174
1.32172	172.786
1.32172	173.152
1.32172	168.621
1.32248	167.38
1.32248	172.999
1.32248	173.367
1.32248	168.831
1.32362	167.697
1.32362	173.326
1.32362	173.698
1.32362	169.154
1.32373	167.726
1.32373	173.356
1.32373	173.729
1.32373	169.184
1.32389	167.771
1.32389	173.402
1.32389	173.776
1.32389	169.229
1.32413	167.838
1.32413	173.472
1.32413	173.846
1.32413	169.298
1.32422	167.863
1.32422	173.498
1.32422	173.872
1.32422	169.323
1.32436	167.899
1.32436	173.535
1.32436	173.91
1.32436	169.36
1.32441	167.913
1.32441	173.548
1.32441	173.924
1.32441	169.374
1.32449	167.933
1.32449	173.569
1.32449	173.945
1.32449	169.394
1.3246	167.962
1.3246	173.6
1.3246	173.976
1.3246	169.425
1.32477	168.007
1.32477	173.646
1.32477	174.023
1.32477	169.47
1.32503	168.075
1.32503	173.716
1.32503	174.094
1.32503	169.54
1.32513	168.1
1.32513	173.742
1.32513	174.121
1.32513	169.566
1.32527	168.139
1.32527	173.782
1.32527	174.161
1.32527	169.605
1.32532	168.153
1.32532	173.797
1.32532	174.176
1.32532	169.62
1.32534	168.158
1.32534	173.802
1.32534	174.182
1.32534	169.625
1.32538	168.166
1.32538	173.81
1.32538	174.19
1.32538	169.633
1.32542	168.179
1.32542	173.823
1.32542	174.203
1.32542	169.646
1.32549	168.197
1.32549	173.842
1.32549	174.222
1.32549	169.664
1.32559	168.224
1.32559	173.87
1.32559	174.251
1.32559	169.692
1.32575	168.265
1.32575	173.912
1.32575	174.294
1.32575	169.734
1.32598	168.323
1.32598	173.972
1.32598	174.354
1.32598	169.793
1.32607	168.345
1.32607	173.995
1.32607	174.377
1.32607	169.816
1.3262	168.378
1.3262	174.029
1.3262	174.412
1.3262	169.849
1.32639	168.428
1.32639	174.081
1.32639	174.465
1.32639	169.901
1.32669	168.505
1.32669	174.161
1.32669	174.545
1.32669	169.979
1.32713	168.623
1.32713	174.282
1.32713	174.668
1.32713	170.099
1.32779	168.785
1.32779	174.45
1.32779	174.838
1.32779	170.265
1.32878	169.041
1.32878	174.714
1.32878	175.107
1.32878	170.527
1.33026	169.414
1.33026	175.099
1.33026	175.497
1.33026	170.908
1.33082	169.553
1.33082	175.242
1.33082	175.643
1.33082	171.05
1.33103	169.605
1.33103	175.296
1.33103	175.697
1.33103	171.104
1.33134	169.684
1.33134	175.377
1.33134	175.78
1.33134	171.184
1.33181	169.804
1.33181	175.501
1.33181	175.906
1.33181	171.307
1.33252	169.987
1.33252	175.69
1.33252	176.097
1.33252	171.494
1.33358	170.265
1.33358	175.977
1.33358	176.387
1.33358	171.777
1.33516	170.665
1.33516	176.39
1.33516	176.806
1.33516	172.186
1.33754	171.268
1.33754	177.012
1.33754	177.436
1.33754	172.801
1.34111	172.13
1.34111	177.902
1.34111	178.337
1.34111	173.681
1.34647	173.338
1.34647	179.149
1.34647	179.601
1.34647	174.916
1.34847	173.763
1.34847	179.589
1.34847	180.049
1.34847	175.352
1.35149	174.385
1.35149	180.231
1.35149	180.701
1.35149	175.989
1.356	175.253
1.356	181.128
1.356	181.613
1.356	176.879
1.36278	176.393
1.36278	182.305
1.36278	182.81
1.36278	178.049
1.36528	176.778
1.36528	182.701
1.36528	183.214
1.36528	178.444
1.36622	176.913
1.36622	182.841
1.36622	183.357
1.36622	178.584
1.36657	176.964
1.36657	182.893
1.36657	183.41
1.36657	178.635
1.3671	177.037
1.3671	182.969
1.3671	183.488
1.3671	178.711
1.3673	177.065
1.3673	182.998
1.3673	183.517
1.3673	178.739
1.36759	177.105
1.36759	183.04
1.36759	183.56
1.36759	178.781
1.3677	177.121
1.3677	183.055
1.3677	183.576
1.3677	178.797
1.36787	177.143
1.36787	183.078
1.36787	183.599
1.36787	178.82
1.36812	177.176
1.36812	183.113
1.36812	183.634
1.36812	178.854
1.36821	177.189
1.36821	183.126
1.36821	183.647
1.36821	178.867
1.36836	177.207
1.36836	183.145
1.36836	183.667
1.36836	178.886
1.36857	177.233
1.36857	183.171
1.36857	183.694
1.36857	178.913
1.36888	177.271
1.36888	183.211
1.36888	183.734
1.36888	178.952
1.36936	177.329
1.36936	183.271
1.36936	183.796
1.36936	179.012
1.37007	177.416
1.37007	183.36
1.37007	183.887
1.37007	179.101
1.37114	177.544
1.37114	183.493
1.37114	184.023
1.37114	179.234
1.37274	177.733
1.37274	183.689
1.37274	184.223
1.37274	179.429
1.37515	177.997
1.37515	183.961
1.37515	184.501
1.37515	179.701
1.37876	178.359
1.37876	184.335
1.37876	184.883
1.37876	180.075
1.38417	178.793
1.38417	184.784
1.38417	185.344
1.38417	180.525
1.39229	179.285
1.39229	185.293
1.39229	185.867
1.39229	181.035
1.39479	179.438
1.39479	185.451
1.39479	186.029
1.39479	181.194
1.39854	179.652
1.39854	185.673
1.39854	186.258
1.39854	181.417
1.40416	179.955
1.40416	185.987
1.40416	186.58
1.40416	181.733
1.40627	180.059
1.40627	186.094
1.40627	186.691
1.40627	181.841
1.40706	180.099
1.40706	186.136
1.40706	186.733
1.40706	181.883
1.40736	180.114
1.40736	186.151
1.40736	186.749
1.40736	181.899
1.4078	180.137
1.4078	186.175
1.4078	186.774
1.4078	181.923
1.40785	180.136
1.40785	186.175
1.40785	186.774
1.40785	181.923
1.40788	180.137
1.40788	186.175
1.40788	186.774
1.40788	181.923
1.40789	180.137
1.40789	186.175
1.40789	186.774
1.40789	181.923
1.4079	180.136
1.4079	186.175
1.4079	186.773
1.4079	181.922
1.40792	180.138
1.40792	186.177
1.40792	186.776
1.40792	181.925
1.40793	180.139
1.40793	186.177
1.40793	186.776
1.40793	181.925
1.40793	180.139
1.40793	186.177
1.40793	186.776
1.40793	181.925
