1	2.32204
1.005	4.43142
1.005	4.30941
1.005	4.28533
1.005	4.39197
1.01	7.534
1.01	7.31416
1.01	7.2834
1.01	7.47209
1.0175	12.1535
1.0175	11.791
1.0175	11.7503
1.0175	12.0581
1.02	13.6714
1.02	13.2628
1.02	13.2195
1.02	13.5653
1.02375	15.9191
1.02375	15.4432
1.02375	15.3968
1.02375	15.7977
1.02937	19.2602
1.02937	18.6856
1.02937	18.6345
1.02937	19.1164
1.03781	24.2275
1.03781	23.5083
1.03781	23.4509
1.03781	24.0518
1.04031	25.6931
1.04031	24.9316
1.04031	24.8725
1.04031	25.5082
1.04406	27.8809
1.04406	27.0566
1.04406	26.9953
1.04406	27.6824
1.04547	28.6993
1.04547	27.8517
1.04547	27.7896
1.04547	28.4957
1.046	29.0059
1.046	28.1496
1.046	28.0872
1.046	28.8005
1.04679	29.4661
1.04679	28.5967
1.04679	28.5339
1.04679	29.2579
1.04797	30.1545
1.04797	29.2657
1.04797	29.2023
1.04797	29.9422
1.04975	31.1886
1.04975	30.2705
1.04975	30.2063
1.04975	30.9702
1.05242	32.7345
1.05242	31.7725
1.05242	31.7072
1.05242	32.507
1.05342	33.3127
1.05342	32.3344
1.05342	32.2687
1.05342	33.0818
1.05493	34.178
1.05493	33.1752
1.05493	33.109
1.05493	33.9421
1.05718	35.4697
1.05718	34.4305
1.05718	34.3637
1.05718	35.2264
1.06056	37.4054
1.06056	36.312
1.06056	36.2444
1.06056	37.1513
1.06182	38.1432
1.06182	37.0293
1.06182	36.9612
1.06182	37.8849
1.06372	39.243
1.06372	38.0986
1.06372	38.03
1.06372	38.9786
1.06444	39.6537
1.06444	38.498
1.06444	38.4291
1.06444	39.387
1.06551	40.2676
1.06551	39.0948
1.06551	39.0257
1.06551	39.9975
1.06711	41.1851
1.06711	39.9866
1.06711	39.9173
1.06711	40.91
1.06952	42.5826
1.06952	41.345
1.06952	41.2751
1.06952	42.2997
1.07312	44.6929
1.07312	43.395
1.07312	43.3247
1.07312	44.3985
1.07448	45.4806
1.07448	44.1601
1.07448	44.0896
1.07448	45.1819
1.07651	46.6589
1.07651	45.3044
1.07651	45.2337
1.07651	46.3538
1.07727	47.1025
1.07727	45.7354
1.07727	45.6645
1.07727	46.795
1.07841	47.7668
1.07841	46.3805
1.07841	46.3095
1.07841	47.4556
1.08012	48.7705
1.08012	47.3549
1.08012	47.2837
1.08012	48.454
1.08269	50.2712
1.08269	48.811
1.08269	48.7397
1.08269	49.9468
1.08365	50.8322
1.08365	49.3554
1.08365	49.284
1.08365	50.5049
1.0851	51.6719
1.0851	50.1701
1.0851	50.0986
1.0851	51.3403
1.08727	52.9318
1.08727	51.3922
1.08727	51.3206
1.08727	52.5939
1.09052	54.8372
1.09052	53.2404
1.09052	53.1688
1.09052	54.4897
1.09174	55.5535
1.09174	53.9354
1.09174	53.8637
1.09174	55.2024
1.09356	56.6327
1.09356	54.9824
1.09356	54.9105
1.09356	56.2761
1.09631	58.2718
1.09631	56.5725
1.09631	56.5003
1.09631	57.907
1.09734	58.898
1.09734	57.1802
1.09734	57.1077
1.09734	58.53
1.09888	59.8393
1.09888	58.0936
1.09888	58.0209
1.09888	59.4664
1.10119	61.2669
1.10119	59.4788
1.10119	59.4057
1.10119	60.8867
1.10206	61.8086
1.10206	60.0043
1.10206	59.9311
1.10206	61.4256
1.10336	62.6262
1.10336	60.7977
1.10336	60.7242
1.10336	62.2391
1.10532	63.8634
1.10532	61.9986
1.10532	61.9246
1.10532	63.47
1.10825	65.7267
1.10825	63.8073
1.10825	63.7325
1.10825	65.3238
1.10934	66.4285
1.10934	64.4886
1.10934	64.4134
1.10934	66.022
1.11099	67.4867
1.11099	65.5161
1.11099	65.4404
1.11099	67.0749
1.11346	69.0847
1.11346	67.0678
1.11346	66.9912
1.11346	68.6646
1.11717	71.5221
1.11717	69.4353
1.11717	69.3572
1.11717	71.0894
1.11856	72.4445
1.11856	70.3311
1.11856	70.2525
1.11856	72.0069
1.12065	73.8387
1.12065	71.685
1.12065	71.6055
1.12065	73.3938
1.12377	75.9468
1.12377	73.7324
1.12377	73.6517
1.12377	75.4911
1.12847	79.1392
1.12847	76.8327
1.12847	76.7502
1.12847	78.667
1.1355	83.9747
1.1355	81.5292
1.1355	81.4438
1.1355	83.4772
1.138	85.7349
1.138	83.2388
1.138	83.1522
1.138	85.2282
1.13894	86.4015
1.13894	83.8866
1.13894	83.7993
1.13894	85.8913
1.14035	87.4053
1.14035	84.8618
1.14035	84.7736
1.14035	86.8897
1.14246	88.9149
1.14246	86.3287
1.14246	86.239
1.14246	88.3912
1.14325	89.4828
1.14325	86.8805
1.14325	86.7902
1.14325	88.956
1.14443	90.3399
1.14443	87.7132
1.14443	87.622
1.14443	89.8084
1.14621	91.6263
1.14621	88.9631
1.14621	88.8704
1.14621	91.0878
1.14888	93.5599
1.14888	90.8419
1.14888	90.7472
1.14888	93.011
1.15289	96.4674
1.15289	93.6689
1.15289	93.5712
1.15289	95.903
1.15439	97.5638
1.15439	94.7349
1.15439	94.6359
1.15439	96.9935
1.15664	99.2016
1.15664	96.328
1.15664	96.2266
1.15664	98.622
1.15749	99.8254
1.15749	96.935
1.15749	96.8328
1.15749	99.2423
1.15875	100.769
1.15875	97.8526
1.15875	97.7491
1.15875	100.18
1.16066	102.199
1.16066	99.2437
1.16066	99.1382
1.16066	101.602
1.16351	104.319
1.16351	101.306
1.16351	101.198
1.16351	103.711
1.16778	107.517
1.16778	104.414
1.16778	104.302
1.16778	106.891
1.16939	108.713
1.16939	105.577
1.16939	105.464
1.16939	108.081
1.16999	109.164
1.16999	106.015
1.16999	105.902
1.16999	108.529
1.17089	109.84
1.17089	106.673
1.17089	106.558
1.17089	109.202
1.17224	110.855
1.17224	107.66
1.17224	107.544
1.17224	110.212
1.17427	112.389
1.17427	109.151
1.17427	109.033
1.17427	111.737
1.17446	112.532
1.17446	109.29
1.17446	109.172
1.17446	111.88
1.17453	112.586
1.17453	109.342
1.17453	109.224
1.17453	111.933
1.17464	112.666
1.17464	109.42
1.17464	109.303
1.17464	112.013
1.1748	112.787
1.1748	109.538
1.1748	109.42
1.1748	112.133
1.17504	112.968
1.17504	109.713
1.17504	109.595
1.17504	112.313
1.1754	113.238
1.1754	109.976
1.1754	109.857
1.1754	112.582
1.17594	113.642
1.17594	110.369
1.17594	110.25
1.17594	112.984
1.17676	114.251
1.17676	110.961
1.17676	110.841
1.17676	113.589
1.17798	115.16
1.17798	111.843
1.17798	111.723
1.17798	114.493
1.17981	116.519
1.17981	113.164
1.17981	113.043
1.17981	115.845
1.18049	117.027
1.18049	113.658
1.18049	113.536
1.18049	116.35
1.18152	117.791
1.18152	114.4
1.18152	114.278
1.18152	117.11
1.18306	118.93
1.18306	115.508
1.18306	115.385
1.18306	118.243
1.18538	120.64
1.18538	117.169
1.18538	117.045
1.18538	119.944
1.18625	121.276
1.18625	117.787
1.18625	117.663
1.18625	120.577
1.18755	122.228
1.18755	118.712
1.18755	118.587
1.18755	121.524
1.1895	123.666
1.1895	120.11
1.1895	119.983
1.1895	122.954
1.19243	125.824
1.19243	122.207
1.19243	122.077
1.19243	125.1
1.19682	129.07
1.19682	125.365
1.19682	125.232
1.19682	128.329
1.19723	129.375
1.19723	125.661
1.19723	125.528
1.19723	128.632
1.19785	129.83
1.19785	126.104
1.19785	125.97
1.19785	129.085
1.19878	130.51
1.19878	126.766
1.19878	126.632
1.19878	129.762
1.19913	130.765
1.19913	127.014
1.19913	126.88
1.19913	130.015
1.19965	131.148
1.19965	127.387
1.19965	127.252
1.19965	130.396
1.20043	131.72
1.20043	127.943
1.20043	127.807
1.20043	130.965
1.2016	132.581
1.2016	128.781
1.2016	128.644
1.2016	131.82
1.20336	133.876
1.20336	130.043
1.20336	129.904
1.20336	133.109
1.206	135.826
1.206	131.941
1.206	131.799
1.206	135.047
1.20699	136.558
1.20699	132.654
1.20699	132.511
1.20699	135.775
1.20848	137.653
1.20848	133.721
1.20848	133.576
1.20848	136.864
1.2107	139.305
1.2107	135.331
1.2107	135.183
1.2107	138.507
1.21404	141.77
1.21404	137.732
1.21404	137.58
1.21404	140.958
1.21436	142
1.21436	137.956
1.21436	137.803
1.21436	141.187
1.21483	142.345
1.21483	138.292
1.21483	138.139
1.21483	141.53
1.21553	142.86
1.21553	138.793
1.21553	138.639
1.21553	142.041
1.21659	143.632
1.21659	139.545
1.21659	139.39
1.21659	142.809
1.21817	144.781
1.21817	140.666
1.21817	140.508
1.21817	143.952
1.21877	145.214
1.21877	141.088
1.21877	140.928
1.21877	144.381
1.21966	145.862
1.21966	141.719
1.21966	141.558
1.21966	145.025
1.221	146.821
1.221	142.654
1.221	142.491
1.221	145.978
1.223	148.265
1.223	144.061
1.223	143.894
1.223	147.413
1.22601	150.428
1.22601	146.168
1.22601	145.995
1.22601	149.562
1.22714	151.239
1.22714	146.958
1.22714	146.783
1.22714	150.368
1.22883	152.445
1.22883	148.132
1.22883	147.955
1.22883	151.566
1.22947	152.898
1.22947	148.573
1.22947	148.394
1.22947	152.016
1.23042	153.578
1.23042	149.236
1.23042	149.056
1.23042	152.692
1.23078	153.832
1.23078	149.483
1.23078	149.303
1.23078	152.944
1.23131	154.213
1.23131	149.854
1.23131	149.672
1.23131	153.322
1.23212	154.778
1.23212	150.404
1.23212	150.221
1.23212	153.883
1.23332	155.628
1.23332	151.233
1.23332	151.047
1.23332	154.728
1.23378	155.947
1.23378	151.543
1.23378	151.357
1.23378	155.044
1.23445	156.423
1.23445	152.007
1.23445	151.819
1.23445	155.517
1.23547	157.137
1.23547	152.703
1.23547	152.513
1.23547	156.225
1.23585	157.406
1.23585	152.964
1.23585	152.774
1.23585	156.492
1.23642	157.809
1.23642	153.358
1.23642	153.166
1.23642	156.893
1.23728	158.408
1.23728	153.941
1.23728	153.748
1.23728	157.487
1.23857	159.304
1.23857	154.814
1.23857	154.618
1.23857	158.376
1.2405	160.643
1.2405	156.119
1.2405	155.918
1.2405	159.705
1.24339	162.636
1.24339	158.061
1.24339	157.854
1.24339	161.683
1.24774	165.524
1.24774	160.874
1.24774	160.657
1.24774	164.548
1.24937	166.598
1.24937	161.921
1.24937	161.7
1.24937	165.614
1.25181	168.212
1.25181	163.493
1.25181	163.265
1.25181	167.215
1.25273	168.815
1.25273	164.08
1.25273	163.85
1.25273	167.812
1.2541	169.711
1.2541	164.952
1.2541	164.719
1.2541	168.701
1.25616	171.034
1.25616	166.241
1.25616	166.003
1.25616	170.013
1.25694	171.524
1.25694	166.718
1.25694	166.478
1.25694	170.499
1.25701	171.57
1.25701	166.763
1.25701	166.523
1.25701	170.545
1.25712	171.639
1.25712	166.83
1.25712	166.589
1.25712	170.613
1.25716	171.664
1.25716	166.855
1.25716	166.614
1.25716	170.638
1.25717	171.67
1.25717	166.86
1.25717	166.62
1.25717	170.644
1.25718	171.679
1.25718	166.869
1.25718	166.628
1.25718	170.653
1.25721	171.694
1.25721	166.884
1.25721	166.643
1.25721	170.668
1.25724	171.716
1.25724	166.905
1.25724	166.664
1.25724	170.689
1.25725	171.723
1.25725	166.912
1.25725	166.671
1.25725	170.697
1.25727	171.735
1.25727	166.924
1.25727	166.683
1.25727	170.709
1.2573	171.753
1.2573	166.941
1.2573	166.701
1.2573	170.727
1.25734	171.78
1.25734	166.968
1.25734	166.727
1.25734	170.753
1.25741	171.821
1.25741	167.007
1.25741	166.766
1.25741	170.793
1.25743	171.836
1.25743	167.022
1.25743	166.781
1.25743	170.808
1.25747	171.859
1.25747	167.044
1.25747	166.803
1.25747	170.831
1.25752	171.893
1.25752	167.077
1.25752	166.836
1.25752	170.865
1.2576	171.943
1.2576	167.126
1.2576	166.885
1.2576	170.915
1.25772	172.02
1.25772	167.201
1.25772	166.959
1.25772	170.991
1.25791	172.134
1.25791	167.312
1.25791	167.07
1.25791	171.104
1.25818	172.304
1.25818	167.477
1.25818	167.234
1.25818	171.273
1.25859	172.553
1.25859	167.72
1.25859	167.476
1.25859	171.52
1.25921	172.916
1.25921	168.073
1.25921	167.827
1.25921	171.879
1.26013	173.432
1.26013	168.574
1.26013	168.327
1.26013	172.391
1.26022	173.48
1.26022	168.622
1.26022	168.374
1.26022	172.439
1.26035	173.553
1.26035	168.692
1.26035	168.445
1.26035	172.511
1.26054	173.66
1.26054	168.797
1.26054	168.549
1.26054	172.617
1.26083	173.82
1.26083	168.951
1.26083	168.703
1.26083	172.775
1.26127	174.053
1.26127	169.178
1.26127	168.928
1.26127	173.006
1.26144	174.14
1.26144	169.262
1.26144	169.012
1.26144	173.092
1.26168	174.264
1.26168	169.383
1.26168	169.132
1.26168	173.215
1.26171	174.275
1.26171	169.394
1.26171	169.143
1.26171	173.226
1.26174	174.293
1.26174	169.411
1.26174	169.161
1.26174	173.244
1.26179	174.319
1.26179	169.436
1.26179	169.186
1.26179	173.27
1.26187	174.358
1.26187	169.474
1.26187	169.223
1.26187	173.308
1.26199	174.415
1.26199	169.529
1.26199	169.278
1.26199	173.364
1.26216	174.498
1.26216	169.61
1.26216	169.359
1.26216	173.447
1.26243	174.623
1.26243	169.73
1.26243	169.478
1.26243	173.57
1.26282	174.807
1.26282	169.909
1.26282	169.657
1.26282	173.753
1.26341	175.075
1.26341	170.168
1.26341	169.914
1.26341	174.018
1.2643	175.459
1.2643	170.54
1.2643	170.285
1.2643	174.398
1.26564	176.018
1.26564	171.08
1.26564	170.823
1.26564	174.951
1.26567	176.031
1.26567	171.092
1.26567	170.835
1.26567	174.964
1.26571	176.051
1.26571	171.111
1.26571	170.854
1.26571	174.983
1.26578	176.08
1.26578	171.139
1.26578	170.882
1.26578	175.012
1.26589	176.124
1.26589	171.182
1.26589	170.925
1.26589	175.056
1.26605	176.189
1.26605	171.245
1.26605	170.987
1.26605	175.12
1.26628	176.281
1.26628	171.334
1.26628	171.076
1.26628	175.211
1.26664	176.414
1.26664	171.462
1.26664	171.204
1.26664	175.343
1.26717	176.61
1.26717	171.652
1.26717	171.393
1.26717	175.536
1.26798	176.885
1.26798	171.915
1.26798	171.655
1.26798	175.807
1.26918	177.224
1.26918	172.239
1.26918	171.975
1.26918	176.14
1.27098	177.683
1.27098	172.676
1.27098	172.406
1.27098	176.588
1.27368	178.33
1.27368	173.29
1.27368	173.014
1.27368	177.221
1.27469	178.592
1.27469	173.541
1.27469	173.261
1.27469	177.478
1.27621	178.96
1.27621	173.891
1.27621	173.608
1.27621	177.839
1.27678	179.093
1.27678	174.017
1.27678	173.732
1.27678	177.969
1.277	179.144
1.277	174.066
1.277	173.781
1.277	178.019
1.27732	179.218
1.27732	174.136
1.27732	173.85
1.27732	178.091
1.2778	179.333
1.2778	174.245
1.2778	173.958
1.2778	178.203
1.27798	179.376
1.27798	174.286
1.27798	173.998
1.27798	178.245
1.27825	179.442
1.27825	174.349
1.27825	174.06
1.27825	178.31
1.27866	179.533
1.27866	174.436
1.27866	174.146
1.27866	178.4
1.27927	179.658
1.27927	174.554
1.27927	174.263
1.27927	178.521
1.27932	179.669
1.27932	174.565
1.27932	174.273
1.27932	178.532
1.27941	179.687
1.27941	174.581
1.27941	174.29
1.27941	178.549
1.27954	179.713
1.27954	174.606
1.27954	174.314
1.27954	178.574
1.27973	179.752
1.27973	174.643
1.27973	174.351
1.27973	178.613
1.28002	179.812
1.28002	174.7
1.28002	174.407
1.28002	178.671
1.28045	179.905
1.28045	174.788
1.28045	174.494
1.28045	178.762
1.2811	180.042
1.2811	174.919
1.2811	174.623
1.2811	178.896
1.28208	180.251
1.28208	175.119
1.28208	174.819
1.28208	179.099
1.28354	180.569
1.28354	175.422
1.28354	175.117
1.28354	179.408
1.28573	181.065
1.28573	175.897
1.28573	175.584
1.28573	179.891
1.28656	181.265
1.28656	176.088
1.28656	175.772
1.28656	180.086
1.28779	181.566
1.28779	176.377
1.28779	176.057
1.28779	180.38
1.28964	182.034
1.28964	176.827
1.28964	176.5
1.28964	180.837
1.29242	182.817
1.29242	177.582
1.29242	177.244
1.29242	181.603
1.29268	182.893
1.29268	177.655
1.29268	177.317
1.29268	181.677
1.29307	183.01
1.29307	177.769
1.29307	177.429
1.29307	181.792
1.29365	183.175
1.29365	177.928
1.29365	177.585
1.29365	181.953
1.29453	183.44
1.29453	178.184
1.29453	177.838
1.29453	182.213
1.29486	183.54
1.29486	178.281
1.29486	177.933
1.29486	182.311
1.29536	183.692
1.29536	178.428
1.29536	178.079
1.29536	182.46
1.2961	183.932
1.2961	178.661
1.2961	178.309
1.2961	182.695
1.29721	184.3
1.29721	179.018
1.29721	178.661
1.29721	183.057
1.29888	184.865
1.29888	179.565
1.29888	179.203
1.29888	183.612
1.30138	185.74
1.30138	180.415
1.30138	180.042
1.30138	184.472
1.30232	186.074
1.30232	180.739
1.30232	180.363
1.30232	184.801
1.30267	186.198
1.30267	180.86
1.30267	180.482
1.30267	184.923
1.3028	186.245
1.3028	180.905
1.3028	180.527
1.3028	184.969
1.303	186.315
1.303	180.973
1.303	180.594
1.303	185.038
1.3033	186.421
1.3033	181.077
1.3033	180.696
1.3033	185.142
1.30374	186.578
1.30374	181.229
1.30374	180.847
1.30374	185.297
1.30441	186.818
1.30441	181.463
1.30441	181.078
1.30441	185.533
1.30541	187.187
1.30541	181.821
1.30541	181.433
1.30541	185.896
1.30692	187.747
1.30692	182.367
1.30692	181.973
1.30692	186.448
1.30917	188.618
1.30917	183.216
1.30917	182.814
1.30917	187.307
1.31255	189.948
1.31255	184.513
1.31255	184.098
1.31255	188.618
1.31382	190.448
1.31382	185.001
1.31382	184.581
1.31382	189.111
1.31572	191.214
1.31572	185.749
1.31572	185.322
1.31572	189.867
1.31857	192.302
1.31857	186.814
1.31857	186.379
1.31857	190.942
1.31964	192.718
1.31964	187.222
1.31964	186.783
1.31964	191.354
1.32005	192.875
1.32005	187.375
1.32005	186.934
1.32005	191.508
1.32065	193.105
1.32065	187.6
1.32065	187.157
1.32065	191.735
1.32087	193.191
1.32087	187.684
1.32087	187.241
1.32087	191.821
1.32121	193.321
1.32121	187.812
1.32121	187.367
1.32121	191.949
1.32172	193.518
1.32172	188.004
1.32172	187.557
1.32172	192.143
1.32248	193.812
1.32248	188.291
1.32248	187.842
1.32248	192.433
1.32362	194.258
1.32362	188.727
1.32362	188.274
1.32362	192.874
1.32373	194.3
1.32373	188.768
1.32373	188.314
1.32373	192.915
1.32389	194.362
1.32389	188.829
1.32389	188.375
1.32389	192.977
1.32413	194.457
1.32413	188.921
1.32413	188.466
1.32413	193.07
1.32422	194.492
1.32422	188.956
1.32422	188.501
1.32422	193.105
1.32436	194.541
1.32436	189.004
1.32436	188.548
1.32436	193.153
1.32441	194.559
1.32441	189.021
1.32441	188.565
1.32441	193.171
1.32449	194.587
1.32449	189.048
1.32449	188.592
1.32449	193.198
1.3246	194.627
1.3246	189.088
1.3246	188.631
1.3246	193.238
1.32477	194.689
1.32477	189.148
1.32477	188.69
1.32477	193.298
1.32503	194.783
1.32503	189.24
1.32503	188.78
1.32503	193.391
1.32513	194.818
1.32513	189.274
1.32513	188.815
1.32513	193.425
1.32527	194.872
1.32527	189.327
1.32527	188.866
1.32527	193.478
1.32532	194.892
1.32532	189.346
1.32532	188.886
1.32532	193.498
1.32534	194.899
1.32534	189.353
1.32534	188.892
1.32534	193.505
1.32538	194.91
1.32538	189.364
1.32538	188.903
1.32538	193.515
1.32542	194.927
1.32542	189.381
1.32542	188.92
1.32542	193.533
1.32549	194.953
1.32549	189.406
1.32549	188.944
1.32549	193.558
1.32559	194.991
1.32559	189.443
1.32559	188.981
1.32559	193.595
1.32575	195.048
1.32575	189.499
1.32575	189.037
1.32575	193.652
1.32598	195.132
1.32598	189.581
1.32598	189.118
1.32598	193.735
1.32607	195.164
1.32607	189.612
1.32607	189.149
1.32607	193.766
1.3262	195.212
1.3262	189.659
1.3262	189.195
1.3262	193.814
1.32639	195.285
1.32639	189.73
1.32639	189.265
1.32639	193.885
1.32669	195.395
1.32669	189.838
1.32669	189.372
1.32669	193.994
1.32713	195.562
1.32713	190.001
1.32713	189.534
1.32713	194.158
1.32779	195.796
1.32779	190.23
1.32779	189.76
1.32779	194.389
1.32878	196.162
1.32878	190.587
1.32878	190.114
1.32878	194.749
1.33026	196.693
1.33026	191.106
1.33026	190.628
1.33026	195.272
1.33082	196.89
1.33082	191.299
1.33082	190.818
1.33082	195.466
1.33103	196.964
1.33103	191.371
1.33103	190.89
1.33103	195.539
1.33134	197.076
1.33134	191.481
1.33134	190.998
1.33134	195.649
1.33181	197.246
1.33181	191.647
1.33181	191.163
1.33181	195.816
1.33252	197.504
1.33252	191.899
1.33252	191.413
1.33252	196.071
1.33358	197.896
1.33358	192.282
1.33358	191.792
1.33358	196.456
1.33516	198.471
1.33516	192.844
1.33516	192.349
1.33516	197.023
1.33754	199.329
1.33754	193.683
1.33754	193.179
1.33754	197.868
1.34111	200.58
1.34111	194.905
1.34111	194.391
1.34111	199.101
1.34647	202.333
1.34647	196.619
1.34647	196.087
1.34647	200.826
1.34847	202.942
1.34847	197.213
1.34847	196.674
1.34847	201.424
1.35149	203.841
1.35149	198.092
1.35149	197.543
1.35149	202.307
1.356	205.12
1.356	199.342
1.356	198.778
1.356	203.564
1.36278	206.84
1.36278	201.024
1.36278	200.441
1.36278	205.252
1.36528	207.428
1.36528	201.599
1.36528	201.009
1.36528	205.829
1.36622	207.638
1.36622	201.805
1.36622	201.212
1.36622	206.035
1.36657	207.716
1.36657	201.881
1.36657	201.287
1.36657	206.112
1.3671	207.831
1.3671	201.994
1.3671	201.398
1.3671	206.224
1.3673	207.874
1.3673	202.035
1.3673	201.439
1.3673	206.266
1.36759	207.938
1.36759	202.098
1.36759	201.501
1.36759	206.329
1.3677	207.962
1.3677	202.121
1.3677	201.524
1.3677	206.352
1.36787	207.997
1.36787	202.156
1.36787	201.558
1.36787	206.387
1.36812	208.05
1.36812	202.207
1.36812	201.609
1.36812	206.438
1.36821	208.069
1.36821	202.226
1.36821	201.628
1.36821	206.458
1.36836	208.099
1.36836	202.255
1.36836	201.657
1.36836	206.487
1.36857	208.141
1.36857	202.296
1.36857	201.697
1.36857	206.528
1.36888	208.204
1.36888	202.358
1.36888	201.758
1.36888	206.589
1.36936	208.298
1.36936	202.45
1.36936	201.849
1.36936	206.681
1.37007	208.437
1.37007	202.587
1.37007	201.983
1.37007	206.818
1.37114	208.644
1.37114	202.789
1.37114	202.182
1.37114	207.02
1.37274	208.949
1.37274	203.086
1.37274	202.476
1.37274	207.318
1.37515	209.378
1.37515	203.506
1.37515	202.89
1.37515	207.738
1.37876	209.968
1.37876	204.084
1.37876	203.46
1.37876	208.316
1.38417	210.72
1.38417	204.82
1.38417	204.186
1.38417	209.052
1.39229	211.661
1.39229	205.743
1.39229	205.096
1.39229	209.972
1.39479	211.942
1.39479	206.017
1.39479	205.367
1.39479	210.246
1.39854	212.335
1.39854	206.402
1.39854	205.746
1.39854	210.63
1.40416	212.885
1.40416	206.94
1.40416	206.276
1.40416	211.166
1.40627	213.08
1.40627	207.131
1.40627	206.464
1.40627	211.356
1.40706	213.154
1.40706	207.204
1.40706	206.535
1.40706	211.428
1.40736	213.182
1.40736	207.231
1.40736	206.562
1.40736	211.455
1.4078	213.223
1.4078	207.272
1.4078	206.602
1.4078	211.495
1.40785	213.224
1.40785	207.273
1.40785	206.603
1.40785	211.496
1.40788	213.226
1.40788	207.274
1.40788	206.605
1.40788	211.497
1.40789	213.226
1.40789	207.274
1.40789	206.605
1.40789	211.498
1.4079	213.226
1.4079	207.274
1.4079	206.605
1.4079	211.497
1.40792	213.228
1.40792	207.277
1.40792	206.607
1.40792	211.5
1.40793	213.229
1.40793	207.278
1.40793	206.608
1.40793	211.501
1.40793	213.229
1.40793	207.278
1.40793	206.608
1.40793	211.501
