1	3.23E-08
1.005	2376.09
1.01	4773.09
1.0175	8360.12
1.02	9555.96
1.02375	11348.2
1.02937	14028.4
1.03781	18032.2
1.04031	19215.2
1.04406	20983.7
1.04547	21645.4
1.046	21893.4
1.04679	22265.1
1.04797	22822.2
1.04975	23656.6
1.05242	24905.4
1.05342	25373.1
1.05493	26073.5
1.05718	27121.2
1.06056	28685.8
1.06182	29271.1
1.06372	30146.8
1.06444	30474.9
1.06551	30965.1
1.06711	31698
1.06952	32792.9
1.07312	34425.2
1.07448	35034.8
1.07651	35947
1.07727	36288.7
1.07841	36800.2
1.08012	37565.6
1.08269	38710.1
1.08365	39138.3
1.0851	39779
1.08727	40735.1
1.09052	42161.9
1.09174	42695.6
1.09356	43493.9
1.09631	44689.6
1.09734	45137.1
1.09888	45806.5
1.10119	46807.5
1.10206	47182.1
1.10336	47742.8
1.10532	48582
1.10825	49840.4
1.10934	50311
1.11099	51015.8
1.11346	52071.5
1.11717	53646.3
1.11856	54233.4
1.12065	55111.9
1.12377	56426.2
1.12847	58385.2
1.1355	61275.2
1.138	62288.1
1.13894	62666.2
1.14035	63231.8
1.14246	64076.8
1.14325	64392.3
1.14443	64864.7
1.14621	65570.6
1.14888	66623.1
1.15289	68184.4
1.15439	68765.9
1.15664	69629.7
1.15749	69951.7
1.15875	70433.6
1.16066	71152.7
1.16351	72224.4
1.16778	73811.4
1.16939	74401.2
1.16999	74621.9
1.17089	74952.5
1.17224	75446.5
1.17427	76183.6
1.17446	76252.6
1.17453	76278.4
1.17464	76317
1.1748	76374.9
1.17504	76461.6
1.1754	76591.8
1.17594	76786.4
1.17676	77077.9
1.17798	77514.4
1.17981	78165.8
1.18049	78409.1
1.18152	78773.3
1.18306	79317.5
1.18538	80129.2
1.18625	80432.1
1.18755	80884.9
1.1895	81559.8
1.19243	82561.4
1.19682	84040.3
1.19723	84177.7
1.19785	84383.2
1.19878	84690.1
1.19913	84805
1.19965	84977
1.20043	85233.8
1.2016	85616.9
1.20336	86188.3
1.206	87033.7
1.20699	87346.8
1.20848	87812.1
1.2107	88504.3
1.21404	89527
1.21436	89622
1.21483	89764.1
1.21553	89976.1
1.21659	90292.5
1.21817	90763.2
1.21877	90938.9
1.21966	91201.3
1.221	91590.2
1.223	92167.8
1.22601	93023.5
1.22714	93341.6
1.22883	93814.4
1.22947	93991
1.23042	94254.9
1.23078	94353.4
1.23131	94500.8
1.23212	94721.1
1.23332	95049.3
1.23378	95171.5
1.23445	95353.8
1.23547	95626
1.23585	95727.6
1.23642	95879.5
1.23728	96106
1.23857	96443
1.2405	96941.4
1.24339	97669.3
1.24774	98710.9
1.24937	99090
1.25181	99646.3
1.25273	99851.5
1.2541	100154
1.25616	100596
1.25694	100759
1.25701	100774
1.25712	100797
1.25716	100806
1.25717	100808
1.25718	100811
1.25721	100816
1.25724	100822
1.25725	100825
1.25727	100829
1.2573	100835
1.25734	100844
1.25741	100857
1.25743	100862
1.25747	100870
1.25752	100881
1.2576	100898
1.25772	100923
1.25791	100960
1.25818	101017
1.25859	101100
1.25921	101223
1.26013	101402
1.26022	101418
1.26035	101443
1.26054	101480
1.26083	101535
1.26127	101617
1.26144	101647
1.26168	101692
1.26171	101697
1.26174	101703
1.26179	101712
1.26187	101726
1.26199	101748
1.26216	101779
1.26243	101826
1.26282	101897
1.26341	102000
1.2643	102153
1.26564	102376
1.26567	102382
1.26571	102389
1.26578	102401
1.26589	102418
1.26605	102444
1.26628	102483
1.26664	102540
1.26717	102625
1.26798	102751
1.26918	102935
1.27098	103202
1.27368	103584
1.27469	103725
1.27621	103931
1.27678	104006
1.277	104035
1.27732	104077
1.2778	104141
1.27798	104164
1.27825	104200
1.27866	104252
1.27927	104330
1.27932	104337
1.27941	104348
1.27954	104364
1.27973	104388
1.28002	104425
1.28045	104479
1.2811	104559
1.28208	104677
1.28354	104854
1.28573	105114
1.28656	105211
1.28779	105355
1.28964	105569
1.29242	105881
1.29268	105910
1.29307	105953
1.29365	106018
1.29453	106115
1.29486	106151
1.29536	106205
1.2961	106284
1.29721	106404
1.29888	106582
1.30138	106846
1.30232	106947
1.30267	106984
1.3028	106998
1.303	107019
1.3033	107050
1.30374	107096
1.30441	107165
1.30541	107269
1.30692	107426
1.30917	107658
1.31255	108002
1.31382	108130
1.31572	108322
1.31857	108602
1.31964	108706
1.32005	108746
1.32065	108804
1.32087	108825
1.32121	108858
1.32172	108907
1.32248	108981
1.32362	109091
1.32373	109101
1.32389	109116
1.32413	109139
1.32422	109148
1.32436	109161
1.32441	109166
1.32449	109173
1.3246	109184
1.32477	109200
1.32503	109224
1.32513	109234
1.32527	109247
1.32532	109252
1.32534	109254
1.32538	109257
1.32542	109262
1.32549	109268
1.32559	109278
1.32575	109292
1.32598	109314
1.32607	109322
1.3262	109334
1.32639	109353
1.32669	109380
1.32713	109421
1.32779	109482
1.32878	109573
1.33026	109708
1.33082	109758
1.33103	109777
1.33134	109806
1.33181	109849
1.33252	109913
1.33358	110008
1.33516	110150
1.33754	110358
1.34111	110664
1.34647	111113
1.34847	111278
1.35149	111533
1.356	111898
1.36278	112412
1.36528	112592
1.36622	112659
1.36657	112684
1.3671	112721
1.3673	112735
1.36759	112756
1.3677	112764
1.36787	112776
1.36812	112793
1.36821	112800
1.36836	112810
1.36857	112824
1.36888	112846
1.36936	112879
1.37007	112928
1.37114	113002
1.37274	113111
1.37515	113273
1.37876	113512
1.38417	113869
1.39229	114402
1.39479	114558
1.39854	114784
1.40416	115110
1.40627	115229
1.40706	115273
1.40736	115290
1.4078	115315
1.40785	115318
1.40788	115319
1.40789	115320
1.4079	115321
1.40792	115322
1.40793	115322
