1	1.92866
1.005	3.81856
1.005	3.9372
1.005	4.01577
1.005	3.89441
1.005	3.94076
1.005	3.81076
1.005	3.89463
1.005	4.02161
1.01	6.74546
1.01	6.95623
1.01	7.0478
1.01	6.82925
1.01	6.96425
1.01	6.73096
1.01	6.83119
1.01	7.05692
1.0175	11.1059
1.0175	11.4489
1.0175	11.5605
1.0175	11.2013
1.0175	11.4652
1.0175	11.0801
1.0175	11.2052
1.0175	11.5753
1.02	12.5358
1.02	12.9209
1.02	13.0398
1.02	12.6357
1.02	12.9403
1.02	12.506
1.02	12.64
1.02	13.0567
1.02375	14.6474
1.02375	15.0938
1.02375	15.2247
1.02375	14.7553
1.02375	15.1177
1.02375	14.6119
1.02375	14.7601
1.02375	15.2448
1.02937	17.7835
1.02937	18.3205
1.02937	18.4694
1.02937	17.9047
1.02937	18.3507
1.02937	17.7402
1.02937	17.9095
1.02937	18.4945
1.03781	22.4499
1.03781	23.1201
1.03781	23.2955
1.03781	22.5907
1.03781	23.1593
1.03781	22.3957
1.03781	22.5958
1.03781	23.3279
1.04031	23.8279
1.04031	24.5372
1.04031	24.7202
1.04031	23.9745
1.04031	24.5789
1.04031	23.7707
1.04031	23.9796
1.04031	24.7546
1.04406	25.8859
1.04406	26.6529
1.04406	26.8473
1.04406	26.0411
1.04406	26.6986
1.04406	25.8242
1.04406	26.0461
1.04406	26.8849
1.04547	26.6556
1.04547	27.4441
1.04547	27.6428
1.04547	26.8142
1.04547	27.4913
1.04547	26.5922
1.04547	26.819
1.04547	27.6816
1.046	26.9441
1.046	27.7406
1.046	27.9409
1.046	27.1039
1.046	27.7883
1.046	26.8801
1.046	27.1087
1.046	27.9802
1.04679	27.3774
1.04679	28.1858
1.04679	28.3885
1.04679	27.5389
1.04679	28.2344
1.04679	27.3124
1.04679	27.5437
1.04679	28.4285
1.04797	28.0257
1.04797	28.852
1.04797	29.0582
1.04797	28.19
1.04797	28.9019
1.04797	27.9593
1.04797	28.1946
1.04797	29.0992
1.04975	29.0001
1.04975	29.8534
1.04975	30.0647
1.04975	29.1683
1.04975	29.9052
1.04975	28.9316
1.04975	29.1728
1.04975	30.1073
1.05242	30.4571
1.05242	31.3506
1.05242	31.5696
1.05242	30.6312
1.05242	31.4054
1.05242	30.3854
1.05242	30.6353
1.05242	31.6147
1.05342	31.0019
1.05342	31.9104
1.05342	32.1323
1.05342	31.1783
1.05342	31.9664
1.05342	30.9291
1.05342	31.1823
1.05342	32.1783
1.05493	31.8176
1.05493	32.7485
1.05493	32.9747
1.05493	31.9973
1.05493	32.8061
1.05493	31.743
1.05493	32.001
1.05493	33.0221
1.05718	33.036
1.05718	34.0002
1.05718	34.2327
1.05718	33.2207
1.05718	34.0604
1.05718	32.9588
1.05718	33.2239
1.05718	34.2822
1.06056	34.8622
1.06056	35.8758
1.06056	36.1179
1.06056	35.0543
1.06056	35.94
1.06056	34.7811
1.06056	35.0568
1.06056	36.1706
1.06182	35.5568
1.06182	36.5892
1.06182	36.8351
1.06182	35.752
1.06182	36.6548
1.06182	35.4742
1.06182	35.7542
1.06182	36.8891
1.06372	36.5926
1.06372	37.6529
1.06372	37.9045
1.06372	36.7924
1.06372	37.7207
1.06372	36.5078
1.06372	36.7941
1.06372	37.9603
1.06444	36.9795
1.06444	38.0501
1.06444	38.3039
1.06444	37.1809
1.06444	38.1188
1.06444	36.8939
1.06444	37.1825
1.06444	38.3604
1.06551	37.5577
1.06551	38.644
1.06551	38.9009
1.06551	37.7617
1.06551	38.7139
1.06551	37.4709
1.06551	37.7631
1.06551	38.9585
1.06711	38.4215
1.06711	39.5313
1.06711	39.793
1.06711	38.6295
1.06711	39.6031
1.06711	38.3329
1.06711	38.6303
1.06711	39.8522
1.06952	39.7348
1.06952	40.8804
1.06952	41.1498
1.06952	39.9491
1.06952	40.9551
1.06952	39.6435
1.06952	39.9492
1.06952	41.2115
1.07312	41.718
1.07312	42.9189
1.07312	43.1996
1.07312	41.9419
1.07312	42.998
1.07312	41.6227
1.07312	41.9407
1.07312	43.2652
1.07448	42.4578
1.07448	43.6794
1.07448	43.9644
1.07448	42.6853
1.07448	43.7602
1.07448	42.361
1.07448	42.6836
1.07448	44.0314
1.07651	43.5634
1.07651	44.8162
1.07651	45.1077
1.07651	43.7965
1.07651	44.8994
1.07651	43.4645
1.07651	43.7941
1.07651	45.177
1.07727	43.9794
1.07727	45.244
1.07727	45.538
1.07727	44.2147
1.07727	45.3281
1.07727	43.8797
1.07727	44.212
1.07727	45.6081
1.07841	44.6022
1.07841	45.8843
1.07841	46.1821
1.07841	44.8407
1.07841	45.9698
1.07841	44.5012
1.07841	44.8376
1.07841	46.2534
1.08012	45.543
1.08012	46.8521
1.08012	47.1556
1.08012	45.7864
1.08012	46.9398
1.08012	45.4402
1.08012	45.7826
1.08012	47.2288
1.08269	46.9487
1.08269	48.2993
1.08269	48.6114
1.08269	47.1995
1.08269	48.39
1.08269	46.8434
1.08269	47.1949
1.08269	48.6872
1.08365	47.4739
1.08365	48.8401
1.08365	49.1555
1.08365	47.7274
1.08365	48.9318
1.08365	47.3677
1.08365	47.7227
1.08365	49.232
1.0851	48.2596
1.0851	49.6492
1.0851	49.9697
1.0851	48.5172
1.0851	49.7426
1.0851	48.1521
1.0851	48.5124
1.0851	50.0473
1.08727	49.4379
1.08727	50.863
1.08727	51.1911
1.08727	49.7017
1.08727	50.9587
1.08727	49.3284
1.08727	49.6967
1.08727	51.2703
1.09052	51.2178
1.09052	52.6966
1.09052	53.0365
1.09052	51.4914
1.09052	52.7959
1.09052	51.1053
1.09052	51.486
1.09052	53.1182
1.09174	51.8868
1.09174	53.3856
1.09174	53.73
1.09174	52.1641
1.09174	53.4863
1.09174	51.7731
1.09174	52.1586
1.09174	53.8128
1.09356	52.8931
1.09356	54.4221
1.09356	54.7735
1.09356	53.1763
1.09356	54.5249
1.09356	52.7777
1.09356	53.1705
1.09356	54.8577
1.09631	54.421
1.09631	55.9961
1.09631	56.3582
1.09631	54.7132
1.09631	56.1019
1.09631	54.3029
1.09631	54.707
1.09631	56.4447
1.09734	55.0036
1.09734	56.5962
1.09734	56.9626
1.09734	55.2995
1.09734	56.7032
1.09734	54.8846
1.09734	55.2932
1.09734	57.05
1.09888	55.8788
1.09888	57.4977
1.09888	57.8705
1.09888	56.1803
1.09888	57.6063
1.09888	55.7584
1.09888	56.1738
1.09888	57.9593
1.10119	57.2052
1.10119	58.8639
1.10119	59.2465
1.10119	57.5153
1.10119	58.9751
1.10119	57.0824
1.10119	57.5083
1.10119	59.3377
1.10206	57.708
1.10206	59.3818
1.10206	59.7682
1.10206	58.0214
1.10206	59.494
1.10206	57.5843
1.10206	58.0143
1.10206	59.8604
1.10336	58.467
1.10336	60.1636
1.10336	60.5558
1.10336	58.7855
1.10336	60.2773
1.10336	58.3419
1.10336	58.7781
1.10336	60.6493
1.10532	59.6149
1.10532	61.3456
1.10532	61.7466
1.10532	59.9412
1.10532	61.4615
1.10532	59.4876
1.10532	59.9333
1.10532	61.8423
1.10825	61.3424
1.10825	63.1244
1.10825	63.5388
1.10825	61.6807
1.10825	63.2438
1.10825	61.2118
1.10825	61.672
1.10825	63.6379
1.10934	61.9931
1.10934	63.7943
1.10934	64.2138
1.10934	62.336
1.10934	63.915
1.10934	61.8613
1.10934	62.3269
1.10934	64.3142
1.11099	62.9741
1.11099	64.8042
1.11099	65.2313
1.11099	63.3239
1.11099	64.9268
1.11099	62.8404
1.11099	63.3144
1.11099	65.3337
1.11346	64.4553
1.11346	66.3287
1.11346	66.7673
1.11346	64.8155
1.11346	66.4542
1.11346	64.3186
1.11346	64.8052
1.11346	66.8729
1.11717	66.7123
1.11717	68.6513
1.11717	69.1081
1.11717	67.089
1.11717	68.7813
1.11717	66.5712
1.11717	67.0775
1.11717	69.2183
1.11856	67.5659
1.11856	69.5297
1.11856	69.9935
1.11856	67.9489
1.11856	69.6615
1.11856	67.4231
1.11856	67.9369
1.11856	70.1054
1.12065	68.8557
1.12065	70.8571
1.12065	71.3315
1.12065	69.2482
1.12065	70.9915
1.12065	68.7102
1.12065	69.2354
1.12065	71.4461
1.12377	70.8066
1.12377	72.8647
1.12377	73.355
1.12377	71.2136
1.12377	73.0032
1.12377	70.6571
1.12377	71.1995
1.12377	73.4737
1.12847	73.762
1.12847	75.9061
1.12847	76.4206
1.12847	74.1908
1.12847	76.0509
1.12847	73.6067
1.12847	74.1748
1.12847	76.5452
1.1355	78.2338
1.1355	80.5075
1.1355	81.0595
1.1355	78.6965
1.1355	80.6619
1.1355	78.0696
1.1355	78.6775
1.1355	81.1928
1.138	79.8599
1.138	82.1809
1.138	82.7467
1.138	80.3352
1.138	82.3387
1.138	79.6926
1.138	80.3152
1.138	82.8832
1.13894	80.4753
1.13894	82.8141
1.13894	83.3853
1.13894	80.9556
1.13894	82.9732
1.13894	80.3069
1.13894	80.9351
1.13894	83.523
1.14035	81.4018
1.14035	83.7673
1.14035	84.3465
1.14035	81.8894
1.14035	83.9283
1.14035	81.2316
1.14035	81.8684
1.14035	84.4861
1.14246	82.7955
1.14246	85.2011
1.14246	85.7924
1.14246	83.2942
1.14246	85.365
1.14246	82.6226
1.14246	83.2722
1.14246	85.9347
1.14325	83.3196
1.14325	85.7402
1.14325	86.3361
1.14325	83.8225
1.14325	85.9053
1.14325	83.1456
1.14325	83.8001
1.14325	86.4795
1.14443	84.1105
1.14443	86.554
1.14443	87.1568
1.14443	84.6198
1.14443	86.7207
1.14443	83.9351
1.14443	84.5968
1.14443	87.3017
1.14621	85.2975
1.14621	87.7754
1.14621	88.3885
1.14621	85.8164
1.14621	87.9445
1.14621	85.1199
1.14621	85.7926
1.14621	88.5358
1.14888	87.0825
1.14888	89.6116
1.14888	90.2403
1.14888	87.6157
1.14888	89.7846
1.14888	86.9015
1.14888	87.5904
1.14888	90.3912
1.15289	89.7616
1.15289	92.3662
1.15289	93.0195
1.15289	90.3177
1.15289	92.545
1.15289	89.5758
1.15289	90.2902
1.15289	93.1755
1.15439	90.7721
1.15439	93.4051
1.15439	94.0675
1.15439	91.3367
1.15439	93.586
1.15439	90.5844
1.15439	91.3083
1.15439	94.2256
1.15664	92.2838
1.15664	94.9586
1.15664	95.6344
1.15664	92.8609
1.15664	95.1427
1.15664	92.0933
1.15664	92.8313
1.15664	95.7955
1.15749	92.859
1.15749	95.5494
1.15749	96.2304
1.15749	93.4409
1.15749	95.7347
1.15749	92.6673
1.15749	93.4108
1.15749	96.3927
1.15875	93.7288
1.15875	96.443
1.15875	97.132
1.15875	94.3181
1.15875	96.6302
1.15875	93.5354
1.15875	94.2873
1.15875	97.2961
1.16066	95.0478
1.16066	97.798
1.16066	98.4988
1.16066	95.648
1.16066	97.9882
1.16066	94.8515
1.16066	95.616
1.16066	98.6659
1.16351	97.0015
1.16351	99.8061
1.16351	100.525
1.16351	97.6182
1.16351	100.001
1.16351	96.801
1.16351	97.5845
1.16351	100.696
1.16778	99.9488
1.16778	102.836
1.16778	103.582
1.16778	100.589
1.16778	103.037
1.16778	99.7422
1.16778	100.554
1.16778	103.759
1.16939	101.051
1.16939	103.97
1.16939	104.726
1.16939	101.701
1.16939	104.173
1.16939	100.842
1.16939	101.665
1.16939	104.904
1.16999	101.466
1.16999	104.397
1.16999	105.156
1.16999	102.119
1.16999	104.601
1.16999	101.257
1.16999	102.084
1.16999	105.336
1.17089	102.089
1.17089	105.038
1.17089	105.803
1.17089	102.748
1.17089	105.243
1.17089	101.879
1.17089	102.711
1.17089	105.984
1.17224	103.024
1.17224	105.999
1.17224	106.773
1.17224	103.691
1.17224	106.207
1.17224	102.812
1.17224	103.653
1.17224	106.956
1.17427	104.436
1.17427	107.451
1.17427	108.238
1.17427	105.115
1.17427	107.662
1.17427	104.221
1.17427	105.076
1.17427	108.424
1.17446	104.568
1.17446	107.587
1.17446	108.375
1.17446	105.248
1.17446	107.797
1.17446	104.353
1.17446	105.209
1.17446	108.561
1.17453	104.617
1.17453	107.637
1.17453	108.426
1.17453	105.298
1.17453	107.848
1.17453	104.402
1.17453	105.259
1.17453	108.612
1.17464	104.691
1.17464	107.714
1.17464	108.503
1.17464	105.373
1.17464	107.925
1.17464	104.476
1.17464	105.333
1.17464	108.689
1.1748	104.802
1.1748	107.828
1.1748	108.618
1.1748	105.485
1.1748	108.039
1.1748	104.587
1.1748	105.445
1.1748	108.805
1.17504	104.969
1.17504	107.999
1.17504	108.791
1.17504	105.653
1.17504	108.211
1.17504	104.753
1.17504	105.613
1.17504	108.978
1.1754	105.218
1.1754	108.255
1.1754	109.049
1.1754	105.904
1.1754	108.467
1.1754	105.002
1.1754	105.864
1.1754	109.237
1.17594	105.59
1.17594	108.638
1.17594	109.436
1.17594	106.279
1.17594	108.851
1.17594	105.373
1.17594	106.239
1.17594	109.624
1.17676	106.152
1.17676	109.215
1.17676	110.018
1.17676	106.845
1.17676	109.43
1.17676	105.934
1.17676	106.805
1.17676	110.207
1.17798	106.99
1.17798	110.077
1.17798	110.887
1.17798	107.69
1.17798	110.293
1.17798	106.77
1.17798	107.649
1.17798	111.078
1.17981	108.244
1.17981	111.367
1.17981	112.189
1.17981	108.955
1.17981	111.586
1.17981	108.022
1.17981	108.913
1.17981	112.382
1.18049	108.713
1.18049	111.85
1.18049	112.675
1.18049	109.428
1.18049	112.07
1.18049	108.49
1.18049	109.385
1.18049	112.869
1.18152	109.419
1.18152	112.575
1.18152	113.407
1.18152	110.139
1.18152	112.797
1.18152	109.194
1.18152	110.095
1.18152	113.602
1.18306	110.472
1.18306	113.657
1.18306	114.498
1.18306	111.2
1.18306	113.881
1.18306	110.244
1.18306	111.156
1.18306	114.696
1.18538	112.051
1.18538	115.281
1.18538	116.135
1.18538	112.791
1.18538	115.508
1.18538	111.82
1.18538	112.746
1.18538	116.336
1.18625	112.637
1.18625	115.884
1.18625	116.744
1.18625	113.382
1.18625	116.113
1.18625	112.404
1.18625	113.336
1.18625	116.946
1.18755	113.515
1.18755	116.788
1.18755	117.655
1.18755	114.267
1.18755	117.018
1.18755	113.281
1.18755	114.221
1.18755	117.859
1.1895	114.84
1.1895	118.151
1.1895	119.031
1.1895	115.603
1.1895	118.384
1.1895	114.604
1.1895	115.557
1.1895	119.236
1.19243	116.828
1.19243	120.196
1.19243	121.094
1.19243	117.606
1.19243	120.432
1.19243	116.588
1.19243	117.56
1.19243	121.302
1.19682	119.823
1.19682	123.274
1.19682	124.199
1.19682	120.625
1.19682	123.516
1.19682	119.577
1.19682	120.579
1.19682	124.412
1.19723	120.103
1.19723	123.562
1.19723	124.49
1.19723	120.908
1.19723	123.804
1.19723	119.856
1.19723	120.861
1.19723	124.704
1.19785	120.522
1.19785	123.992
1.19785	124.924
1.19785	121.331
1.19785	124.236
1.19785	120.275
1.19785	121.284
1.19785	125.139
1.19878	121.148
1.19878	124.635
1.19878	125.573
1.19878	121.962
1.19878	124.88
1.19878	120.899
1.19878	121.914
1.19878	125.789
1.19913	121.382
1.19913	124.876
1.19913	125.816
1.19913	122.199
1.19913	125.121
1.19913	121.133
1.19913	122.151
1.19913	126.033
1.19965	121.735
1.19965	125.237
1.19965	126.181
1.19965	122.554
1.19965	125.484
1.19965	121.484
1.19965	122.506
1.19965	126.398
1.20043	122.26
1.20043	125.777
1.20043	126.725
1.20043	123.084
1.20043	126.024
1.20043	122.008
1.20043	123.035
1.20043	126.944
1.2016	123.05
1.2016	126.588
1.2016	127.545
1.2016	123.881
1.2016	126.837
1.2016	122.797
1.2016	123.833
1.2016	127.765
1.20336	124.239
1.20336	127.807
1.20336	128.776
1.20336	125.081
1.20336	128.06
1.20336	123.982
1.20336	125.031
1.20336	128.999
1.206	126.024
1.206	129.639
1.206	130.627
1.206	126.883
1.206	129.896
1.206	125.762
1.206	126.831
1.206	130.854
1.20699	126.695
1.20699	130.326
1.20699	131.321
1.20699	127.56
1.20699	130.585
1.20699	126.431
1.20699	127.507
1.20699	131.551
1.20848	127.696
1.20848	131.353
1.20848	132.359
1.20848	128.572
1.20848	131.615
1.20848	127.43
1.20848	128.518
1.20848	132.591
1.2107	129.207
1.2107	132.903
1.2107	133.925
1.2107	130.098
1.2107	133.169
1.2107	128.937
1.2107	130.042
1.2107	134.161
1.21404	131.457
1.21404	135.211
1.21404	136.256
1.21404	132.372
1.21404	135.482
1.21404	131.18
1.21404	132.311
1.21404	136.501
1.21436	131.667
1.21436	135.426
1.21436	136.473
1.21436	132.584
1.21436	135.698
1.21436	131.389
1.21436	132.522
1.21436	136.719
1.21483	131.981
1.21483	135.748
1.21483	136.799
1.21483	132.902
1.21483	136.021
1.21483	131.702
1.21483	132.839
1.21483	137.047
1.21553	132.449
1.21553	136.228
1.21553	137.284
1.21553	133.376
1.21553	136.502
1.21553	132.169
1.21553	133.311
1.21553	137.534
1.21659	133.152
1.21659	136.949
1.21659	138.011
1.21659	134.086
1.21659	137.224
1.21659	132.869
1.21659	134.019
1.21659	138.265
1.21817	134.197
1.21817	138.019
1.21817	139.094
1.21817	135.144
1.21817	138.298
1.21817	133.91
1.21817	135.074
1.21817	139.352
1.21877	134.59
1.21877	138.422
1.21877	139.501
1.21877	135.541
1.21877	138.702
1.21877	134.301
1.21877	135.47
1.21877	139.761
1.21966	135.179
1.21966	139.024
1.21966	140.11
1.21966	136.137
1.21966	139.307
1.21966	134.887
1.21966	136.063
1.21966	140.373
1.221	136.05
1.221	139.916
1.221	141.012
1.221	137.018
1.221	140.202
1.221	135.754
1.221	136.941
1.221	141.28
1.223	137.36
1.223	141.259
1.223	142.369
1.223	138.344
1.223	141.548
1.223	137.06
1.223	138.262
1.223	142.643
1.22601	139.319
1.22601	143.268
1.22601	144.401
1.22601	140.328
1.22601	143.564
1.22601	139.012
1.22601	140.24
1.22601	144.685
1.22714	140.054
1.22714	144.021
1.22714	145.163
1.22714	141.071
1.22714	144.319
1.22714	139.744
1.22714	140.98
1.22714	145.45
1.22883	141.14
1.22883	145.135
1.22883	146.29
1.22883	142.172
1.22883	145.437
1.22883	140.827
1.22883	142.078
1.22883	146.583
1.22947	141.548
1.22947	145.553
1.22947	146.713
1.22947	142.585
1.22947	145.856
1.22947	141.233
1.22947	142.489
1.22947	147.008
1.23042	142.162
1.23042	146.183
1.23042	147.35
1.23042	143.208
1.23042	146.488
1.23042	141.844
1.23042	143.109
1.23042	147.648
1.23078	142.392
1.23078	146.418
1.23078	147.588
1.23078	143.44
1.23078	146.724
1.23078	142.073
1.23078	143.34
1.23078	147.888
1.23131	142.735
1.23131	146.769
1.23131	147.944
1.23131	143.788
1.23131	147.077
1.23131	142.414
1.23131	143.687
1.23131	148.245
1.23212	143.244
1.23212	147.289
1.23212	148.471
1.23212	144.303
1.23212	147.6
1.23212	142.92
1.23212	144.199
1.23212	148.775
1.23332	144.009
1.23332	148.073
1.23332	149.264
1.23332	145.079
1.23332	148.387
1.23332	143.681
1.23332	144.972
1.23332	149.574
1.23378	144.296
1.23378	148.366
1.23378	149.561
1.23378	145.37
1.23378	148.682
1.23378	143.966
1.23378	145.261
1.23378	149.873
1.23445	144.723
1.23445	148.803
1.23445	150.004
1.23445	145.803
1.23445	149.121
1.23445	144.391
1.23445	145.692
1.23445	150.318
1.23547	145.365
1.23547	149.459
1.23547	150.669
1.23547	146.453
1.23547	149.78
1.23547	145.029
1.23547	146.339
1.23547	150.986
1.23585	145.606
1.23585	149.705
1.23585	150.918
1.23585	146.698
1.23585	150.027
1.23585	145.268
1.23585	146.582
1.23585	151.238
1.23642	145.968
1.23642	150.076
1.23642	151.294
1.23642	147.065
1.23642	150.4
1.23642	145.628
1.23642	146.947
1.23642	151.615
1.23728	146.505
1.23728	150.625
1.23728	151.85
1.23728	147.609
1.23728	150.951
1.23728	146.162
1.23728	147.489
1.23728	152.175
1.23857	147.308
1.23857	151.446
1.23857	152.683
1.23857	148.424
1.23857	151.777
1.23857	146.961
1.23857	148.3
1.23857	153.013
1.2405	148.509
1.2405	152.674
1.2405	153.927
1.2405	149.642
1.2405	153.011
1.2405	148.154
1.2405	149.511
1.2405	154.265
1.24339	150.292
1.24339	154.498
1.24339	155.776
1.24339	151.45
1.24339	154.843
1.24339	149.927
1.24339	151.311
1.24339	156.125
1.24774	152.868
1.24774	157.135
1.24774	158.451
1.24774	154.064
1.24774	157.492
1.24774	152.489
1.24774	153.914
1.24774	158.815
1.24937	153.824
1.24937	158.115
1.24937	159.445
1.24937	155.036
1.24937	158.476
1.24937	153.441
1.24937	154.881
1.24937	159.815
1.25181	155.258
1.25181	159.582
1.25181	160.934
1.25181	156.491
1.25181	159.949
1.25181	154.866
1.25181	156.33
1.25181	161.312
1.25273	155.792
1.25273	160.129
1.25273	161.489
1.25273	157.034
1.25273	160.499
1.25273	155.397
1.25273	156.87
1.25273	161.871
1.2541	156.586
1.2541	160.942
1.2541	162.315
1.2541	157.841
1.2541	161.316
1.2541	156.187
1.2541	157.673
1.2541	162.701
1.25616	157.753
1.25616	162.137
1.25616	163.53
1.25616	159.028
1.25616	162.517
1.25616	157.348
1.25616	158.854
1.25616	163.923
1.25694	158.186
1.25694	162.579
1.25694	163.98
1.25694	159.467
1.25694	162.962
1.25694	157.777
1.25694	159.292
1.25694	164.375
1.25701	158.226
1.25701	162.621
1.25701	164.022
1.25701	159.508
1.25701	163.004
1.25701	157.818
1.25701	159.333
1.25701	164.418
1.25712	158.287
1.25712	162.683
1.25712	164.085
1.25712	159.57
1.25712	163.066
1.25712	157.878
1.25712	159.394
1.25712	164.481
1.25716	158.309
1.25716	162.706
1.25716	164.109
1.25716	159.593
1.25716	163.089
1.25716	157.901
1.25716	159.417
1.25716	164.505
1.25717	158.314
1.25717	162.711
1.25717	164.114
1.25717	159.598
1.25717	163.094
1.25717	157.906
1.25717	159.422
1.25717	164.51
1.25718	158.322
1.25718	162.719
1.25718	164.122
1.25718	159.606
1.25718	163.103
1.25718	157.913
1.25718	159.43
1.25718	164.519
1.25721	158.336
1.25721	162.733
1.25721	164.136
1.25721	159.62
1.25721	163.116
1.25721	157.927
1.25721	159.444
1.25721	164.533
1.25724	158.355
1.25724	162.753
1.25724	164.156
1.25724	159.639
1.25724	163.136
1.25724	157.945
1.25724	159.463
1.25724	164.552
1.25725	158.361
1.25725	162.759
1.25725	164.163
1.25725	159.646
1.25725	163.143
1.25725	157.952
1.25725	159.47
1.25725	164.559
1.25727	158.372
1.25727	162.77
1.25727	164.174
1.25727	159.657
1.25727	163.154
1.25727	157.963
1.25727	159.48
1.25727	164.57
1.2573	158.388
1.2573	162.787
1.2573	164.19
1.2573	159.673
1.2573	163.17
1.2573	157.979
1.2573	159.497
1.2573	164.587
1.25734	158.412
1.25734	162.811
1.25734	164.215
1.25734	159.697
1.25734	163.195
1.25734	158.002
1.25734	159.521
1.25734	164.612
1.25741	158.447
1.25741	162.847
1.25741	164.252
1.25741	159.733
1.25741	163.231
1.25741	158.038
1.25741	159.557
1.25741	164.649
1.25743	158.461
1.25743	162.861
1.25743	164.266
1.25743	159.747
1.25743	163.245
1.25743	158.051
1.25743	159.57
1.25743	164.663
1.25747	158.481
1.25747	162.881
1.25747	164.287
1.25747	159.767
1.25747	163.265
1.25747	158.071
1.25747	159.59
1.25747	164.684
1.25752	158.51
1.25752	162.912
1.25752	164.318
1.25752	159.798
1.25752	163.296
1.25752	158.1
1.25752	159.621
1.25752	164.716
1.2576	158.555
1.2576	162.958
1.2576	164.365
1.2576	159.843
1.2576	163.342
1.2576	158.145
1.2576	159.666
1.2576	164.763
1.25772	158.623
1.25772	163.027
1.25772	164.435
1.25772	159.912
1.25772	163.412
1.25772	158.212
1.25772	159.734
1.25772	164.833
1.25791	158.723
1.25791	163.13
1.25791	164.539
1.25791	160.014
1.25791	163.515
1.25791	158.312
1.25791	159.836
1.25791	164.938
1.25818	158.873
1.25818	163.283
1.25818	164.695
1.25818	160.166
1.25818	163.669
1.25818	158.461
1.25818	159.988
1.25818	165.095
1.25859	159.093
1.25859	163.508
1.25859	164.924
1.25859	160.39
1.25859	163.895
1.25859	158.679
1.25859	160.21
1.25859	165.325
1.25921	159.412
1.25921	163.836
1.25921	165.256
1.25921	160.714
1.25921	164.224
1.25921	158.997
1.25921	160.533
1.25921	165.66
1.26013	159.867
1.26013	164.302
1.26013	165.73
1.26013	161.177
1.26013	164.693
1.26013	159.449
1.26013	160.993
1.26013	166.136
1.26022	159.909
1.26022	164.346
1.26022	165.775
1.26022	161.22
1.26022	164.737
1.26022	159.491
1.26022	161.036
1.26022	166.181
1.26035	159.973
1.26035	164.411
1.26035	165.842
1.26035	161.285
1.26035	164.803
1.26035	159.555
1.26035	161.101
1.26035	166.248
1.26054	160.068
1.26054	164.508
1.26054	165.94
1.26054	161.381
1.26054	164.9
1.26054	159.649
1.26054	161.196
1.26054	166.347
1.26083	160.208
1.26083	164.652
1.26083	166.086
1.26083	161.524
1.26083	165.045
1.26083	159.788
1.26083	161.338
1.26083	166.494
1.26127	160.413
1.26127	164.862
1.26127	166.3
1.26127	161.732
1.26127	165.256
1.26127	159.991
1.26127	161.545
1.26127	166.709
1.26144	160.489
1.26144	164.94
1.26144	166.379
1.26144	161.809
1.26144	165.335
1.26144	160.067
1.26144	161.622
1.26144	166.789
1.26168	160.598
1.26168	165.052
1.26168	166.493
1.26168	161.92
1.26168	165.447
1.26168	160.175
1.26168	161.733
1.26168	166.904
1.26171	160.608
1.26171	165.062
1.26171	166.503
1.26171	161.93
1.26171	165.457
1.26171	160.185
1.26171	161.743
1.26171	166.914
1.26174	160.623
1.26174	165.078
1.26174	166.52
1.26174	161.946
1.26174	165.474
1.26174	160.201
1.26174	161.759
1.26174	166.931
1.26179	160.646
1.26179	165.102
1.26179	166.544
1.26179	161.97
1.26179	165.497
1.26179	160.223
1.26179	161.782
1.26179	166.955
1.26187	160.68
1.26187	165.137
1.26187	166.579
1.26187	162.004
1.26187	165.532
1.26187	160.257
1.26187	161.816
1.26187	166.99
1.26199	160.729
1.26199	165.187
1.26199	166.631
1.26199	162.054
1.26199	165.584
1.26199	160.306
1.26199	161.866
1.26199	167.042
1.26216	160.803
1.26216	165.263
1.26216	166.708
1.26216	162.129
1.26216	165.659
1.26216	160.379
1.26216	161.94
1.26216	167.12
1.26243	160.912
1.26243	165.375
1.26243	166.821
1.26243	162.24
1.26243	165.772
1.26243	160.487
1.26243	162.05
1.26243	167.234
1.26282	161.073
1.26282	165.541
1.26282	166.991
1.26282	162.404
1.26282	165.939
1.26282	160.648
1.26282	162.214
1.26282	167.404
1.26341	161.305
1.26341	165.78
1.26341	167.234
1.26341	162.64
1.26341	166.18
1.26341	160.878
1.26341	162.449
1.26341	167.649
1.2643	161.639
1.2643	166.123
1.2643	167.584
1.2643	162.981
1.2643	166.526
1.2643	161.209
1.2643	162.786
1.2643	168.001
1.26564	162.124
1.26564	166.621
1.26564	168.092
1.26564	163.474
1.26564	167.029
1.26564	161.69
1.26564	163.276
1.26564	168.513
1.26567	162.135
1.26567	166.633
1.26567	168.103
1.26567	163.486
1.26567	167.04
1.26567	161.701
1.26567	163.288
1.26567	168.525
1.26571	162.152
1.26571	166.65
1.26571	168.121
1.26571	163.503
1.26571	167.058
1.26571	161.718
1.26571	163.305
1.26571	168.543
1.26578	162.178
1.26578	166.676
1.26578	168.148
1.26578	163.529
1.26578	167.084
1.26578	161.743
1.26578	163.33
1.26578	168.569
1.26589	162.216
1.26589	166.716
1.26589	168.188
1.26589	163.568
1.26589	167.124
1.26589	161.781
1.26589	163.369
1.26589	168.61
1.26605	162.272
1.26605	166.773
1.26605	168.247
1.26605	163.625
1.26605	167.182
1.26605	161.836
1.26605	163.426
1.26605	168.669
1.26628	162.352
1.26628	166.855
1.26628	168.331
1.26628	163.707
1.26628	167.265
1.26628	161.916
1.26628	163.507
1.26628	168.754
1.26664	162.466
1.26664	166.973
1.26664	168.45
1.26664	163.823
1.26664	167.384
1.26664	162.028
1.26664	163.622
1.26664	168.875
1.26717	162.634
1.26717	167.146
1.26717	168.627
1.26717	163.995
1.26717	167.559
1.26717	162.195
1.26717	163.792
1.26717	169.053
1.26798	162.87
1.26798	167.388
1.26798	168.875
1.26798	164.235
1.26798	167.804
1.26798	162.428
1.26798	164.03
1.26798	169.303
1.26918	163.167
1.26918	167.697
1.26918	169.189
1.26918	164.536
1.26918	168.116
1.26918	162.722
1.26918	164.328
1.26918	169.619
1.27098	163.563
1.27098	168.11
1.27098	169.608
1.27098	164.938
1.27098	168.534
1.27098	163.113
1.27098	164.726
1.27098	170.043
1.27368	164.106
1.27368	168.677
1.27368	170.188
1.27368	165.493
1.27368	169.108
1.27368	163.65
1.27368	165.275
1.27368	170.628
1.27469	164.327
1.27469	168.907
1.27469	170.423
1.27469	165.718
1.27469	169.341
1.27469	163.868
1.27469	165.498
1.27469	170.865
1.27621	164.637
1.27621	169.23
1.27621	170.754
1.27621	166.035
1.27621	169.669
1.27621	164.174
1.27621	165.811
1.27621	171.199
1.27678	164.75
1.27678	169.348
1.27678	170.874
1.27678	166.149
1.27678	169.788
1.27678	164.285
1.27678	165.924
1.27678	171.32
1.277	164.793
1.277	169.393
1.277	170.92
1.277	166.194
1.277	169.834
1.277	164.328
1.277	165.968
1.277	171.366
1.27732	164.855
1.27732	169.458
1.27732	170.986
1.27732	166.257
1.27732	169.9
1.27732	164.39
1.27732	166.031
1.27732	171.433
1.2778	164.952
1.2778	169.559
1.2778	171.089
1.2778	166.356
1.2778	170.002
1.2778	164.485
1.2778	166.128
1.2778	171.537
1.27798	164.989
1.27798	169.596
1.27798	171.128
1.27798	166.393
1.27798	170.04
1.27798	164.521
1.27798	166.165
1.27798	171.576
1.27825	165.044
1.27825	169.655
1.27825	171.187
1.27825	166.45
1.27825	170.099
1.27825	164.576
1.27825	166.221
1.27825	171.636
1.27866	165.12
1.27866	169.734
1.27866	171.269
1.27866	166.527
1.27866	170.179
1.27866	164.651
1.27866	166.298
1.27866	171.718
1.27927	165.224
1.27927	169.842
1.27927	171.38
1.27927	166.633
1.27927	170.289
1.27927	164.753
1.27927	166.403
1.27927	171.831
1.27932	165.233
1.27932	169.852
1.27932	171.39
1.27932	166.643
1.27932	170.299
1.27932	164.763
1.27932	166.412
1.27932	171.841
1.27941	165.248
1.27941	169.867
1.27941	171.405
1.27941	166.658
1.27941	170.315
1.27941	164.777
1.27941	166.427
1.27941	171.856
1.27954	165.269
1.27954	169.89
1.27954	171.428
1.27954	166.68
1.27954	170.338
1.27954	164.798
1.27954	166.448
1.27954	171.88
1.27973	165.302
1.27973	169.924
1.27973	171.463
1.27973	166.713
1.27973	170.372
1.27973	164.83
1.27973	166.481
1.27973	171.915
1.28002	165.352
1.28002	169.976
1.28002	171.516
1.28002	166.764
1.28002	170.425
1.28002	164.879
1.28002	166.532
1.28002	171.969
1.28045	165.429
1.28045	170.057
1.28045	171.599
1.28045	166.844
1.28045	170.507
1.28045	164.956
1.28045	166.61
1.28045	172.053
1.2811	165.543
1.2811	170.175
1.2811	171.72
1.2811	166.96
1.2811	170.627
1.2811	165.068
1.2811	166.724
1.2811	172.175
1.28208	165.721
1.28208	170.358
1.28208	171.907
1.28208	167.141
1.28208	170.813
1.28208	165.243
1.28208	166.903
1.28208	172.365
1.28354	165.993
1.28354	170.64
1.28354	172.194
1.28354	167.418
1.28354	171.099
1.28354	165.511
1.28354	167.176
1.28354	172.656
1.28573	166.418
1.28573	171.078
1.28573	172.641
1.28573	167.851
1.28573	171.544
1.28573	165.929
1.28573	167.602
1.28573	173.108
1.28656	166.589
1.28656	171.254
1.28656	172.821
1.28656	168.025
1.28656	171.723
1.28656	166.097
1.28656	167.774
1.28656	173.29
1.28779	166.848
1.28779	171.521
1.28779	173.093
1.28779	168.288
1.28779	171.993
1.28779	166.352
1.28779	168.035
1.28779	173.566
1.28964	167.254
1.28964	171.939
1.28964	173.517
1.28964	168.701
1.28964	172.416
1.28964	166.752
1.28964	168.442
1.28964	173.996
1.29242	167.931
1.29242	172.632
1.29242	174.224
1.29242	169.39
1.29242	173.119
1.29242	167.418
1.29242	169.122
1.29242	174.711
1.29268	167.997
1.29268	172.699
1.29268	174.292
1.29268	169.457
1.29268	173.187
1.29268	167.483
1.29268	169.188
1.29268	174.78
1.29307	168.099
1.29307	172.804
1.29307	174.398
1.29307	169.56
1.29307	173.292
1.29307	167.584
1.29307	169.291
1.29307	174.888
1.29365	168.241
1.29365	172.95
1.29365	174.547
1.29365	169.706
1.29365	173.441
1.29365	167.724
1.29365	169.434
1.29365	175.039
1.29453	168.471
1.29453	173.184
1.29453	174.786
1.29453	169.939
1.29453	173.678
1.29453	167.95
1.29453	169.664
1.29453	175.281
1.29486	168.557
1.29486	173.273
1.29486	174.876
1.29486	170.027
1.29486	173.767
1.29486	168.035
1.29486	169.751
1.29486	175.372
1.29536	168.689
1.29536	173.407
1.29536	175.013
1.29536	170.161
1.29536	173.904
1.29536	168.165
1.29536	169.884
1.29536	175.511
1.2961	168.897
1.2961	173.619
1.2961	175.229
1.2961	170.373
1.2961	174.118
1.2961	168.37
1.2961	170.093
1.2961	175.73
1.29721	169.216
1.29721	173.945
1.29721	175.561
1.29721	170.699
1.29721	174.448
1.29721	168.685
1.29721	170.415
1.29721	176.066
1.29888	169.703
1.29888	174.442
1.29888	176.068
1.29888	171.195
1.29888	174.951
1.29888	169.165
1.29888	170.906
1.29888	176.579
1.30138	170.455
1.30138	175.21
1.30138	176.852
1.30138	171.962
1.30138	175.728
1.30138	169.907
1.30138	171.664
1.30138	177.372
1.30232	170.742
1.30232	175.502
1.30232	177.15
1.30232	172.255
1.30232	176.023
1.30232	170.19
1.30232	171.953
1.30232	177.673
1.30267	170.847
1.30267	175.609
1.30267	177.26
1.30267	172.362
1.30267	176.132
1.30267	170.294
1.30267	172.06
1.30267	177.784
1.3028	170.887
1.3028	175.649
1.3028	177.301
1.3028	172.403
1.3028	176.173
1.3028	170.333
1.3028	172.1
1.3028	177.826
1.303	170.947
1.303	175.711
1.303	177.364
1.303	172.464
1.303	176.234
1.303	170.392
1.303	172.16
1.303	177.889
1.3033	171.037
1.3033	175.802
1.3033	177.458
1.3033	172.556
1.3033	176.327
1.3033	170.481
1.3033	172.251
1.3033	177.984
1.30374	171.17
1.30374	175.938
1.30374	177.597
1.30374	172.693
1.30374	176.465
1.30374	170.612
1.30374	172.387
1.30374	178.125
1.30441	171.375
1.30441	176.147
1.30441	177.811
1.30441	172.902
1.30441	176.676
1.30441	170.815
1.30441	172.594
1.30441	178.341
1.30541	171.69
1.30541	176.468
1.30541	178.138
1.30541	173.224
1.30541	177
1.30541	171.125
1.30541	172.912
1.30541	178.673
1.30692	172.168
1.30692	176.954
1.30692	178.636
1.30692	173.713
1.30692	177.492
1.30692	171.597
1.30692	173.395
1.30692	179.176
1.30917	172.91
1.30917	177.708
1.30917	179.407
1.30917	174.472
1.30917	178.254
1.30917	172.329
1.30917	174.146
1.30917	179.957
1.31255	174.04
1.31255	178.857
1.31255	180.583
1.31255	175.628
1.31255	179.414
1.31255	173.444
1.31255	175.291
1.31255	181.146
1.31382	174.465
1.31382	179.288
1.31382	181.024
1.31382	176.063
1.31382	179.85
1.31382	173.863
1.31382	175.721
1.31382	181.592
1.31572	175.116
1.31572	179.95
1.31572	181.702
1.31572	176.73
1.31572	180.519
1.31572	174.507
1.31572	176.381
1.31572	182.277
1.31857	176.012
1.31857	180.856
1.31857	182.637
1.31857	177.654
1.31857	181.436
1.31857	175.391
1.31857	177.294
1.31857	183.224
1.31964	176.359
1.31964	181.209
1.31964	182.998
1.31964	178.01
1.31964	181.791
1.31964	175.734
1.31964	177.647
1.31964	183.589
1.32005	176.489
1.32005	181.341
1.32005	183.135
1.32005	178.145
1.32005	181.925
1.32005	175.863
1.32005	177.78
1.32005	183.727
1.32065	176.679
1.32065	181.535
1.32065	183.333
1.32065	178.341
1.32065	182.12
1.32065	176.051
1.32065	177.974
1.32065	183.928
1.32087	176.751
1.32087	181.607
1.32087	183.408
1.32087	178.414
1.32087	182.193
1.32087	176.122
1.32087	178.047
1.32087	184.004
1.32121	176.859
1.32121	181.717
1.32121	183.521
1.32121	178.526
1.32121	182.304
1.32121	176.229
1.32121	178.157
1.32121	184.118
1.32172	177.022
1.32172	181.884
1.32172	183.692
1.32172	178.694
1.32172	182.472
1.32172	176.39
1.32172	178.323
1.32172	184.29
1.32248	177.267
1.32248	182.132
1.32248	183.947
1.32248	178.945
1.32248	182.722
1.32248	176.632
1.32248	178.572
1.32248	184.549
1.32362	177.64
1.32362	182.512
1.32362	184.337
1.32362	179.329
1.32362	183.105
1.32362	177.002
1.32362	178.952
1.32362	184.942
1.32373	177.675
1.32373	182.548
1.32373	184.373
1.32373	179.365
1.32373	183.141
1.32373	177.036
1.32373	178.987
1.32373	184.979
1.32389	177.727
1.32389	182.601
1.32389	184.428
1.32389	179.419
1.32389	183.195
1.32389	177.088
1.32389	179.041
1.32389	185.035
1.32413	177.806
1.32413	182.682
1.32413	184.51
1.32413	179.5
1.32413	183.276
1.32413	177.167
1.32413	179.121
1.32413	185.118
1.32422	177.836
1.32422	182.712
1.32422	184.541
1.32422	179.53
1.32422	183.306
1.32422	177.196
1.32422	179.151
1.32422	185.149
1.32436	177.877
1.32436	182.754
1.32436	184.584
1.32436	179.573
1.32436	183.348
1.32436	177.237
1.32436	179.193
1.32436	185.193
1.32441	177.893
1.32441	182.77
1.32441	184.6
1.32441	179.589
1.32441	183.364
1.32441	177.252
1.32441	179.209
1.32441	185.209
1.32449	177.916
1.32449	182.794
1.32449	184.625
1.32449	179.613
1.32449	183.388
1.32449	177.275
1.32449	179.233
1.32449	185.234
1.3246	177.95
1.3246	182.829
1.3246	184.66
1.3246	179.648
1.3246	183.424
1.3246	177.309
1.3246	179.268
1.3246	185.27
1.32477	178.002
1.32477	182.881
1.32477	184.715
1.32477	179.701
1.32477	183.477
1.32477	177.361
1.32477	179.32
1.32477	185.325
1.32503	178.082
1.32503	182.962
1.32503	184.797
1.32503	179.782
1.32503	183.558
1.32503	177.439
1.32503	179.401
1.32503	185.408
1.32513	178.111
1.32513	182.992
1.32513	184.828
1.32513	179.813
1.32513	183.589
1.32513	177.469
1.32513	179.431
1.32513	185.439
1.32527	178.156
1.32527	183.038
1.32527	184.875
1.32527	179.859
1.32527	183.635
1.32527	177.513
1.32527	179.477
1.32527	185.487
1.32532	178.173
1.32532	183.055
1.32532	184.893
1.32532	179.876
1.32532	183.652
1.32532	177.53
1.32532	179.494
1.32532	185.505
1.32534	178.179
1.32534	183.061
1.32534	184.899
1.32534	179.882
1.32534	183.658
1.32534	177.536
1.32534	179.5
1.32534	185.511
1.32538	178.188
1.32538	183.071
1.32538	184.908
1.32538	179.892
1.32538	183.667
1.32538	177.545
1.32538	179.509
1.32538	185.52
1.32542	178.203
1.32542	183.086
1.32542	184.924
1.32542	179.907
1.32542	183.683
1.32542	177.56
1.32542	179.525
1.32542	185.536
1.32549	178.224
1.32549	183.107
1.32549	184.946
1.32549	179.929
1.32549	183.705
1.32549	177.58
1.32549	179.546
1.32549	185.559
1.32559	178.256
1.32559	183.14
1.32559	184.979
1.32559	179.961
1.32559	183.737
1.32559	177.612
1.32559	179.579
1.32559	185.592
1.32575	178.304
1.32575	183.189
1.32575	185.029
1.32575	180.011
1.32575	183.787
1.32575	177.66
1.32575	179.627
1.32575	185.643
1.32598	178.374
1.32598	183.26
1.32598	185.102
1.32598	180.083
1.32598	183.858
1.32598	177.728
1.32598	179.698
1.32598	185.717
1.32607	178.4
1.32607	183.286
1.32607	185.129
1.32607	180.11
1.32607	183.885
1.32607	177.754
1.32607	179.725
1.32607	185.744
1.3262	178.44
1.3262	183.327
1.3262	185.171
1.3262	180.15
1.3262	183.925
1.3262	177.794
1.3262	179.766
1.3262	185.786
1.32639	178.5
1.32639	183.388
1.32639	185.234
1.32639	180.212
1.32639	183.987
1.32639	177.853
1.32639	179.827
1.32639	185.85
1.32669	178.591
1.32669	183.481
1.32669	185.329
1.32669	180.306
1.32669	184.081
1.32669	177.944
1.32669	179.92
1.32669	185.946
1.32713	178.731
1.32713	183.622
1.32713	185.474
1.32713	180.45
1.32713	184.223
1.32713	178.081
1.32713	180.062
1.32713	186.093
1.32779	178.925
1.32779	183.82
1.32779	185.677
1.32779	180.649
1.32779	184.422
1.32779	178.273
1.32779	180.259
1.32779	186.298
1.32878	179.229
1.32878	184.129
1.32878	185.994
1.32878	180.962
1.32878	184.734
1.32878	178.574
1.32878	180.569
1.32878	186.62
1.33026	179.671
1.33026	184.579
1.33026	186.455
1.33026	181.418
1.33026	185.187
1.33026	179.011
1.33026	181.019
1.33026	187.087
1.33082	179.836
1.33082	184.746
1.33082	186.626
1.33082	181.587
1.33082	185.355
1.33082	179.174
1.33082	181.186
1.33082	187.26
1.33103	179.897
1.33103	184.808
1.33103	186.69
1.33103	181.65
1.33103	185.419
1.33103	179.235
1.33103	181.249
1.33103	187.325
1.33134	179.991
1.33134	184.903
1.33134	186.788
1.33134	181.746
1.33134	185.514
1.33134	179.327
1.33134	181.344
1.33134	187.424
1.33181	180.133
1.33181	185.047
1.33181	186.936
1.33181	181.892
1.33181	185.66
1.33181	179.468
1.33181	181.489
1.33181	187.574
1.33252	180.349
1.33252	185.267
1.33252	187.16
1.33252	182.115
1.33252	185.881
1.33252	179.682
1.33252	181.708
1.33252	187.801
1.33358	180.677
1.33358	185.6
1.33358	187.502
1.33358	182.451
1.33358	186.216
1.33358	180.006
1.33358	182.042
1.33358	188.147
1.33516	181.153
1.33516	186.085
1.33516	187.999
1.33516	182.943
1.33516	186.704
1.33516	180.478
1.33516	182.528
1.33516	188.651
1.33754	181.867
1.33754	186.812
1.33754	188.744
1.33754	183.678
1.33754	187.436
1.33754	181.185
1.33754	183.255
1.33754	189.405
1.34111	182.899
1.34111	187.862
1.34111	189.823
1.34111	184.742
1.34111	188.493
1.34111	182.208
1.34111	184.308
1.34111	190.496
1.34647	184.346
1.34647	189.332
1.34647	191.334
1.34647	186.235
1.34647	189.975
1.34647	183.641
1.34647	185.784
1.34647	192.026
1.34847	184.851
1.34847	189.847
1.34847	191.862
1.34847	186.756
1.34847	190.494
1.34847	184.141
1.34847	186.298
1.34847	192.56
1.35149	185.594
1.35149	190.603
1.35149	192.638
1.35149	187.522
1.35149	191.255
1.35149	184.877
1.35149	187.055
1.35149	193.346
1.356	186.643
1.356	191.669
1.356	193.734
1.356	188.605
1.356	192.33
1.356	185.915
1.356	188.126
1.356	194.456
1.36278	188.039
1.36278	193.086
1.36278	195.195
1.36278	190.05
1.36278	193.759
1.36278	187.297
1.36278	189.553
1.36278	195.935
1.36528	188.513
1.36528	193.567
1.36528	195.691
1.36528	190.541
1.36528	194.244
1.36528	187.766
1.36528	190.039
1.36528	196.438
1.36622	188.682
1.36622	193.738
1.36622	195.868
1.36622	190.716
1.36622	194.417
1.36622	187.933
1.36622	190.211
1.36622	196.617
1.36657	188.744
1.36657	193.801
1.36657	195.934
1.36657	190.781
1.36657	194.481
1.36657	187.995
1.36657	190.276
1.36657	196.683
1.3671	188.836
1.3671	193.895
1.3671	196.03
1.3671	190.877
1.3671	194.575
1.3671	188.086
1.3671	190.37
1.3671	196.781
1.3673	188.871
1.3673	193.929
1.3673	196.066
1.3673	190.912
1.3673	194.61
1.3673	188.12
1.3673	190.405
1.3673	196.818
1.36759	188.922
1.36759	193.981
1.36759	196.119
1.36759	190.965
1.36759	194.662
1.36759	188.17
1.36759	190.457
1.36759	196.872
1.3677	188.941
1.3677	194
1.3677	196.139
1.3677	190.985
1.3677	194.681
1.3677	188.189
1.3677	190.477
1.3677	196.892
1.36787	188.969
1.36787	194.029
1.36787	196.169
1.36787	191.014
1.36787	194.71
1.36787	188.217
1.36787	190.505
1.36787	196.922
1.36812	189.011
1.36812	194.071
1.36812	196.213
1.36812	191.058
1.36812	194.753
1.36812	188.258
1.36812	190.548
1.36812	196.966
1.36821	189.026
1.36821	194.087
1.36821	196.229
1.36821	191.074
1.36821	194.769
1.36821	188.274
1.36821	190.564
1.36821	196.983
1.36836	189.05
1.36836	194.111
1.36836	196.254
1.36836	191.098
1.36836	194.793
1.36836	188.297
1.36836	190.589
1.36836	197.008
1.36857	189.083
1.36857	194.144
1.36857	196.288
1.36857	191.132
1.36857	194.827
1.36857	188.329
1.36857	190.622
1.36857	197.043
1.36888	189.132
1.36888	194.194
1.36888	196.34
1.36888	191.184
1.36888	194.877
1.36888	188.378
1.36888	190.673
1.36888	197.095
1.36936	189.206
1.36936	194.269
1.36936	196.418
1.36936	191.261
1.36936	194.953
1.36936	188.451
1.36936	190.749
1.36936	197.174
1.37007	189.316
1.37007	194.381
1.37007	196.534
1.37007	191.375
1.37007	195.066
1.37007	188.56
1.37007	190.862
1.37007	197.292
1.37114	189.479
1.37114	194.547
1.37114	196.705
1.37114	191.545
1.37114	195.233
1.37114	188.721
1.37114	191.03
1.37114	197.466
1.37274	189.72
1.37274	194.79
1.37274	196.958
1.37274	191.795
1.37274	195.479
1.37274	188.959
1.37274	191.276
1.37274	197.722
1.37515	190.057
1.37515	195.132
1.37515	197.312
1.37515	192.147
1.37515	195.824
1.37515	189.292
1.37515	191.623
1.37515	198.081
1.37876	190.52
1.37876	195.602
1.37876	197.799
1.37876	192.63
1.37876	196.298
1.37876	189.751
1.37876	192.099
1.37876	198.575
1.38417	191.096
1.38417	196.186
1.38417	198.408
1.38417	193.233
1.38417	196.887
1.38417	190.321
1.38417	192.694
1.38417	199.192
1.39229	191.787
1.39229	196.888
1.39229	199.148
1.39229	193.964
1.39229	197.595
1.39229	191.007
1.39229	193.417
1.39229	199.938
1.39479	191.997
1.39479	197.101
1.39479	199.371
1.39479	194.185
1.39479	197.809
1.39479	191.215
1.39479	193.635
1.39479	200.164
1.39854	192.291
1.39854	197.399
1.39854	199.684
1.39854	194.494
1.39854	198.11
1.39854	191.506
1.39854	193.941
1.39854	200.48
1.40416	192.703
1.40416	197.818
1.40416	200.123
1.40416	194.928
1.40416	198.532
1.40416	191.916
1.40416	194.37
1.40416	200.923
1.40627	192.848
1.40627	197.964
1.40627	200.276
1.40627	195.08
1.40627	198.68
1.40627	192.059
1.40627	194.521
1.40627	201.078
1.40706	192.903
1.40706	198.02
1.40706	200.335
1.40706	195.138
1.40706	198.736
1.40706	192.113
1.40706	194.578
1.40706	201.138
1.40736	192.924
1.40736	198.041
1.40736	200.357
1.40736	195.16
1.40736	198.757
1.40736	192.134
1.40736	194.6
1.40736	201.16
1.4078	192.955
1.4078	198.073
1.4078	200.39
1.4078	195.193
1.4078	198.789
1.4078	192.165
1.4078	194.632
1.4078	201.194
1.40785	192.955
1.40785	198.073
1.40785	200.39
1.40785	195.193
1.40785	198.789
1.40785	192.165
1.40785	194.633
1.40785	201.194
1.40788	192.956
1.40788	198.074
1.40788	200.391
1.40788	195.194
1.40788	198.79
1.40788	192.166
1.40788	194.633
1.40788	201.195
1.40789	192.956
1.40789	198.074
1.40789	200.391
1.40789	195.194
1.40789	198.79
1.40789	192.166
1.40789	194.634
1.40789	201.195
1.4079	192.956
1.4079	198.074
1.4079	200.391
1.4079	195.194
1.4079	198.79
1.4079	192.166
1.4079	194.633
1.4079	201.195
1.40792	192.958
1.40792	198.076
1.40792	200.393
1.40792	195.196
1.40792	198.792
1.40792	192.168
1.40792	194.636
1.40792	201.197
1.40793	192.959
1.40793	198.077
1.40793	200.394
1.40793	195.197
1.40793	198.793
1.40793	192.169
1.40793	194.636
1.40793	201.198
1.40793	192.959
1.40793	198.077
1.40793	200.394
1.40793	195.197
1.40793	198.793
1.40793	192.169
1.40793	194.636
1.40793	201.198
