1	4.25415
1	4.2555
1	4.25281
1	4.25836
1	4.25242
1	4.25293
1	4.25887
1	4.25677
1	4.25415
1	4.2555
1	4.25281
1	4.25836
1	4.25242
1	4.25293
1	4.25887
1	4.25677
1.005	6.80578
1.005	6.77483
1.005	6.79722
1.005	6.78875
1.005	6.81337
1.005	6.78806
1.005	6.7898
1.005	6.80974
1.01	10.3482
1.01	10.302
1.01	10.3549
1.01	10.3157
1.01	10.3704
1.01	10.3139
1.01	10.3366
1.01	10.3729
1.0175	16.2296
1.0175	16.1512
1.0175	16.2458
1.0175	16.1716
1.0175	16.2695
1.0175	16.17
1.0175	16.2115
1.0175	16.2746
1.0275	24.1875
1.0275	24.0625
1.0275	24.22
1.0275	24.0933
1.0275	24.246
1.0275	24.0836
1.0275	24.1538
1.0275	24.2532
1.03	26.2001
1.03	26.0654
1.03	26.2412
1.03	26.0949
1.03	26.2599
1.03	26.0803
1.03	26.1613
1.03	26.2706
1.03375	29.27
1.03375	29.1205
1.03375	29.325
1.03375	29.1465
1.03375	29.3294
1.03375	29.123
1.03375	29.2247
1.03375	29.3504
1.03516	30.4172
1.03516	30.2616
1.03516	30.4769
1.03516	30.2868
1.03516	30.4766
1.03516	30.26
1.03516	30.37
1.03516	30.502
1.03727	32.1313
1.03727	31.9669
1.03727	32.1984
1.03727	31.9907
1.03727	32.1875
1.03727	31.9552
1.03727	32.0794
1.03727	32.2212
1.04043	34.7212
1.04043	34.5434
1.04043	34.7993
1.04043	34.5655
1.04043	34.7725
1.04043	34.5169
1.04043	34.6632
1.04043	34.8191
1.04162	35.7064
1.04162	35.5234
1.04162	35.7886
1.04162	35.545
1.04162	35.7562
1.04162	35.4919
1.04162	35.6463
1.04162	35.8074
1.0434	37.1822
1.0434	36.9911
1.0434	37.2704
1.0434	37.0119
1.0434	37.2305
1.0434	36.9532
1.0434	37.1197
1.0434	37.2886
1.04607	39.4248
1.04607	39.2225
1.04607	39.5224
1.04607	39.2417
1.04607	39.4748
1.04607	39.178
1.04607	39.3621
1.04607	39.5427
1.05007	42.7933
1.05007	42.5728
1.05007	42.904
1.05007	42.5909
1.05007	42.8546
1.05007	42.5298
1.05007	42.74
1.05007	42.9369
1.05407	46.2009
1.05407	45.9653
1.05407	46.3311
1.05407	45.9764
1.05407	46.2867
1.05407	45.9344
1.05407	46.1715
1.05407	46.3835
1.05508	47.0566
1.05508	46.8183
1.05508	47.193
1.05508	46.8265
1.05508	47.1505
1.05508	46.7912
1.05508	47.0349
1.05508	47.2505
1.05658	48.3224
1.05658	48.0826
1.05658	48.4711
1.05658	48.0835
1.05658	48.432
1.05658	48.0631
1.05658	48.3156
1.05658	48.5361
1.05883	50.1885
1.05883	49.9524
1.05883	50.3622
1.05883	49.9358
1.05883	50.3279
1.05883	49.9452
1.05883	50.2095
1.05883	50.4362
1.06221	52.9432
1.06221	52.7254
1.06221	53.1694
1.06221	52.6681
1.06221	53.1318
1.06221	52.7289
1.06221	53.0049
1.06221	53.2401
1.06559	55.7152
1.06559	55.5294
1.06559	56.0135
1.06559	55.4138
1.06559	55.9639
1.06559	55.5403
1.06559	55.8102
1.06559	56.0524
1.06897	58.4864
1.06897	58.3434
1.06897	58.8687
1.06897	58.1582
1.06897	58.7837
1.06897	58.3395
1.06897	58.5895
1.06897	58.8377
1.07023	59.531
1.07023	59.4043
1.07023	59.9458
1.07023	59.1924
1.07023	59.8436
1.07023	59.3915
1.07023	59.6327
1.07023	59.8831
1.07213	61.1231
1.07213	61.0222
1.07213	61.5878
1.07213	60.7684
1.07213	61.4538
1.07213	60.9912
1.07213	61.2164
1.07213	61.4694
1.07499	63.5026
1.07499	63.4396
1.07499	64.0448
1.07499	63.119
1.07499	63.8554
1.07499	63.381
1.07499	63.5773
1.07499	63.8313
1.07926	67.0579
1.07926	67.0482
1.07926	67.7194
1.07926	66.6244
1.07926	67.4381
1.07926	66.9529
1.07926	67.1033
1.07926	67.3522
1.08354	70.6203
1.08354	70.6454
1.08354	71.3934
1.08354	70.1249
1.08354	71.0304
1.08354	70.5445
1.08354	70.6525
1.08354	70.8871
1.08781	74.1889
1.08781	74.2235
1.08781	75.0634
1.08781	73.6171
1.08781	74.6173
1.08781	74.1423
1.08781	74.2145
1.08781	74.423
1.08942	75.5361
1.08942	75.5716
1.08942	76.447
1.08942	74.9346
1.08942	75.9688
1.08942	75.4967
1.08942	75.5563
1.08942	75.7561
1.09182	77.5845
1.09182	77.6179
1.09182	78.5467
1.09182	76.938
1.09182	78.0192
1.09182	77.5501
1.09182	77.5913
1.09182	77.7798
1.09543	80.6633
1.09543	80.6965
1.09543	81.6987
1.09543	79.9558
1.09543	81.109
1.09543	80.6415
1.09543	80.6552
1.09543	80.8299
1.10084	85.1988
1.10084	85.2769
1.10084	86.3363
1.10084	84.4522
1.10084	85.786
1.10084	85.3207
1.10084	85.2899
1.10084	85.4445
1.10896	92.0949
1.10896	92.1989
1.10896	93.36
1.10896	91.2777
1.10896	92.85
1.10896	92.3896
1.10896	92.2998
1.10896	92.4186
1.11146	94.2445
1.11146	94.3594
1.11146	95.5523
1.11146	93.4115
1.11146	95.0471
1.11146	94.5893
1.11146	94.4858
1.11146	94.5863
1.11521	97.4783
1.11521	97.6075
1.11521	98.85
1.11521	96.6197
1.11521	98.3425
1.11521	97.8846
1.11521	97.7636
1.11521	97.8402
1.12084	102.311
1.12084	102.472
1.12084	103.784
1.12084	101.416
1.12084	103.26
1.12084	102.796
1.12084	102.658
1.12084	102.708
1.12295	104.11
1.12295	104.283
1.12295	105.621
1.12295	103.2
1.12295	105.09
1.12295	104.622
1.12295	104.478
1.12295	104.52
1.12611	106.778
1.12611	106.968
1.12611	108.344
1.12611	105.845
1.12611	107.803
1.12611	107.326
1.12611	107.17
1.12611	107.207
1.1273	107.776
1.1273	107.97
1.1273	109.361
1.1273	106.831
1.1273	108.816
1.1273	108.334
1.1273	108.173
1.1273	108.212
1.12908	109.263
1.12908	109.462
1.12908	110.876
1.12908	108.3
1.12908	110.325
1.12908	109.836
1.12908	109.668
1.12908	109.709
1.13175	111.477
1.13175	111.684
1.13175	113.132
1.13175	110.487
1.13175	112.572
1.13175	112.072
1.13175	111.893
1.13175	111.937
1.13575	114.765
1.13575	114.986
1.13575	116.486
1.13575	113.736
1.13575	115.911
1.13575	115.392
1.13575	115.197
1.13575	115.25
1.14176	119.6
1.14176	119.819
1.14176	121.403
1.14176	118.496
1.14176	120.806
1.14176	120.257
1.14176	120.041
1.14176	120.113
1.15077	126.597
1.15077	126.8
1.15077	128.517
1.15077	125.372
1.15077	127.874
1.15077	127.281
1.15077	127.047
1.15077	127.152
1.15302	128.307
1.15302	128.504
1.15302	130.255
1.15302	127.051
1.15302	129.598
1.15302	128.995
1.15302	128.756
1.15302	128.868
1.15527	130.009
1.15527	130.202
1.15527	131.984
1.15527	128.722
1.15527	131.31
1.15527	130.699
1.15527	130.453
1.15527	130.574
1.15865	132.534
1.15865	132.717
1.15865	134.545
1.15865	131.198
1.15865	133.844
1.15865	133.218
1.15865	132.96
1.15865	133.099
1.16372	136.275
1.16372	136.439
1.16372	138.338
1.16372	134.859
1.16372	137.593
1.16372	136.941
1.16372	136.67
1.16372	136.842
1.16879	140.015
1.16879	140.141
1.16879	142.137
1.16879	138.49
1.16879	141.333
1.16879	140.629
1.16879	140.359
1.16879	140.597
1.17005	140.943
1.17005	141.056
1.17005	143.08
1.17005	139.388
1.17005	142.261
1.17005	141.54
1.17005	141.271
1.17005	141.528
1.17196	142.344
1.17196	142.437
1.17196	144.504
1.17196	140.743
1.17196	143.661
1.17196	142.914
1.17196	142.65
1.17196	142.935
1.17481	144.463
1.17481	144.528
1.17481	146.661
1.17481	142.791
1.17481	145.779
1.17481	144.991
1.17481	144.736
1.17481	145.067
1.17908	147.694
1.17908	147.717
1.17908	149.95
1.17908	145.914
1.17908	149.008
1.17908	148.157
1.17908	147.92
1.17908	148.322
1.1855	152.634
1.1855	152.583
1.1855	154.972
1.1855	150.684
1.1855	153.937
1.1855	152.991
1.1855	152.776
1.1855	153.288
1.19512	160.02
1.19512	159.831
1.19512	162.463
1.19512	157.797
1.19512	161.285
1.19512	160.188
1.19512	159.993
1.19512	160.685
1.19762	161.915
1.19762	161.686
1.19762	164.378
1.19762	159.623
1.19762	163.164
1.19762	162.032
1.19762	161.835
1.19762	162.571
1.20137	164.761
1.20137	164.477
1.20137	167.246
1.20137	162.379
1.20137	165.982
1.20137	164.809
1.20137	164.6
1.20137	165.391
1.20699	168.984
1.20699	168.611
1.20699	171.48
1.20699	166.473
1.20699	170.144
1.20699	168.925
1.20699	168.679
1.20699	169.544
1.21543	175.151
1.21543	174.673
1.21543	177.669
1.21543	172.437
1.21543	176.179
1.21543	174.917
1.21543	174.618
1.21543	175.604
1.22543	182.134
1.22543	181.6
1.22543	184.729
1.22543	179.212
1.22543	182.971
1.22543	181.672
1.22543	181.365
1.22543	182.461
1.23543	188.716
1.23543	188.126
1.23543	191.354
1.23543	185.662
1.23543	189.335
1.23543	188.03
1.23543	187.681
1.23543	188.816
1.23793	190.294
1.23793	189.705
1.23793	192.952
1.23793	187.215
1.23793	190.854
1.23793	189.554
1.23793	189.203
1.23793	190.339
1.24168	192.589
1.24168	192.01
1.24168	195.289
1.24168	189.475
1.24168	193.057
1.24168	191.759
1.24168	191.418
1.24168	192.554
1.24731	195.947
1.24731	195.398
1.24731	198.723
1.24731	192.783
1.24731	196.271
1.24731	194.977
1.24731	194.666
1.24731	195.801
1.25574	200.784
1.25574	200.29
1.25574	203.681
1.25574	197.555
1.25574	200.872
1.25574	199.586
1.25574	199.326
1.25574	200.452
1.26574	206.363
1.26574	205.9
1.26574	209.348
1.26574	203.053
1.26574	206.144
1.26574	204.884
1.26574	204.629
1.26574	205.751
1.27574	211.684
1.27574	211.262
1.27574	214.765
1.27574	208.258
1.27574	211.133
1.27574	209.896
1.27574	209.652
1.27574	210.811
1.28574	216.726
1.28574	216.394
1.28574	219.983
1.28574	213.193
1.28574	215.895
1.28574	214.643
1.28574	214.492
1.28574	215.682
1.29574	221.435
1.29574	221.18
1.29574	224.88
1.29574	217.812
1.29574	220.387
1.29574	219.093
1.29574	219.045
1.29574	220.255
1.30574	225.926
1.30574	225.711
1.30574	229.499
1.30574	222.157
1.30574	224.669
1.30574	223.351
1.30574	223.349
1.30574	224.64
1.31574	230.147
1.31574	230.022
1.31574	233.892
1.31574	226.202
1.31574	228.756
1.31574	227.415
1.31574	227.508
1.31574	228.913
1.32574	234.013
1.32574	234.083
1.32574	238.042
1.32574	229.913
1.32574	232.629
1.32574	231.255
1.32574	231.56
1.32574	233.062
1.33574	237.577
1.33574	237.843
1.33574	241.912
1.33574	233.328
1.33574	236.346
1.33574	234.917
1.33574	235.46
1.33574	237.057
1.34574	240.945
1.34574	241.354
1.34574	245.558
1.34574	236.605
1.34574	239.98
1.34574	238.471
1.34574	239.232
1.34574	240.883
1.35574	244.223
1.35574	244.638
1.35574	248.977
1.35574	239.786
1.35574	243.565
1.35574	241.975
1.35574	242.844
1.35574	244.555
1.36574	247.393
1.36574	247.763
1.36574	252.221
1.36574	242.795
1.36574	247.09
1.36574	245.434
1.36574	246.367
1.36574	248.188
1.37574	250.358
1.37574	250.748
1.37574	255.32
1.37574	245.688
1.37574	250.58
1.37574	248.853
1.37574	249.915
1.37574	251.77
1.38574	253.177
1.38574	253.652
1.38574	258.246
1.38574	248.703
1.38574	253.896
1.38574	252.18
1.38574	253.35
1.38574	254.993
1.39574	256.208
1.39574	256.435
1.39574	261.105
1.39574	251.921
1.39574	257.11
1.39574	255.352
1.39574	256.369
1.39574	257.81
1.40574	259.376
1.40574	259.099
1.40574	263.858
1.40574	255.075
1.40574	260.25
1.40574	258.438
1.40574	259.075
1.40574	260.503
1.41574	262.46
1.41574	261.603
1.41574	266.498
1.41574	258.102
1.41574	263.369
1.41574	261.459
1.41574	261.695
1.41574	263.146
1.42574	265.409
1.42574	264.031
1.42574	268.958
1.42574	261.012
1.42574	266.361
1.42574	264.441
1.42574	264.234
1.42574	265.693
1.43574	268.279
1.43574	266.708
1.43574	271.359
1.43574	263.809
1.43574	268.97
1.43574	267.328
1.43574	266.691
1.43574	268.193
1.44574	271.047
1.44574	269.47
1.44574	273.926
1.44574	266.538
1.44574	271.387
1.44574	269.945
1.44574	269.125
1.44574	270.641
1.45574	273.773
1.45574	272.238
1.45574	276.661
1.45574	269.268
1.45574	273.706
1.45574	272.31
1.45574	271.499
1.45574	272.994
1.46574	276.479
1.46574	274.921
1.46574	279.385
1.46574	271.949
1.46574	276.04
1.46574	274.626
1.46574	273.83
1.46574	275.331
1.47574	279.134
1.47574	277.491
1.47574	282.046
1.47574	274.469
1.47574	278.332
1.47574	276.857
1.47574	276.067
1.47574	277.67
1.48574	281.683
1.48574	279.944
1.48574	284.566
1.48574	276.683
1.48574	280.59
1.48574	279.073
1.48574	278.256
1.48574	280.15
1.49574	284.018
1.49574	282.308
1.49574	286.976
1.49574	278.803
1.49574	282.749
1.49574	281.208
1.49574	280.463
1.49574	282.536
1.50574	286.072
1.50574	284.583
1.50574	289.243
1.50574	280.788
1.50574	284.784
1.50574	283.262
1.50574	282.716
1.50574	284.834
1.51574	288.039
1.51574	286.818
1.51574	291.431
1.51574	282.744
1.51574	286.697
1.51574	285.227
1.51574	284.886
1.51574	287.001
1.52574	289.905
1.52574	288.951
1.52574	293.537
1.52574	284.606
1.52574	288.552
1.52574	287.118
1.52574	286.994
1.52574	289.1
1.53574	291.729
1.53574	290.976
1.53574	295.591
1.53574	286.39
1.53574	290.317
1.53574	288.869
1.53574	288.954
1.53574	291.084
1.54574	293.437
1.54574	292.818
1.54574	297.519
1.54574	288.076
1.54574	292.032
1.54574	290.517
1.54574	290.804
1.54574	292.939
1.55574	295.03
1.55574	294.381
1.55574	299.308
1.55574	289.645
1.55574	293.776
1.55574	292.063
1.55574	292.527
1.55574	294.67
1.56574	296.483
1.56574	295.804
1.56574	300.939
1.56574	291.076
1.56574	295.369
1.56574	293.474
1.56574	294.1
1.56574	296.25
1.57574	297.803
1.57574	297.081
1.57574	302.406
1.57574	292.369
1.57574	296.819
1.57574	294.759
1.57574	295.516
1.57574	297.679
1.58574	298.963
1.58574	298.205
1.58574	303.567
1.58574	293.525
1.58574	298.1
1.58574	296.015
1.58574	296.77
1.58574	298.925
1.59574	299.969
1.59574	299.183
1.59574	304.571
1.59574	294.534
1.59574	299.214
1.59574	297.115
1.59574	297.863
1.59574	300.005
1.60574	300.838
1.60574	300.023
1.60574	305.43
1.60574	295.408
1.60574	300.169
1.60574	298.062
1.60574	298.796
1.60574	300.925
1.61574	301.588
1.61574	300.751
1.61574	306.163
1.61574	296.166
1.61574	300.974
1.61574	298.87
1.61574	299.583
1.61574	301.697
1.62574	302.247
1.62574	301.382
1.62574	306.797
1.62574	296.834
1.62574	301.685
1.62574	299.583
1.62574	300.271
1.62574	302.369
1.63574	302.822
1.63574	301.929
1.63574	307.35
1.63574	297.416
1.63574	302.306
1.63574	300.206
1.63574	300.869
1.63574	302.954
1.64574	303.334
1.64574	302.415
1.64574	307.84
1.64574	297.934
1.64574	302.858
1.64574	300.76
1.64574	301.399
1.64574	303.473
1.65574	303.778
1.65574	302.835
1.65574	308.265
1.65574	298.382
1.65574	303.338
1.65574	301.241
1.65574	301.86
1.65574	303.924
1.66574	304.282
1.66574	303.313
1.66574	308.746
1.66574	298.891
1.66574	303.881
1.66574	301.787
1.66574	302.381
1.66574	304.435
1.67574	305.095
1.67574	304.084
1.67574	309.514
1.67574	299.71
1.67574	304.741
1.67574	302.655
1.67574	303.202
1.67574	305.246
1.68574	305.756
1.68574	304.71
1.68574	310.138
1.68574	300.38
1.68574	305.439
1.68574	303.359
1.68574	303.87
1.68574	305.899
1.69574	306.187
1.69574	305.117
1.69574	310.548
1.69574	300.823
1.69574	305.894
1.69574	303.821
1.69574	304.311
1.69574	306.321
1.70574	306.474
1.70574	305.383
1.70574	310.825
1.70574	301.119
1.70574	306.201
1.70574	304.128
1.70574	304.608
1.70574	306.6
1.71574	307.44
1.71574	306.291
1.71574	311.748
1.71574	302.106
1.71574	307.218
1.71574	305.141
1.71574	305.582
1.71574	307.544
1.72574	308.345
1.72574	307.132
1.72574	312.596
1.72574	303.026
1.72574	308.17
1.72574	306.096
1.72574	306.485
1.72574	308.425
1.73574	308.764
1.73574	307.511
1.73574	312.983
1.73574	303.45
1.73574	308.611
1.73574	306.54
1.73574	306.902
1.73574	308.827
1.74574	308.853
1.74574	307.578
1.74574	313.059
1.74574	303.541
1.74574	308.711
1.74574	306.639
1.74574	306.993
1.74574	308.909
1.75574	308.867
1.75574	307.571
1.75574	313.063
1.75574	303.558
1.75574	308.73
1.75574	306.657
1.75574	307.008
1.75574	308.912
1.76574	309.771
1.76574	308.393
1.76574	313.899
1.76574	304.47
1.76574	309.655
1.76574	307.576
1.76574	307.868
1.76574	309.758
1.77574	311.151
1.77574	309.654
1.77574	315.175
1.77574	305.861
1.77574	311.062
1.77574	308.979
1.77574	309.178
1.77574	311.05
1.78574	312.541
1.78574	310.931
1.78574	316.458
1.78574	307.273
1.78574	312.478
1.78574	310.4
1.78574	310.502
1.78574	312.344
1.79574	313.906
1.79574	312.197
1.79574	317.718
1.79574	308.642
1.79574	313.849
1.79574	311.786
1.79574	311.789
1.79574	313.619
1.80574	315.251
1.80574	313.431
1.80574	318.935
1.80574	309.974
1.80574	315.181
1.80574	313.143
1.80574	313.027
1.80574	314.861
1.81574	316.581
1.81574	314.646
1.81574	320.13
1.81574	311.285
1.81574	316.485
1.81574	314.474
1.81574	314.233
1.81574	316.078
1.82574	317.917
1.82574	315.871
1.82574	321.336
1.82574	312.603
1.82574	317.792
1.82574	315.804
1.82574	315.443
1.82574	317.298
1.83574	319.235
1.83574	317.098
1.83574	322.549
1.83574	313.921
1.83574	319.084
1.83574	317.115
1.83574	316.654
1.83574	318.505
1.84574	320.51
1.84574	318.296
1.84574	323.725
1.84574	315.209
1.84574	320.315
1.84574	318.369
1.84574	317.817
1.84574	319.65
1.85574	321.767
1.85574	319.477
1.85574	324.883
1.85574	316.48
1.85574	321.526
1.85574	319.605
1.85574	318.96
1.85574	320.777
1.86574	323.013
1.86574	320.647
1.86574	326.035
1.86574	317.745
1.86574	322.72
1.86574	320.818
1.86574	320.084
1.86574	321.881
1.87574	324.258
1.87574	321.823
1.87574	327.18
1.87574	319.006
1.87574	323.905
1.87574	322.033
1.87574	321.204
1.87574	322.985
1.88574	325.507
1.88574	322.999
1.88574	328.321
1.88574	320.243
1.88574	325.064
1.88574	323.229
1.88574	322.297
1.88574	324.087
1.89574	326.752
1.89574	324.169
1.89574	329.465
1.89574	321.474
1.89574	326.22
1.89574	324.411
1.89574	323.383
1.89574	325.183
1.90574	328.002
1.90574	325.338
1.90574	330.616
1.90574	322.691
1.90574	327.375
1.90574	325.583
1.90574	324.461
1.90574	326.292
1.91574	329.231
1.91574	326.489
1.91574	331.755
1.91574	323.808
1.91574	328.521
1.91574	326.744
1.91574	325.536
1.91574	327.469
1.92574	330.456
1.92574	327.639
1.92574	332.89
1.92574	324.92
1.92574	329.662
1.92574	327.901
1.92574	326.606
1.92574	328.643
1.93574	331.672
1.93574	328.795
1.93574	334.019
1.93574	326.018
1.93574	330.775
1.93574	329.043
1.93574	327.664
1.93574	329.81
1.94574	332.862
1.94574	329.928
1.94574	335.13
1.94574	327.095
1.94574	331.866
1.94574	330.158
1.94574	328.702
1.94574	330.952
1.95574	333.96
1.95574	331.044
1.95574	336.216
1.95574	328.145
1.95574	332.937
1.95574	331.26
1.95574	329.79
1.95574	332.083
1.96574	335.02
1.96574	332.15
1.96574	337.288
1.96574	329.181
1.96574	333.997
1.96574	332.353
1.96574	330.892
1.96574	333.206
1.97574	336.078
1.97574	333.261
1.97574	338.358
1.97574	330.219
1.97574	335.044
1.97574	333.442
1.97574	331.989
1.97574	334.32
1.98574	337.134
1.98574	334.379
1.98574	339.429
1.98574	331.257
1.98574	336.082
1.98574	334.526
1.98574	333.085
1.98574	335.43
1.99574	338.187
1.99574	335.52
1.99574	340.529
1.99574	332.319
1.99574	337.12
1.99574	335.604
1.99574	334.202
1.99574	336.539
2	338.635
2	336.005
2	341
2	332.773
2	337.563
2	336.061
2	334.679
2	337.011
