1	2.39822
1	2.3463
1	2.34651
1	2.39803
1	2.39822
1	2.3463
1	2.34651
1	2.39803
1.005	4.38915
1.005	4.28509
1.005	4.30976
1.005	4.42571
1.01	7.42535
1.01	7.2399
1.01	7.27273
1.01	7.48066
1.0175	11.9914
1.0175	11.685
1.0175	11.7303
1.0175	12.0743
1.0275	18.0513
1.0275	17.5915
1.0275	17.6508
1.0275	18.1687
1.03	19.5667
1.03	19.0694
1.03	19.1319
1.03	19.6926
1.03375	21.842
1.03375	21.289
1.03375	21.3565
1.03375	21.9806
1.03516	22.6953
1.03516	22.1217
1.03516	22.1911
1.03516	22.8387
1.03727	23.9749
1.03727	23.3705
1.03727	23.4427
1.03727	24.1254
1.04043	25.8858
1.04043	25.236
1.04043	25.3123
1.04043	26.0469
1.04518	28.739
1.04518	28.0224
1.04518	28.1045
1.04518	28.9158
1.04696	29.808
1.04696	29.0666
1.04696	29.1509
1.04696	29.9907
1.04963	31.4036
1.04963	30.6255
1.04963	30.713
1.04963	31.5949
1.05063	32.0004
1.05063	31.2086
1.05063	31.2972
1.05063	32.1949
1.05213	32.8919
1.05213	32.0799
1.05213	32.1702
1.05213	33.0912
1.05438	34.2216
1.05438	33.3794
1.05438	33.4722
1.05438	34.4279
1.05776	36.1703
1.05776	35.2839
1.05776	35.3798
1.05776	36.3868
1.05903	36.8897
1.05903	35.9869
1.05903	36.084
1.05903	37.11
1.06093	37.9484
1.06093	37.0213
1.06093	37.1199
1.06093	38.1742
1.06378	39.503
1.06378	38.5399
1.06378	38.6405
1.06378	39.7366
1.06485	40.081
1.06485	39.1045
1.06485	39.2058
1.06485	40.3175
1.06645	40.9409
1.06645	39.9442
1.06645	40.0462
1.06645	41.1815
1.06886	42.2157
1.06886	41.1889
1.06886	41.292
1.06886	42.4624
1.07246	44.1091
1.07246	43.0373
1.07246	43.1414
1.07246	44.3645
1.07382	44.8218
1.07382	43.7331
1.07382	43.8376
1.07382	45.0806
1.07585	45.8891
1.07585	44.7752
1.07585	44.8802
1.07585	46.1528
1.07889	47.4752
1.07889	46.3237
1.07889	46.4292
1.07889	47.7461
1.08346	49.8521
1.08346	48.6444
1.08346	48.7507
1.08346	50.1338
1.08517	50.7423
1.08517	49.5136
1.08517	49.6201
1.08517	51.028
1.08774	52.0807
1.08774	50.8199
1.08774	50.9267
1.08774	52.3723
1.09159	54.1192
1.09159	52.809
1.09159	52.9163
1.09159	54.4198
1.09304	54.8835
1.09304	53.5548
1.09304	53.6624
1.09304	55.1874
1.0952	56.0276
1.0952	54.6713
1.0952	54.7792
1.0952	56.3367
1.09846	57.7398
1.09846	56.3422
1.09846	56.4506
1.09846	58.0566
1.10333	60.3271
1.10333	58.8661
1.10333	58.9753
1.10333	60.6558
1.11065	64.2558
1.11065	62.6989
1.11065	62.8101
1.11065	64.6046
1.12065	69.6271
1.12065	67.9362
1.12065	68.0505
1.12065	70.0044
1.13065	74.8913
1.13065	73.0662
1.13065	73.1834
1.13065	75.2972
1.14065	79.8265
1.14065	77.8712
1.14065	77.9926
1.14065	80.2637
1.15065	84.8626
1.15065	82.774
1.15065	82.9023
1.15065	85.3355
1.16065	90.2102
1.16065	87.9833
1.16065	88.1225
1.16065	90.7224
1.17065	95.7741
1.17065	93.4046
1.17065	93.5556
1.17065	96.3257
1.18065	101.424
1.18065	98.9091
1.18065	99.0744
1.18065	102.017
1.19065	107.131
1.19065	104.47
1.19065	104.647
1.19065	107.763
1.20065	112.882
1.20065	110.072
1.20065	110.26
1.20065	113.551
1.21065	118.55
1.21065	115.592
1.21065	115.788
1.21065	119.254
1.22065	124.102
1.22065	121.001
1.22065	121.205
1.22065	124.841
1.23065	129.497
1.23065	126.256
1.23065	126.47
1.23065	130.272
1.24065	134.883
1.24065	131.504
1.24065	131.73
1.24065	135.694
1.25065	140.158
1.25065	136.642
1.25065	136.882
1.25065	141.007
1.26065	145.303
1.26065	141.653
1.26065	141.91
1.26065	146.192
1.27065	150.365
1.27065	146.585
1.27065	146.863
1.27065	151.296
1.28065	155.266
1.28065	151.362
1.28065	151.662
1.28065	156.241
1.29065	159.997
1.29065	155.975
1.29065	156.301
1.29065	161.017
1.30065	164.577
1.30065	160.445
1.30065	160.798
1.30065	165.642
1.31065	168.835
1.31065	164.603
1.31065	164.986
1.31065	169.943
1.32065	172.787
1.32065	168.465
1.32065	168.879
1.32065	173.941
1.33065	176.411
1.33065	172.006
1.33065	172.45
1.33065	177.61
1.34065	179.799
1.34065	175.32
1.34065	175.793
1.34065	181.044
1.35065	182.933
1.35065	178.386
1.35065	178.889
1.35065	184.225
1.36065	185.725
1.36065	181.12
1.36065	181.651
1.36065	187.062
1.37065	188.044
1.37065	183.393
1.37065	183.95
1.37065	189.421
1.38065	189.905
1.38065	185.217
1.38065	185.796
1.38065	191.318
1.39065	191.329
1.39065	186.613
1.39065	187.21
1.39065	192.771
1.40065	192.411
1.40065	187.675
1.40065	188.286
1.40065	193.878
1.41065	193.293
1.41065	188.541
1.41065	189.161
1.41065	194.78
1.42065	194.071
1.42065	189.303
1.42065	189.933
1.42065	195.575
1.43065	194.801
1.43065	190.02
1.43065	190.66
1.43065	196.323
1.44065	195.499
1.44065	190.705
1.44065	191.354
1.44065	197.038
1.45065	196.167
1.45065	191.361
1.45065	192.02
1.45065	197.723
1.46065	196.821
1.46065	192.003
1.46065	192.673
1.46065	198.393
1.47065	197.453
1.47065	192.625
1.47065	193.306
1.47065	199.043
1.48065	198.058
1.48065	193.22
1.48065	193.911
1.48065	199.665
1.49065	198.644
1.49065	193.796
1.49065	194.499
1.49065	200.267
1.50065	199.219
1.50065	194.362
1.50065	195.075
1.50065	200.859
1.51065	199.771
1.51065	194.903
1.51065	195.629
1.51065	201.426
1.52065	200.309
1.52065	195.433
1.52065	196.17
1.52065	201.981
1.53065	200.902
1.53065	196.015
1.53065	196.764
1.53065	202.59
1.54065	201.752
1.54065	196.85
1.54065	197.614
1.54065	203.46
1.55065	202.465
1.55065	197.549
1.55065	198.324
1.55065	204.189
1.56065	203.07
1.56065	198.142
1.56065	198.926
1.56065	204.806
1.57065	203.644
1.57065	198.704
1.57065	199.494
1.57065	205.39
1.58065	204.204
1.58065	199.251
1.58065	200.046
1.58065	205.958
1.59065	204.75
1.59065	199.785
1.59065	200.584
1.59065	206.512
1.60065	205.277
1.60065	200.298
1.60065	201.101
1.60065	207.045
1.61065	205.843
1.61065	200.849
1.61065	201.656
1.61065	207.617
1.62065	206.369
1.62065	201.361
1.62065	202.172
1.62065	208.149
1.63065	206.852
1.63065	201.83
1.63065	202.643
1.63065	208.635
1.64065	207.508
1.64065	202.469
1.64065	203.283
1.64065	209.295
1.65065	208.896
1.65065	203.823
1.65065	204.644
1.65065	210.695
1.66065	210.299
1.66065	205.189
1.66065	206.018
1.66065	212.109
1.67065	211.689
1.67065	206.544
1.67065	207.38
1.67065	213.512
1.68065	213.062
1.68065	207.881
1.68065	208.726
1.68065	214.896
1.69065	214.404
1.69065	209.19
1.69065	210.042
1.69065	216.251
1.70065	215.706
1.70065	210.458
1.70065	211.318
1.70065	217.565
1.71065	216.975
1.71065	211.694
1.71065	212.562
1.71065	218.845
1.72065	218.206
1.72065	212.894
1.72065	213.77
1.72065	220.088
1.73065	219.395
1.73065	214.052
1.73065	214.937
1.73065	221.288
1.74065	220.543
1.74065	215.17
1.74065	216.065
1.74065	222.448
1.75065	221.642
1.75065	216.24
1.75065	217.144
1.75065	223.558
