1	4.04647
1	4.03954
1	4.0338
1	4.04371
1	4.04647
1	4.03954
1	4.0338
1	4.04371
1.005	6.25569
1.005	6.27028
1.005	6.94903
1.005	6.98704
1.01	9.49392
1.01	9.5255
1.01	10.8668
1.01	10.9339
1.0175	14.9658
1.0175	15.0239
1.0175	17.2428
1.0175	17.3562
1.0275	22.4478
1.0275	22.5452
1.0275	25.8078
1.0275	25.9883
1.03	24.3613
1.03	24.4741
1.03	27.9786
1.03	28.1816
1.03375	27.2854
1.03375	27.4227
1.03375	31.2811
1.03375	31.5285
1.03516	28.3741
1.03516	28.5198
1.03516	32.5164
1.03516	32.7817
1.03727	29.9869
1.03727	30.1438
1.03727	34.3645
1.03727	34.6585
1.04043	32.3999
1.04043	32.5733
1.04043	37.1813
1.04043	37.52
1.04162	33.3154
1.04162	33.4951
1.04162	38.255
1.04162	38.6104
1.0434	34.6714
1.0434	34.8606
1.0434	39.8744
1.0434	40.2545
1.04607	36.6877
1.04607	36.8921
1.04607	42.365
1.04607	42.7824
1.05007	39.6309
1.05007	39.8573
1.05007	46.1899
1.05007	46.6657
1.05407	42.5121
1.05407	42.7725
1.05407	50.1749
1.05407	50.7114
1.05508	43.2282
1.05508	43.4992
1.05508	51.1835
1.05508	51.7343
1.05658	44.2788
1.05658	44.571
1.05658	52.6999
1.05658	53.2688
1.05883	45.8127
1.05883	46.1477
1.05883	54.9684
1.05883	55.5575
1.06221	47.9829
1.06221	48.4072
1.06221	58.3876
1.06221	58.9852
1.06559	50.0823
1.06559	50.6365
1.06559	61.9354
1.06559	62.4956
1.06897	52.0164
1.06897	52.7265
1.06897	65.6125
1.06897	66.1013
1.07023	52.7315
1.07023	53.5019
1.07023	67.01
1.07023	67.4687
1.07213	53.8135
1.07213	54.6776
1.07213	69.1593
1.07213	69.5667
1.07499	55.5531
1.07499	56.5663
1.07499	72.4464
1.07499	72.7681
1.07926	58.4768
1.07926	59.7202
1.07926	77.4565
1.07926	77.6445
1.08354	62.1869
1.08354	63.646
1.08354	82.5494
1.08354	82.6153
1.08781	66.6314
1.08781	68.2833
1.08781	87.7587
1.08781	87.7196
1.08942	68.3269
1.08942	70.0477
1.08942	89.7032
1.08942	89.6267
1.09182	70.9126
1.09182	72.7308
1.09182	92.6164
1.09182	92.4864
1.09543	74.7756
1.09543	76.7326
1.09543	96.777
1.09543	96.5683
1.10084	80.4491
1.10084	82.6006
1.10084	101.226
1.10084	100.894
1.10896	89.0304
1.10896	91.4143
1.10896	108.373
1.10896	107.873
1.11146	91.6649
1.11146	94.1151
1.11146	110.663
1.11146	110.108
1.11521	95.4727
1.11521	98.0201
1.11521	114.144
1.11521	113.514
1.12084	100.843
1.12084	103.538
1.12084	119.272
1.12084	118.535
1.12295	102.8
1.12295	105.55
1.12295	121.162
1.12295	120.385
1.12611	105.617
1.12611	108.454
1.12611	123.919
1.12611	123.087
1.1273	106.661
1.1273	109.533
1.1273	124.942
1.1273	124.092
1.12908	108.208
1.12908	111.132
1.12908	126.46
1.12908	125.583
1.13175	110.494
1.13175	113.495
1.13175	128.711
1.13175	127.796
1.13575	113.846
1.13575	116.967
1.13575	132.06
1.13575	131.09
1.14176	118.844
1.14176	122.11
1.14176	137.035
1.14176	135.985
1.15077	126.135
1.15077	129.592
1.15077	144.404
1.15077	143.26
1.15302	127.903
1.15302	131.406
1.15302	146.231
1.15302	145.062
1.15527	129.642
1.15527	133.194
1.15527	148.078
1.15527	146.886
1.15865	132.186
1.15865	135.806
1.15865	150.876
1.15865	149.645
1.16372	135.918
1.16372	139.627
1.16372	155.079
1.16372	153.799
1.16879	139.641
1.16879	143.437
1.16879	159.268
1.16879	157.953
1.17005	140.566
1.17005	144.379
1.17005	160.308
1.17005	158.981
1.17196	141.97
1.17196	145.808
1.17196	161.872
1.17196	160.528
1.17481	144.11
1.17481	147.987
1.17481	164.223
1.17481	162.859
1.17908	147.398
1.17908	151.333
1.17908	167.787
1.17908	166.395
1.1855	152.438
1.1855	156.469
1.1855	173.212
1.1855	171.794
1.19512	160.009
1.19512	164.196
1.19512	181.322
1.19512	179.878
1.19762	161.953
1.19762	166.177
1.19762	183.404
1.19762	181.95
1.20137	164.877
1.20137	169.151
1.20137	186.538
1.20137	185.064
1.20699	169.205
1.20699	173.569
1.20699	191.175
1.20699	189.685
1.21543	175.54
1.21543	180.051
1.21543	197.945
1.21543	196.446
1.22543	182.772
1.22543	187.456
1.22543	205.614
1.22543	204.105
1.23543	189.576
1.23543	194.459
1.23543	212.803
1.23543	211.318
1.23793	191.213
1.23793	196.15
1.23793	214.531
1.23793	213.056
1.24168	193.614
1.24168	198.613
1.24168	217.049
1.24168	215.575
1.24731	197.161
1.24731	202.215
1.24731	220.747
1.24731	219.239
1.25574	202.278
1.25574	207.417
1.25574	226.048
1.25574	224.499
1.26574	208.178
1.26574	213.394
1.26574	232.098
1.26574	230.486
1.27574	213.801
1.27574	219.116
1.27574	237.804
1.27574	236.158
1.28574	219.187
1.28574	224.624
1.28574	243.191
1.28574	241.543
1.29574	224.249
1.29574	229.825
1.29574	248.196
1.29574	246.566
1.30574	229.135
1.30574	234.772
1.30574	252.93
1.30574	251.248
1.31574	233.84
1.31574	239.508
1.31574	257.403
1.31574	255.648
1.32574	238.27
1.32574	244.004
1.32574	261.608
1.32574	259.826
1.33574	242.433
1.33574	248.239
1.33574	265.581
1.33574	263.788
1.34574	246.456
1.34574	252.282
1.34574	269.404
1.34574	267.549
1.35574	250.355
1.35574	256.134
1.35574	273.145
1.35574	271.179
1.36574	253.998
1.36574	259.889
1.36574	276.756
1.36574	274.826
1.37574	257.523
1.37574	263.537
1.37574	280.266
1.37574	278.385
1.38574	260.893
1.38574	267.038
1.38574	283.629
1.38574	281.81
1.39574	264.117
1.39574	270.408
1.39574	286.86
1.39574	285.122
1.40574	267.24
1.40574	273.675
1.40574	289.963
1.40574	288.305
1.41574	270.238
1.41574	276.837
1.41574	292.958
1.41574	291.399
1.42574	273.086
1.42574	279.896
1.42574	295.811
1.42574	294.398
1.43574	275.781
1.43574	282.842
1.43574	298.583
1.43574	297.361
1.44574	278.394
1.44574	285.706
1.44574	301.282
1.44574	300.254
1.45574	280.953
1.45574	288.503
1.45574	303.92
1.45574	303.075
1.46574	283.531
1.46574	291.157
1.46574	306.599
1.46574	305.798
1.47574	286.053
1.47574	293.674
1.47574	309.237
1.47574	308.413
1.48574	288.495
1.48574	296.119
1.48574	311.785
1.48574	310.949
1.49574	290.824
1.49574	298.443
1.49574	314.247
1.49574	313.395
1.50574	293.021
1.50574	300.633
1.50574	316.599
1.50574	315.735
1.51574	295.128
1.51574	302.736
1.51574	318.856
1.51574	317.981
1.52574	297.153
1.52574	304.759
1.52574	321.022
1.52574	320.139
1.53574	299.079
1.53574	306.686
1.53574	323.074
1.53574	322.188
1.54574	300.896
1.54574	308.502
1.54574	324.99
1.54574	324.098
1.55574	302.594
1.55574	310.202
1.55574	326.767
1.55574	325.873
1.56574	304.146
1.56574	311.757
1.56574	328.381
1.56574	327.486
1.57574	305.558
1.57574	313.172
1.57574	329.83
1.57574	328.935
1.58574	306.801
1.58574	314.43
1.58574	331.107
1.58574	330.222
1.59574	307.892
1.59574	315.541
1.59574	332.207
1.59574	331.338
1.60574	308.845
1.60574	316.513
1.60574	333.142
1.60574	332.287
1.61574	309.669
1.61574	317.353
1.61574	333.934
1.61574	333.092
1.62574	310.403
1.62574	318.103
1.62574	334.625
1.62574	333.794
1.63574	311.056
1.63574	318.77
1.63574	335.221
1.63574	334.4
1.64574	311.649
1.64574	319.377
1.64574	335.743
1.64574	334.933
1.65574	312.18
1.65574	319.92
1.65574	336.192
1.65574	335.392
1.66574	312.758
1.66574	320.512
1.66574	336.711
1.66574	335.92
1.67574	313.608
1.67574	321.377
1.67574	337.564
1.67574	336.787
1.68574	314.315
1.68574	322.096
1.68574	338.25
1.68574	337.484
1.69574	314.796
1.69574	322.586
1.69574	338.736
1.69574	337.981
1.70574	315.115
1.70574	322.912
1.70574	339.107
1.70574	338.363
1.71574	316.03
1.71574	323.839
1.71574	340.222
1.71574	339.5
1.72574	316.87
1.72574	324.688
1.72574	341.266
1.72574	340.568
1.73574	317.249
1.73574	325.072
1.73574	341.788
1.73574	341.107
1.74574	317.309
1.74574	325.131
1.74574	341.961
1.74574	341.292
1.75574	317.294
1.75574	325.111
1.75574	342.05
1.75574	341.392
1.76574	318.078
1.76574	325.872
1.76574	343.091
1.76574	342.434
1.77574	319.295
1.77574	327.053
1.77574	344.632
1.77574	343.969
1.78574	320.523
1.78574	328.246
1.78574	346.182
1.78574	345.515
1.79574	321.724
1.79574	329.416
1.79574	347.695
1.79574	347.023
1.80574	323.055
1.80574	330.561
1.80574	349.168
1.80574	348.353
1.81574	324.396
1.81574	331.684
1.81574	350.612
1.81574	349.625
1.82574	325.751
1.82574	332.811
1.82574	352.06
1.82574	350.892
1.83574	327.024
1.83574	334.009
1.83574	353.423
1.83574	352.205
1.84574	328.246
1.84574	335.157
1.84574	354.734
1.84574	353.466
1.85574	329.445
1.85574	336.279
1.85574	356.025
1.85574	354.705
1.86574	330.631
1.86574	337.38
1.86574	357.3
1.86574	355.922
1.87574	331.808
1.87574	338.482
1.87574	358.564
1.87574	357.136
1.88574	332.969
1.88574	339.568
1.88574	359.813
1.88574	358.336
1.89574	334.119
1.89574	340.641
1.89574	361.057
1.89574	359.529
1.90574	335.271
1.90574	341.714
1.90574	362.297
1.90574	360.716
1.91574	336.427
1.91574	342.781
1.91574	363.522
1.91574	361.883
1.92574	337.583
1.92574	343.848
1.92574	364.74
1.92574	363.043
1.93574	338.732
1.93574	344.908
1.93574	365.946
1.93574	364.191
1.94574	339.858
1.94574	345.947
1.94574	367.126
1.94574	365.315
1.95574	340.968
1.95574	346.97
1.95574	368.289
1.95574	366.42
1.96574	342.07
1.96574	347.986
1.96574	369.438
1.96574	367.512
1.97574	343.174
1.97574	349.002
1.97574	370.578
1.97574	368.596
1.98574	344.276
1.98574	350.016
1.98574	371.714
1.98574	369.676
1.99574	345.39
1.99574	351.038
1.99574	372.865
1.99574	370.764
2	345.863
2	351.461
2	373.366
2	371.23
