1	3.85553
1	3.85548
1	3.85529
1	3.86644
1	3.85553
1	3.85548
1	3.85529
1	3.86644
1.005	7.11194
1.005	7.07584
1.005	6.06572
1.005	6.05151
1.01	11.3166
1.01	11.2508
1.01	9.09189
1.01	9.06308
1.0175	18.1172
1.0175	17.9983
1.0175	14.2089
1.0175	14.1508
1.0275	27.2008
1.0275	27.0037
1.0275	21.1427
1.0275	21.0386
1.03	29.4737
1.03	29.2538
1.03	22.9057
1.03	22.7878
1.03375	32.9614
1.03375	32.6956
1.03375	25.6341
1.03375	25.4912
1.03516	34.2727
1.03516	33.987
1.03516	26.6535
1.03516	26.501
1.03727	36.2475
1.03727	35.9278
1.03727	28.1667
1.03727	27.999
1.04043	39.242
1.04043	38.8674
1.04043	30.3872
1.04043	30.1931
1.04162	40.3872
1.04162	39.9917
1.04162	31.2345
1.04162	31.03
1.0434	42.1116
1.0434	41.6845
1.0434	32.461
1.0434	32.24
1.04607	44.7536
1.04607	44.2794
1.04607	34.1931
1.04607	33.9408
1.05007	48.8837
1.05007	48.3761
1.05007	36.6081
1.05007	36.2615
1.05407	53.1299
1.05407	52.6486
1.05407	38.8473
1.05407	38.3487
1.05508	54.1997
1.05508	53.7303
1.05508	39.4043
1.05508	38.8633
1.05658	55.8042
1.05658	55.3647
1.05658	40.199
1.05658	39.5837
1.05883	58.2446
1.05883	57.8644
1.05883	41.2799
1.05883	40.539
1.06221	61.7481
1.06221	61.4613
1.06221	42.8688
1.06221	41.9325
1.06559	64.8812
1.06559	64.6829
1.06559	44.6948
1.06559	43.5662
1.06897	67.4043
1.06897	67.2862
1.06897	46.736
1.06897	45.427
1.07023	68.3604
1.07023	68.2724
1.07023	47.5094
1.07023	46.1342
1.07213	69.9327
1.07213	69.8915
1.07213	48.7129
1.07213	47.2456
1.07499	72.6624
1.07499	72.6997
1.07499	50.5684
1.07499	48.9886
1.07926	75.8831
1.07926	76.0657
1.07926	54.2141
1.07926	52.4649
1.08354	78.7297
1.08354	79.0725
1.08354	57.981
1.08354	56.0548
1.08781	81.5865
1.08781	82.0957
1.08781	61.668
1.08781	59.5638
1.08942	82.6792
1.08942	83.2504
1.08942	63.0479
1.08942	60.8765
1.09182	84.3651
1.09182	85.0273
1.09182	65.0945
1.09182	62.8242
1.09543	87.0223
1.09543	87.816
1.09543	68.1792
1.09543	65.7681
1.10084	91.3283
1.10084	92.2807
1.10084	72.8544
1.10084	70.2588
1.10896	97.8816
1.10896	98.9983
1.10896	80.0222
1.10896	77.206
1.11146	99.9016
1.11146	101.064
1.11146	82.2641
1.11146	79.3842
1.11521	102.874
1.11521	104.098
1.11521	85.5848
1.11521	82.6136
1.12084	107.23
1.12084	108.536
1.12084	90.4724
1.12084	87.3713
1.12295	108.844
1.12295	110.18
1.12295	92.292
1.12295	89.1442
1.12611	111.201
1.12611	112.578
1.12611	94.9561
1.12611	91.7418
1.1273	112.08
1.1273	113.472
1.1273	95.9509
1.1273	92.7124
1.12908	113.379
1.12908	114.793
1.12908	97.42
1.12908	94.1456
1.13175	115.306
1.13175	116.75
1.13175	99.6081
1.13175	96.2812
1.13575	118.114
1.13575	119.594
1.13575	102.849
1.13575	99.446
1.14176	122.188
1.14176	123.712
1.14176	107.678
1.14176	104.17
1.15077	127.901
1.15077	129.446
1.15077	114.867
1.15077	111.207
1.15302	129.319
1.15302	130.869
1.15302	116.635
1.15302	112.938
1.15527	130.757
1.15527	132.314
1.15527	118.391
1.15527	114.659
1.15865	132.942
1.15865	134.507
1.15865	120.984
1.15865	117.196
1.16372	136.312
1.16372	137.879
1.16372	124.829
1.16372	120.968
1.16879	139.712
1.16879	141.298
1.16879	128.585
1.16879	124.671
1.17005	140.563
1.17005	142.15
1.17005	129.515
1.17005	125.584
1.17196	141.845
1.17196	143.431
1.17196	130.9
1.17196	126.943
1.17481	143.78
1.17481	145.375
1.17481	132.96
1.17481	128.971
1.17908	146.701
1.17908	148.318
1.17908	136.06
1.17908	132.027
1.1855	151.089
1.1855	152.733
1.1855	140.734
1.1855	136.62
1.19512	157.557
1.19512	159.242
1.19512	147.651
1.19512	143.409
1.19762	159.211
1.19762	160.922
1.19762	149.406
1.19762	145.149
1.20137	161.658
1.20137	163.401
1.20137	152.005
1.20137	147.721
1.20699	165.261
1.20699	167.059
1.20699	155.816
1.20699	151.504
1.21543	170.491
1.21543	172.386
1.21543	161.373
1.21543	157.045
1.22543	176.449
1.22543	178.326
1.22543	167.701
1.22543	163.22
1.23543	181.889
1.23543	183.878
1.23543	173.564
1.23543	169.055
1.23793	183.174
1.23793	185.223
1.23793	174.939
1.23793	170.461
1.24168	185.086
1.24168	187.22
1.24168	176.978
1.24168	172.539
1.24731	187.921
1.24731	190.103
1.24731	180.009
1.24731	175.529
1.25574	192.038
1.25574	194.154
1.25574	184.376
1.25574	179.681
1.26574	196.643
1.26574	198.713
1.26574	189.381
1.26574	184.458
1.27574	201.025
1.27574	203.035
1.27574	193.985
1.27574	188.841
1.28574	205.258
1.28574	207.254
1.28574	198.367
1.28574	193.068
1.29574	209.353
1.29574	211.25
1.29574	202.583
1.29574	197.053
1.30574	213.579
1.30574	215.09
1.30574	206.524
1.30574	200.464
1.31574	217.17
1.31574	218.796
1.31574	210.361
1.31574	204.346
1.32574	220.476
1.32574	222.313
1.32574	214.017
1.32574	208.165
1.33574	223.577
1.33574	225.638
1.33574	217.495
1.33574	211.834
1.34574	226.572
1.34574	228.889
1.34574	220.79
1.34574	215.364
1.35574	229.535
1.35574	232.122
1.35574	223.883
1.35574	218.716
1.36574	232.36
1.36574	235.11
1.36574	226.981
1.36574	221.956
1.37574	235.101
1.37574	237.805
1.37574	230.204
1.37574	225.075
1.38574	237.734
1.38574	240.42
1.38574	233.271
1.38574	228.074
1.39574	240.292
1.39574	242.959
1.39574	236.239
1.39574	230.976
1.40574	242.788
1.40574	245.445
1.40574	239.096
1.40574	233.782
1.41574	245.124
1.41574	247.816
1.41574	241.832
1.41574	236.521
1.42574	247.356
1.42574	250.128
1.42574	244.407
1.42574	239.141
1.43574	249.556
1.43574	252.364
1.43574	246.83
1.43574	241.559
1.44574	251.923
1.44574	254.642
1.44574	249.164
1.44574	243.727
1.45574	254.247
1.45574	256.875
1.45574	251.489
1.45574	245.891
1.46574	256.492
1.46574	259.041
1.46574	253.752
1.46574	248.019
1.47574	258.689
1.47574	261.152
1.47574	255.958
1.47574	250.085
1.48574	260.832
1.48574	263.19
1.48574	258.096
1.48574	252.061
1.49574	262.883
1.49574	265.115
1.49574	260.171
1.49574	253.951
1.50574	264.821
1.50574	266.931
1.50574	262.121
1.50574	255.722
1.51574	266.687
1.51574	268.676
1.51574	263.993
1.51574	257.42
1.52574	268.474
1.52574	270.344
1.52574	265.801
1.52574	259.061
1.53574	270.119
1.53574	271.882
1.53574	267.497
1.53574	260.601
1.54574	271.629
1.54574	273.308
1.54574	269.029
1.54574	262.009
1.55574	273.001
1.55574	274.727
1.55574	270.299
1.55574	263.309
1.56574	274.245
1.56574	276.011
1.56574	271.445
1.56574	264.478
1.57574	275.35
1.57574	277.155
1.57574	272.454
1.57574	265.508
1.58574	276.316
1.58574	278.153
1.58574	273.323
1.58574	266.394
1.59574	277.145
1.59574	279.011
1.59574	274.061
1.59574	267.144
1.60574	277.853
1.60574	279.743
1.60574	274.682
1.60574	267.775
1.61574	278.459
1.61574	280.372
1.61574	275.206
1.61574	268.31
1.62574	278.981
1.62574	280.933
1.62574	275.647
1.62574	268.784
1.63574	279.443
1.63574	281.432
1.63574	276.033
1.63574	269.202
1.64574	279.853
1.64574	281.876
1.64574	276.371
1.64574	269.571
1.65574	280.212
1.65574	282.271
1.65574	276.673
1.65574	269.906
1.66574	280.88
1.66574	282.987
1.66574	277.232
1.66574	270.516
1.67574	281.619
1.67574	283.777
1.67574	277.844
1.67574	271.179
1.68574	282.176
1.68574	284.375
1.68574	278.307
1.68574	271.681
1.69574	282.628
1.69574	284.866
1.69574	278.681
1.69574	272.093
1.70574	283.153
1.70574	285.435
1.70574	279.107
1.70574	272.572
1.71574	284.206
1.71574	286.557
1.71574	279.945
1.71574	273.495
1.72574	284.882
1.72574	287.271
1.72574	280.463
1.72574	274.062
1.73574	285.076
1.73574	287.463
1.73574	280.57
1.73574	274.172
1.74574	285.009
1.74574	287.388
1.74574	280.428
1.74574	274.028
1.75574	285.023
1.75574	287.395
1.75574	280.351
1.75574	273.951
1.76574	286.124
1.76574	288.491
1.76574	281.199
1.76574	274.808
1.77574	287.405
1.77574	289.773
1.77574	282.224
1.77574	275.843
1.78574	288.661
1.78574	291.033
1.78574	283.254
1.78574	276.884
1.79574	289.886
1.79574	292.267
1.79574	284.275
1.79574	277.916
1.80574	291.075
1.80574	293.466
1.80574	285.272
1.80574	278.926
1.81574	292.233
1.81574	294.635
1.81574	286.248
1.81574	279.915
1.82574	293.378
1.82574	295.79
1.82574	287.222
1.82574	280.9
1.83574	294.503
1.83574	296.925
1.83574	288.182
1.83574	281.869
1.84574	295.606
1.84574	298.038
1.84574	289.12
1.84574	282.818
1.85574	296.692
1.85574	299.137
1.85574	290.063
1.85574	283.784
1.86574	297.764
1.86574	300.226
1.86574	291
1.86574	284.745
1.87574	298.824
1.87574	301.302
1.87574	291.925
1.87574	285.693
1.88574	299.875
1.88574	302.369
1.88574	292.844
1.88574	286.639
1.89574	300.931
1.89574	303.442
1.89574	293.77
1.89574	287.59
1.90574	301.984
1.90574	304.513
1.90574	294.694
1.90574	288.539
1.91574	303.008
1.91574	305.553
1.91574	295.591
1.91574	289.461
1.92574	304.03
1.92574	306.593
1.92574	296.488
1.92574	290.384
1.93574	305.049
1.93574	307.63
1.93574	297.386
1.93574	291.308
1.94574	306.064
1.94574	308.661
1.94574	298.285
1.94574	292.233
1.95574	307.084
1.95574	309.691
1.95574	299.203
1.95574	293.174
1.96574	308.099
1.96574	310.715
1.96574	300.116
1.96574	294.111
1.97574	309.093
1.97574	311.717
1.97574	301.018
1.97574	295.034
1.98574	310.091
1.98574	312.722
1.98574	301.926
1.98574	295.965
1.99574	311.092
1.99574	313.727
1.99574	302.842
1.99574	296.901
2	311.518
2	314.154
2	303.234
2	297.3
