1	3.78274
1	3.7905
1	3.77949
1	3.7848
1	3.78274
1	3.7905
1	3.77949
1	3.7848
1.005	6.94994
1.005	6.98989
1.005	6.05493
1.005	6.03782
1.01	11.019
1.01	11.0916
1.01	9.2491
1.01	9.2141
1.0175	17.5774
1.0175	17.7029
1.0175	14.6228
1.0175	14.5573
1.0275	26.3625
1.0275	26.5666
1.0275	21.9078
1.0275	21.7937
1.03	28.5843
1.03	28.8124
1.03	23.7553
1.03	23.6258
1.03375	31.9894
1.03375	32.2645
1.03375	26.5705
1.03375	26.4142
1.03516	33.2726
1.03516	33.5663
1.03516	27.6149
1.03516	27.4503
1.03727	35.2179
1.03727	35.5435
1.03727	29.1626
1.03727	28.985
1.04043	38.1858
1.04043	38.5636
1.04043	31.4153
1.04043	31.2136
1.04162	39.329
1.04162	39.7266
1.04162	32.2709
1.04162	32.0598
1.0434	41.0748
1.0434	41.5024
1.0434	33.5185
1.0434	33.2922
1.04607	43.7814
1.04607	44.2553
1.04607	35.2769
1.04607	35.0193
1.05007	48.1061
1.05007	48.6145
1.05007	37.7358
1.05007	37.3805
1.05407	52.6651
1.05407	53.1461
1.05407	40.0277
1.05407	39.5191
1.05508	53.8226
1.05508	54.2912
1.05508	40.5973
1.05508	40.0463
1.05658	55.5722
1.05658	56.0097
1.05658	41.4124
1.05658	40.7872
1.05883	58.2212
1.05883	58.598
1.05883	42.5292
1.05883	41.7784
1.06221	62.1768
1.06221	62.4593
1.06221	44.3731
1.06221	43.426
1.06559	66.2912
1.06559	66.4839
1.06559	47.0036
1.06559	45.8645
1.06897	70.7963
1.06897	70.9073
1.06897	50.8456
1.06897	49.5286
1.07023	72.4919
1.07023	72.5722
1.07023	52.3106
1.07023	50.9283
1.07213	75.0351
1.07213	75.0683
1.07213	54.4751
1.07213	53.0014
1.07499	78.9556
1.07499	78.91
1.07499	57.5476
1.07499	55.9618
1.07926	83.1342
1.07926	82.9427
1.07926	61.9465
1.07926	60.1927
1.08354	87.142
1.08354	86.7888
1.08354	66.5625
1.08354	64.6343
1.08781	91.4287
1.08781	90.9067
1.08781	71.3408
1.08781	69.2384
1.08942	93.0771
1.08942	92.4916
1.08942	73.1478
1.08942	70.9805
1.09182	95.5269
1.09182	94.8474
1.09182	75.7716
1.09182	73.5093
1.09543	99.0159
1.09543	98.201
1.09543	79.4238
1.09543	77.0257
1.10084	103.405
1.10084	102.424
1.10084	83.8659
1.10084	81.2914
1.10896	109.716
1.10896	108.557
1.10896	90.388
1.10896	87.6089
1.11146	111.726
1.11146	110.515
1.11146	92.4987
1.11146	89.6619
1.11521	114.841
1.11521	113.561
1.11521	95.7624
1.11521	92.8441
1.12084	119.638
1.12084	118.269
1.12084	100.754
1.12084	97.7122
1.12295	121.447
1.12295	120.049
1.12295	102.645
1.12295	99.5567
1.12611	124.165
1.12611	122.727
1.12611	105.495
1.12611	102.339
1.1273	125.189
1.1273	123.736
1.1273	106.568
1.1273	103.387
1.12908	126.715
1.12908	125.241
1.12908	108.173
1.12908	104.956
1.13175	129
1.13175	127.498
1.13175	110.58
1.13175	107.311
1.13575	132.392
1.13575	130.847
1.13575	114.17
1.13575	110.833
1.14176	137.427
1.14176	135.829
1.14176	119.52
1.14176	116.092
1.15077	144.579
1.15077	142.929
1.15077	127.223
1.15077	123.681
1.15302	146.343
1.15302	144.681
1.15302	129.081
1.15302	125.511
1.15527	148.106
1.15527	146.433
1.15527	130.903
1.15527	127.303
1.15865	150.746
1.15865	149.062
1.15865	133.571
1.15865	129.92
1.16372	154.715
1.16372	153.024
1.16372	137.472
1.16372	133.754
1.16879	158.706
1.16879	157.016
1.16879	141.304
1.16879	137.514
1.17005	159.709
1.17005	158.016
1.17005	142.256
1.17005	138.451
1.17196	161.231
1.17196	159.535
1.17196	143.685
1.17196	139.859
1.17481	163.55
1.17481	161.849
1.17481	145.849
1.17481	141.986
1.17908	167.109
1.17908	165.409
1.17908	149.182
1.17908	145.249
1.1855	172.516
1.1855	170.825
1.1855	154.329
1.1855	150.275
1.19512	180.638
1.19512	178.936
1.19512	162.087
1.19512	157.869
1.19762	182.736
1.19762	181.026
1.19762	164.081
1.19762	159.828
1.20137	185.851
1.20137	184.125
1.20137	167.035
1.20137	162.734
1.20699	190.431
1.20699	188.699
1.20699	171.41
1.20699	167.025
1.21543	197.126
1.21543	195.39
1.21543	177.83
1.21543	173.326
1.22543	204.698
1.22543	202.971
1.22543	185.13
1.22543	180.48
1.23543	211.779
1.23543	210.099
1.23543	191.995
1.23543	187.161
1.23793	213.48
1.23793	211.806
1.23793	193.641
1.23793	188.768
1.24168	216.008
1.24168	214.329
1.24168	196.078
1.24168	191.16
1.24731	219.727
1.24731	218.022
1.24731	199.64
1.24731	194.671
1.25574	225.03
1.25574	223.3
1.25574	204.746
1.25574	199.688
1.26574	231.058
1.26574	229.299
1.26574	210.581
1.26574	205.417
1.27574	236.704
1.27574	234.967
1.27574	216.137
1.27574	210.818
1.28574	242.163
1.28574	240.429
1.28574	221.486
1.28574	216.033
1.29574	247.332
1.29574	245.615
1.29574	226.638
1.29574	221.035
1.30574	252.181
1.30574	250.387
1.30574	231.523
1.30574	225.874
1.31574	256.765
1.31574	254.909
1.31574	236.248
1.31574	230.545
1.32574	261.064
1.32574	259.183
1.32574	240.741
1.32574	234.957
1.33574	265.106
1.33574	263.18
1.33574	244.996
1.33574	239.151
1.34574	268.964
1.34574	266.943
1.34574	249.089
1.34574	243.239
1.35574	272.7
1.35574	270.617
1.35574	253.005
1.35574	247.132
1.36574	276.244
1.36574	274.202
1.36574	256.795
1.36574	250.788
1.37574	279.656
1.37574	277.666
1.37574	260.458
1.37574	254.312
1.38574	282.936
1.38574	281.02
1.38574	263.993
1.38574	257.691
1.39574	286.102
1.39574	284.265
1.39574	267.42
1.39574	260.961
1.40574	289.169
1.40574	287.416
1.40574	270.754
1.40574	264.131
1.41574	292.094
1.41574	290.49
1.41574	273.995
1.41574	267.137
1.42574	294.917
1.42574	293.484
1.42574	277.094
1.42574	269.983
1.43574	297.635
1.43574	296.394
1.43574	280.057
1.43574	272.677
1.44574	300.326
1.44574	299.27
1.44574	282.973
1.44574	275.333
1.45574	303.031
1.45574	302.037
1.45574	285.767
1.45574	278
1.46574	305.721
1.46574	304.704
1.46574	288.403
1.46574	280.62
1.47574	308.347
1.47574	307.308
1.47574	290.963
1.47574	283.168
1.48574	310.896
1.48574	309.838
1.48574	293.417
1.48574	285.612
1.49574	313.353
1.49574	312.275
1.49574	295.742
1.49574	287.931
1.50574	315.674
1.50574	314.577
1.50574	297.932
1.50574	290.115
1.51574	317.896
1.51574	316.786
1.51574	300.038
1.51574	292.211
1.52574	320.025
1.52574	318.911
1.52574	302.061
1.52574	294.216
1.53574	322.007
1.53574	320.889
1.53574	303.946
1.53574	296.086
1.54574	323.83
1.54574	322.709
1.54574	305.687
1.54574	297.812
1.55574	325.499
1.55574	324.381
1.55574	307.301
1.55574	299.406
1.56574	327.007
1.56574	325.893
1.56574	308.77
1.56574	300.853
1.57574	328.35
1.57574	327.245
1.57574	310.081
1.57574	302.139
1.58574	329.528
1.58574	328.436
1.58574	311.232
1.58574	303.259
1.59574	330.538
1.59574	329.46
1.59574	312.237
1.59574	304.235
1.60574	331.404
1.60574	330.337
1.60574	313.11
1.60574	305.083
1.61574	332.15
1.61574	331.094
1.61574	313.87
1.61574	305.819
1.62574	332.799
1.62574	331.754
1.62574	314.545
1.62574	306.473
1.63574	333.373
1.63574	332.338
1.63574	315.154
1.63574	307.063
1.64574	333.88
1.64574	332.855
1.64574	315.712
1.64574	307.603
1.65574	334.333
1.65574	333.317
1.65574	316.226
1.65574	308.1
1.66574	335.099
1.66574	334.098
1.66574	316.999
1.66574	308.855
1.67574	335.937
1.67574	334.951
1.67574	317.81
1.67574	309.649
1.68574	336.583
1.68574	335.608
1.68574	318.464
1.68574	310.287
1.69574	337.139
1.69574	336.174
1.69574	319.016
1.69574	310.824
1.70574	337.883
1.70574	336.935
1.70574	319.631
1.70574	311.426
1.71574	339.226
1.71574	338.294
1.71574	320.68
1.71574	312.473
1.72574	340.201
1.72574	339.268
1.72574	321.398
1.72574	313.203
1.73574	340.669
1.73574	339.738
1.73574	321.67
1.73574	313.482
1.74574	340.858
1.74574	339.929
1.74574	321.676
1.74574	313.493
1.75574	341.112
1.75574	340.185
1.75574	321.747
1.75574	313.572
1.76574	342.457
1.76574	341.54
1.76574	322.764
1.76574	314.601
1.77574	343.989
1.77574	343.091
1.77574	323.968
1.77574	315.804
1.78574	345.498
1.78574	344.622
1.78574	325.187
1.78574	317.016
1.79574	346.983
1.79574	345.996
1.79574	326.41
1.79574	318.381
1.80574	348.435
1.80574	347.289
1.80574	327.612
1.80574	319.778
1.81574	349.839
1.81574	348.553
1.81574	328.81
1.81574	321.143
1.82574	351.181
1.82574	349.851
1.82574	330.054
1.82574	322.445
1.83574	352.5
1.83574	351.124
1.83574	331.281
1.83574	323.734
1.84574	353.791
1.84574	352.363
1.84574	332.482
1.84574	325.001
1.85574	355.075
1.85574	353.598
1.85574	333.673
1.85574	326.258
1.86574	356.347
1.86574	354.82
1.86574	334.85
1.86574	327.499
1.87574	357.612
1.87574	356.029
1.87574	336.002
1.87574	328.723
1.88574	358.867
1.88574	357.226
1.88574	337.136
1.88574	329.934
1.89574	360.121
1.89574	358.422
1.89574	338.272
1.89574	331.146
1.90574	361.365
1.90574	359.606
1.90574	339.4
1.90574	332.352
1.91574	362.572
1.91574	360.753
1.91574	340.491
1.91574	333.521
1.92574	363.769
1.92574	361.89
1.92574	341.574
1.92574	334.682
1.93574	364.955
1.93574	363.018
1.93574	342.646
1.93574	335.832
1.94574	366.126
1.94574	364.131
1.94574	343.704
1.94574	336.967
1.95574	367.294
1.95574	365.242
1.95574	344.759
1.95574	338.101
1.96574	368.449
1.96574	366.34
1.96574	345.806
1.96574	339.224
1.97574	369.578
1.97574	367.415
1.97574	346.83
1.97574	340.325
1.98574	370.705
1.98574	368.487
1.98574	347.854
1.98574	341.426
1.99574	371.849
1.99574	369.558
1.99574	348.848
1.99574	342.517
2	372.338
2	370.012
2	349.265
2	342.979
