1	1.86867
1	1.81215
1	1.89281
1	1.94921
1	1.81216
1	1.86819
1	1.94922
1	1.893
1	1.86867
1	1.81215
1	1.89281
1	1.94921
1	1.81216
1	1.86819
1	1.94922
1	1.893
1.005	3.92793
1.005	3.80745
1.005	3.88468
1.005	4.00566
1.005	3.80128
1.005	3.93101
1.005	4.01189
1.005	3.88279
1.01	6.92795
1.01	6.71266
1.01	6.79785
1.01	7.01737
1.01	6.70082
1.01	6.93542
1.01	7.0269
1.01	6.79625
1.0175	11.4377
1.0175	11.0833
1.0175	11.1814
1.0175	11.5453
1.0175	11.062
1.0175	11.4535
1.0175	11.5613
1.0175	11.1785
1.0275	17.3851
1.0275	16.8544
1.0275	16.9781
1.0275	17.5254
1.0275	16.8203
1.0275	17.4133
1.0275	17.5503
1.0275	16.9721
1.03	18.871
1.03	18.2968
1.03	18.4279
1.03	19.0199
1.03	18.2599
1.03	18.9021
1.03	19.0471
1.03	18.4209
1.03375	21.1084
1.03375	20.47
1.03375	20.6121
1.03375	21.2704
1.03375	20.4286
1.03375	21.144
1.03375	21.3012
1.03375	20.6036
1.03516	21.9487
1.03516	21.2865
1.03516	21.4328
1.03516	22.1156
1.03516	21.2434
1.03516	21.986
1.03516	22.1479
1.03516	21.4237
1.03727	23.2093
1.03727	22.5117
1.03727	22.6644
1.03727	23.3836
1.03727	22.4662
1.03727	23.2491
1.03727	23.4179
1.03727	22.6543
1.04043	25.0989
1.04043	24.3492
1.04043	24.5112
1.04043	25.284
1.04043	24.3002
1.04043	25.1424
1.04043	25.3212
1.04043	24.4997
1.04518	27.9261
1.04518	27.1004
1.04518	27.2756
1.04518	28.1266
1.04518	27.0462
1.04518	27.9754
1.04518	28.1684
1.04518	27.2619
1.04696	28.9833
1.04696	28.1296
1.04696	28.3096
1.04696	29.1895
1.04696	28.0734
1.04696	29.0348
1.04696	29.2329
1.04696	28.2949
1.04963	30.5724
1.04963	29.6768
1.04963	29.8642
1.04963	30.7868
1.04963	29.6179
1.04963	30.6271
1.04963	30.8329
1.04963	29.8481
1.05063	31.1724
1.05063	30.261
1.05063	30.4514
1.05063	31.39
1.05063	30.2012
1.05063	31.2281
1.05063	31.4372
1.05063	30.4347
1.05213	32.0676
1.05213	31.1328
1.05213	31.3276
1.05213	32.29
1.05213	31.0715
1.05213	32.1251
1.05213	32.3387
1.05213	31.3099
1.05438	33.3988
1.05438	32.4292
1.05438	32.6304
1.05438	33.6281
1.05438	32.3658
1.05438	33.4588
1.05438	33.6792
1.05438	32.6114
1.05776	35.339
1.05776	34.3182
1.05776	34.5281
1.05776	35.5777
1.05776	34.2517
1.05776	35.403
1.05776	35.6322
1.05776	34.5069
1.05903	36.0551
1.05903	35.0155
1.05903	35.2283
1.05903	36.297
1.05903	34.9478
1.05903	36.1205
1.05903	36.3528
1.05903	35.2063
1.06093	37.1157
1.06093	36.0478
1.06093	36.2647
1.06093	37.362
1.06093	35.9785
1.06093	37.1835
1.06093	37.4198
1.06093	36.2413
1.06378	38.6621
1.06378	37.5522
1.06378	37.7746
1.06378	38.9145
1.06378	37.4807
1.06378	38.7336
1.06378	38.9748
1.06378	37.7491
1.06485	39.2344
1.06485	38.109
1.06485	38.3334
1.06485	39.4891
1.06485	38.0366
1.06485	39.3073
1.06485	39.5503
1.06485	38.307
1.06645	40.0937
1.06645	38.945
1.06645	39.1724
1.06645	40.3518
1.06645	38.8714
1.06645	40.1688
1.06645	40.4145
1.06645	39.1449
1.06886	41.369
1.06886	40.1854
1.06886	40.4172
1.06886	41.632
1.06886	40.1098
1.06886	41.4475
1.06886	41.6969
1.06886	40.3876
1.07246	43.2868
1.07246	42.0492
1.07246	42.2878
1.07246	43.5573
1.07246	41.9709
1.07246	43.3706
1.07246	43.6255
1.07246	42.2551
1.07382	44.0031
1.07382	42.7453
1.07382	42.9866
1.07382	44.2765
1.07382	42.666
1.07382	44.0888
1.07382	44.346
1.07382	42.9526
1.07585	45.0658
1.07585	43.7779
1.07585	44.0233
1.07585	45.3436
1.07585	43.6971
1.07585	45.1545
1.07585	45.415
1.07585	43.9874
1.07889	46.6481
1.07889	45.3149
1.07889	45.566
1.07889	46.9328
1.07889	45.2322
1.07889	46.7411
1.07889	47.006
1.07889	45.5281
1.08346	49.0454
1.08346	47.642
1.08346	47.9017
1.08346	49.3407
1.08346	47.5564
1.08346	49.1449
1.08346	49.4165
1.08346	47.8609
1.08517	49.9411
1.08517	48.5114
1.08517	48.7746
1.08517	50.2406
1.08517	48.4249
1.08517	50.043
1.08517	50.3172
1.08517	48.7326
1.08774	51.2976
1.08774	49.8281
1.08774	50.097
1.08774	51.6038
1.08774	49.7402
1.08774	51.4031
1.08774	51.6816
1.08774	50.0533
1.09159	53.3374
1.09159	51.808
1.09159	52.0864
1.09159	53.6548
1.09159	51.7181
1.09159	53.4484
1.09159	53.7342
1.09159	52.0403
1.09304	54.1035
1.09304	52.5516
1.09304	52.8336
1.09304	54.4252
1.09304	52.461
1.09304	54.2165
1.09304	54.5052
1.09304	52.7867
1.0952	55.2543
1.0952	53.6684
1.0952	53.9562
1.0952	55.5826
1.0952	53.5768
1.0952	55.3702
1.0952	55.6635
1.0952	53.9079
1.09846	56.994
1.09846	55.3561
1.09846	55.6527
1.09846	57.3324
1.09846	55.2629
1.09846	57.1143
1.09846	57.4148
1.09846	55.6024
1.10333	59.6076
1.10333	57.8916
1.10333	58.2018
1.10333	59.9612
1.10333	57.7957
1.10333	59.7345
1.10333	60.0465
1.10333	58.1481
1.11065	63.5108
1.11065	61.6785
1.11065	62.009
1.11065	63.8865
1.11065	61.5778
1.11065	63.6479
1.11065	63.9772
1.11065	61.9496
1.12065	68.7826
1.12065	66.794
1.12065	67.1512
1.12065	69.1896
1.12065	66.6854
1.12065	68.9354
1.12065	69.2871
1.12065	67.0842
1.13065	74.0401
1.13065	71.8944
1.13065	72.2776
1.13065	74.4802
1.13065	71.7773
1.13065	74.2094
1.13065	74.5824
1.13065	72.2046
1.14065	78.959
1.14065	76.663
1.14065	77.066
1.14065	79.4277
1.14065	76.538
1.14065	79.1456
1.14065	79.5322
1.14065	76.9878
1.15065	83.9328
1.15065	81.4834
1.15065	81.9065
1.15065	84.4294
1.15065	81.3508
1.15065	84.1362
1.15065	84.5367
1.15065	81.8226
1.16065	89.0905
1.16065	86.4847
1.16065	86.9305
1.16065	89.6175
1.16065	86.3436
1.16065	89.3104
1.16065	89.7286
1.16065	86.8411
1.17065	94.4394
1.17065	91.6691
1.17065	92.1377
1.17065	94.9991
1.17065	91.517
1.17065	94.6745
1.17065	95.1148
1.17065	92.0459
1.18065	99.8673
1.18065	96.9319
1.18065	97.4254
1.18065	100.46
1.18065	96.7642
1.18065	100.121
1.18065	100.586
1.18065	97.3263
1.19065	105.287
1.19065	102.187
1.19065	102.706
1.19065	105.917
1.19065	102.003
1.19065	105.561
1.19065	106.051
1.19065	102.6
1.20065	110.671
1.20065	107.403
1.20065	107.951
1.20065	111.342
1.20065	107.203
1.20065	110.964
1.20065	111.482
1.20065	107.84
1.21065	116.031
1.21065	112.597
1.21065	113.18
1.21065	116.75
1.21065	112.383
1.21065	116.344
1.21065	116.895
1.21065	113.065
1.22065	121.307
1.22065	117.711
1.22065	118.339
1.22065	122.082
1.22065	117.481
1.22065	121.64
1.22065	122.234
1.22065	118.217
1.23065	126.543
1.23065	122.786
1.23065	123.469
1.23065	127.378
1.23065	122.54
1.23065	126.895
1.23065	127.543
1.23065	123.334
1.24065	131.635
1.24065	127.725
1.24065	128.463
1.24065	132.534
1.24065	127.457
1.24065	132.012
1.24065	132.713
1.24065	128.314
1.25065	136.568
1.25065	132.512
1.25065	133.311
1.25065	137.532
1.25065	132.219
1.25065	136.971
1.25065	137.733
1.25065	133.14
1.26065	141.456
1.26065	137.256
1.26065	138.124
1.26065	142.489
1.26065	136.938
1.26065	141.888
1.26065	142.715
1.26065	137.926
1.27065	146.206
1.27065	141.872
1.27065	142.809
1.27065	147.312
1.27065	141.523
1.27065	146.669
1.27065	147.564
1.27065	142.583
1.28065	150.757
1.28065	146.298
1.28065	147.305
1.28065	151.934
1.28065	145.919
1.28065	151.251
1.28065	152.216
1.28065	147.049
1.29065	155.126
1.29065	150.548
1.29065	151.631
1.29065	156.374
1.29065	150.141
1.29065	155.65
1.29065	156.687
1.29065	151.34
1.30065	159.223
1.30065	154.548
1.30065	155.708
1.30065	160.545
1.30065	154.106
1.30065	159.787
1.30065	160.893
1.30065	155.373
1.31065	163.078
1.31065	158.317
1.31065	159.555
1.31065	164.475
1.31065	157.839
1.31065	163.682
1.31065	164.861
1.31065	159.175
1.32065	166.692
1.32065	161.85
1.32065	163.166
1.32065	168.161
1.32065	161.337
1.32065	167.334
1.32065	168.585
1.32065	162.742
1.33065	169.997
1.33065	165.085
1.33065	166.474
1.33065	171.539
1.33065	164.536
1.33065	170.676
1.33065	171.998
1.33065	166.011
1.34065	173.036
1.34065	168.06
1.34065	169.52
1.34065	174.647
1.34065	167.476
1.34065	173.748
1.34065	175.14
1.34065	169.02
1.35065	175.807
1.35065	170.774
1.35065	172.303
1.35065	177.484
1.35065	170.158
1.35065	176.549
1.35065	178.009
1.35065	171.77
1.36065	178.13
1.36065	173.051
1.36065	174.643
1.36065	179.87
1.36065	172.407
1.36065	178.898
1.36065	180.422
1.36065	174.082
1.37065	180.056
1.37065	174.939
1.37065	176.589
1.37065	181.854
1.37065	174.27
1.37065	180.846
1.37065	182.429
1.37065	176.005
1.38065	181.548
1.38065	176.403
1.38065	178.105
1.38065	183.398
1.38065	175.714
1.38065	182.358
1.38065	183.992
1.38065	177.5
1.39065	182.662
1.39065	177.499
1.39065	179.245
1.39065	184.556
1.39065	176.791
1.39065	183.489
1.39065	185.167
1.39065	178.622
1.40065	183.483
1.40065	178.307
1.40065	180.091
1.40065	185.416
1.40065	177.583
1.40065	184.324
1.40065	186.04
1.40065	179.453
1.41065	184.142
1.41065	178.955
1.41065	180.772
1.41065	186.109
1.41065	178.218
1.41065	184.996
1.41065	186.744
1.41065	180.121
1.42065	184.722
1.42065	179.525
1.42065	181.371
1.42065	186.718
1.42065	178.776
1.42065	185.586
1.42065	187.363
1.42065	180.709
1.43065	185.272
1.43065	180.067
1.43065	181.94
1.43065	187.297
1.43065	179.307
1.43065	186.148
1.43065	187.952
1.43065	181.268
1.44065	185.808
1.44065	180.593
1.44065	182.494
1.44065	187.86
1.44065	179.823
1.44065	186.692
1.44065	188.523
1.44065	181.811
1.45065	186.316
1.45065	181.091
1.45065	183.018
1.45065	188.393
1.45065	180.313
1.45065	187.208
1.45065	189.065
1.45065	182.327
1.46065	186.801
1.46065	181.567
1.46065	183.519
1.46065	188.901
1.46065	180.781
1.46065	187.699
1.46065	189.582
1.46065	182.819
1.47065	187.271
1.47065	182.029
1.47065	184.005
1.47065	189.395
1.47065	181.235
1.47065	188.176
1.47065	190.084
1.47065	183.297
1.48065	187.73
1.48065	182.479
1.48065	184.479
1.48065	189.876
1.48065	181.678
1.48065	188.642
1.48065	190.573
1.48065	183.763
1.49065	188.176
1.49065	182.917
1.49065	184.939
1.49065	190.343
1.49065	182.108
1.49065	189.093
1.49065	191.047
1.49065	184.216
1.50065	188.605
1.50065	183.339
1.50065	185.381
1.50065	190.791
1.50065	182.522
1.50065	189.528
1.50065	191.504
1.50065	184.651
1.51065	189.021
1.51065	183.747
1.51065	185.809
1.51065	191.226
1.51065	182.923
1.51065	189.949
1.51065	191.946
1.51065	185.072
1.52065	189.421
1.52065	184.14
1.52065	186.22
1.52065	191.643
1.52065	183.309
1.52065	190.354
1.52065	192.37
1.52065	185.477
1.53065	189.827
1.53065	184.539
1.53065	186.635
1.53065	192.064
1.53065	183.701
1.53065	190.764
1.53065	192.799
1.53065	185.886
1.54065	190.523
1.54065	185.221
1.54065	187.338
1.54065	192.777
1.54065	184.374
1.54065	191.467
1.54065	193.523
1.54065	186.578
1.55065	191.018
1.55065	185.703
1.55065	187.832
1.55065	193.283
1.55065	184.851
1.55065	191.965
1.55065	194.034
1.55065	187.068
1.56065	191.426
1.56065	186.1
1.56065	188.237
1.56065	193.698
1.56065	185.245
1.56065	192.376
1.56065	194.455
1.56065	187.469
1.57065	191.804
1.57065	186.466
1.57065	188.609
1.57065	194.08
1.57065	185.608
1.57065	192.757
1.57065	194.84
1.57065	187.837
1.58065	192.166
1.58065	186.817
1.58065	188.965
1.58065	194.445
1.58065	185.956
1.58065	193.122
1.58065	195.209
1.58065	188.188
1.59065	192.513
1.59065	187.154
1.59065	189.304
1.59065	194.794
1.59065	186.291
1.59065	193.473
1.59065	195.56
1.59065	188.523
1.60065	192.861
1.60065	187.492
1.60065	189.642
1.60065	195.141
1.60065	186.627
1.60065	193.824
1.60065	195.91
1.60065	188.856
1.61065	193.221
1.61065	187.842
1.61065	189.991
1.61065	195.5
1.61065	186.975
1.61065	194.188
1.61065	196.271
1.61065	189.201
1.62065	193.599
1.62065	188.209
1.62065	190.355
1.62065	195.876
1.62065	187.341
1.62065	194.57
1.62065	196.648
1.62065	189.562
1.63065	194.002
1.63065	188.6
1.63065	190.743
1.63065	196.275
1.63065	187.73
1.63065	194.977
1.63065	197.049
1.63065	189.945
1.64065	194.547
1.64065	189.129
1.64065	191.266
1.64065	196.814
1.64065	188.256
1.64065	195.526
1.64065	197.592
1.64065	190.465
1.65065	196.038
1.65065	190.581
1.65065	192.716
1.65065	198.302
1.65065	189.7
1.65065	197.023
1.65065	199.088
1.65065	191.909
1.66065	197.555
1.66065	192.058
1.66065	194.188
1.66065	199.812
1.66065	191.169
1.66065	198.545
1.66065	200.609
1.66065	193.374
1.67065	198.986
1.67065	193.45
1.67065	195.575
1.67065	201.236
1.67065	192.554
1.67065	199.981
1.67065	202.042
1.67065	194.755
1.68065	200.317
1.68065	194.746
1.68065	196.865
1.68065	202.56
1.68065	193.843
1.68065	201.316
1.68065	203.375
1.68065	196.039
1.69065	201.531
1.69065	195.926
1.69065	198.039
1.69065	203.764
1.69065	195.016
1.69065	202.533
1.69065	204.588
1.69065	197.207
1.70065	202.614
1.70065	196.981
1.70065	199.085
1.70065	204.839
1.70065	196.064
1.70065	203.621
1.70065	205.671
1.70065	198.25
1.71065	203.54
1.71065	197.881
1.71065	199.977
1.71065	205.755
1.71065	196.959
1.71065	204.549
1.71065	206.594
1.71065	199.137
1.72065	204.25
1.72065	198.57
1.72065	200.656
1.72065	206.454
1.72065	197.644
1.72065	205.261
1.72065	207.298
1.72065	199.814
1.73065	204.688
1.73065	198.995
1.73065	201.07
1.73065	206.881
1.73065	198.065
1.73065	205.7
1.73065	207.73
1.73065	200.228
1.74065	204.768
1.74065	199.071
1.74065	201.135
1.74065	206.95
1.74065	198.138
1.74065	205.779
1.74065	207.801
1.74065	200.293
1.75065	204.595
1.75065	198.899
1.75065	200.953
1.75065	206.767
1.75065	197.966
1.75065	205.604
1.75065	207.618
1.75065	200.113
1.76065	204.261
1.76065	198.57
1.76065	200.611
1.76065	206.421
1.76065	197.635
1.76065	205.268
1.76065	207.273
1.76065	199.774
1.77065	203.797
1.77065	198.112
1.77065	200.139
1.77065	205.944
1.77065	197.176
1.77065	204.801
1.77065	206.796
1.77065	199.305
1.78065	203.227
1.78065	197.549
1.78065	199.562
1.78065	205.361
1.78065	196.614
1.78065	204.229
1.78065	206.211
1.78065	198.731
1.79065	202.658
1.79065	196.987
1.79065	198.986
1.79065	204.778
1.79065	196.051
1.79065	203.656
1.79065	205.627
1.79065	198.158
1.80065	202.142
1.80065	196.476
1.80065	198.462
1.80065	204.25
1.80065	195.541
1.80065	203.137
1.80065	205.098
1.80065	197.637
1.81065	201.713
1.81065	196.051
1.81065	198.024
1.81065	203.809
1.81065	195.115
1.81065	202.705
1.81065	204.656
1.81065	197.203
1.82065	201.372
1.82065	195.711
1.82065	197.674
1.82065	203.458
1.82065	194.776
1.82065	202.362
1.82065	204.305
1.82065	196.856
1.83065	201.115
1.83065	195.453
1.83065	197.406
1.83065	203.191
1.83065	194.517
1.83065	202.102
1.83065	204.037
1.83065	196.59
