0	165	146.6666667	128.3333334	110.0000001	91.6666668	73.3333335	55.0000002	36.6666669	18.3333336	3E-07	-18.333333	-36.6666663	-54.9999996	-73.3333329	-91.6666662	-109.9999995	-128.3333328	-146.6666661	-164.9999994
40	-5.13E+02	-4.33E+02	-3.53E+02	-2.82E+02	-2.18E+02	-1.61E+02	-1.11E+02	-6.62E+01	-2.31E+01	1.91E+01	6.10E+01	1.03E+02	1.48E+02	1.97E+02	2.54E+02	3.18E+02	3.89E+02	4.59E+02	5.14E+02
60	-777.908891	-666.4097334	-546.0990777	-435.1696569	-334.6905971	-244.7748592	-167.1177485	-97.22809985	-30.57927546	34.03425805	97.69511826	161.752996	227.9161701	301.5102649	386.7067371	482.2187503	586.8704287	688.9672391	765.3975053
80	-1048.665046	-910.2746227	-750.7070422	-597.39444	-456.4366359	-329.8809322	-220.8650584	-123.3559352	-30.96787637	57.92751055	144.7560709	231.4799947	320.6808976	419.7908864	534.4727058	662.8083412	800.6945132	927.9030347	1015.603612
100	-1332.999454	-1171.075635	-966.0574566	-761.1929728	-571.6360302	-401.5859327	-256.0501526	-127.1347926	-6.056701698	109.3302573	220.9140778	331.5624286	445.2427683	571.8903759	719.3938683	884.3017496	1056.679138	1193.174004	1249.021542
0	115.959	58.246	1.729	-112.072	-175														
40	-262.341926	-108.110106	0.426084	311.475248	457.15927													
60	-424.8688	-166.669125	10.210975	498.29075	688.95365													
80	-618.576922	-230.144562	34.000884	738.292881	957.293323													
100	-836.58805	-287.3529	90.40778	1037.53699	1256.63112													
