-0.0264885	-2.10985E-10
-4.37	-15.7626
-4.37	-15.7524
-4.37	-15.7378
-4.37	-15.7177
-4.37	-15.6906
-4.37	-15.6557
-4.37	-15.6126
-5.62449	-19.8137
-8.52151	-28.7029
-7.8721	-26.0813
-6.24253	-19.8857
-3.79816	-10.7648
-0.131618	2.24435
0.960882	6.10213
2.59963	11.7733
5.05776	19.9007
8.73506	30.5067
7.64256	26.2608
6.00381	20.0774
3.54568	10.9337
-0.14151	-1.62481
-1.23401	-5.40808
-2.87276	-11.0638
-5.33089	-19.3172
-8.46193	-28.7918
-7.36943	-24.6111
-5.73068	-18.4682
-3.27255	-9.39021
0.414636	2.84985
4.78464	17.8572
8.32536	28.682
7.23286	24.534
5.59411	18.4227
3.13599	9.32239
-0.489817	-2.45322
-3.76638	-13.7586
-7.64972	-26.2669
-11.533	-36.673
-10.7961	-33.7287
-9.33987	-28.1886
-7.15549	-20.0645
-3.87893	-8.17854
0.00440581	3.7452
3.88774	16.6732
7.77107	28.2103
11.6456	37.7462
11.4029	36.7729
11.0388	35.3349
10.4927	33.2169
9.67359	30.1013
8.44488	25.5112
6.60181	18.7303
3.83721	8.73933
-0.0461243	-2.64872
-3.92946	-15.6037
-7.81279	-27.5091
-11.6039	-37.4644
-11.3612	-36.5078
-10.9971	-35.0897
-10.451	-32.9921
-9.63187	-29.8931
-8.40316	-25.3131
-6.56009	-18.5423
-3.79549	-8.61583
0.0878428	2.52657
3.97118	15.501
7.85451	27.4895
11.5622	37.4083
11.3194	36.4596
10.9554	35.0526
10.4093	32.9691
9.59015	29.8885
8.36144	25.3306
6.51837	18.5821
3.75377	8.63949
-0.145798	-2.37598
-4.5158	-16.9275
-8.8858	-30.3317
-13.2558	-39.5636
-14.3483	-40.7468
-15.9871	-42.4689
-16.5148	-42.9212
-16.4572	-42.6986
-16.3708	-42.3653
-16.2412	-41.8669
-16.0467	-41.1224
-15.7551	-40.0119
-15.3176	-38.3576
-14.6613	-35.8971
-13.677	-32.2367
-12.2004	-26.7953
-9.98562	-18.7642
-6.6634	-7.12991
-2.2934	4.8821
2.0766	18.9658
6.4466	31.6283
10.8166	39.0935
11.9091	40.142
13.5479	41.5666
14.1624	42.0244
15.0842	42.6978
16.4669	43.6984
16.4191	43.1908
13.308	31.6689
8.93801	15.8763
4.56801	1.70323
0.19801	-10.6181
-4.17199	-24.2778
-8.54199	-36.0522
-9.63449	-38.0154
-10.0442	-38.4467
-10.6587	-39.0383
-11.5805	-39.9241
-12.9632	-41.0382
-13.4817	-41.4182
-14.2595	-41.9885
-15.4261	-42.8578
-17.1761	-44.1464
-17.1277	-43.8709
-16.1433	-40.1706
-14.6668	-34.6929
-12.4519	-26.5694
-9.12973	-14.6705
-4.75973	-1.19756
-0.389728	11.653
3.98027	25.2301
8.35028	36.7238
9.44277	38.0105
9.85246	38.412
10.467	38.9975
11.3888	39.8832
11.7345	40.1926
12.253	40.5976
13.0307	41.1606
14.1974	42.0091
14.6349	42.3305
15.2911	42.8148
16.2755	43.548
16.6446	43.8178
17.1983	44.2058
16.9311	43.137
15.6853	38.5115
13.8165	31.6453
11.0134	21.477
6.80875	6.7506
2.43874	-4.84458
-2.05942	-19.2742
-6.71942	-32.8809
-7.88442	-35.837
-9.63192	-38.1403
-10.0688	-38.5672
-10.5057	-38.9834
-11.161	-39.6081
-11.4067	-39.8337
-11.4989	-39.9148
-11.6371	-40.0308
-11.8444	-40.1941
-12.1555	-40.4253
-12.622	-40.7678
-13.3218	-41.2828
-14.3715	-42.0546
-15.946	-43.2159
-16.5364	-43.6514
-17.4221	-44.2919
-18.7506	-45.2167
-20.7434	-46.5635
-22.8675	-47.9859
-22.7274	-47.4559
-22.5872	-46.9269
-22.3771	-46.1357
-22.0618	-44.9532
-21.5889	-43.1878
-20.8796	-40.5553
-19.8156	-36.6271
-18.2196	-30.7795
-15.8256	-22.1342
-12.2345	-9.59064
-7.57454	2.83045
-2.91454	17.9077
1.74546	31.1661
2.91046	33.9615
3.34733	34.6451
4.00264	35.1766
4.98561	35.9056
6.46007	36.9659
7.01299	37.346
7.11666	37.4139
7.22033	37.48
7.37584	37.5755
7.6091	37.7075
7.959	37.8927
8.22142	38.029
8.48384	38.1597
8.68066	38.258
8.87747	38.3576
9.1727	38.5422
9.61553	38.8355
10.2798	39.2862
11.2762	39.9777
12.7707	41.0009
13.3312	41.3883
14.1719	41.982
14.4872	42.2093
14.96	42.5559
15.6694	43.0838
16.7334	43.8803
18.3294	45.0263
20.7234	46.6631
21.6212	47.3701
22.9678	48.8452
23.1272	49.0041
22.9379	48.2873
22.6538	47.2167
22.2277	45.62
21.5886	43.2407
20.6299	39.6982
19.1919	34.4221
17.0348	26.5934
13.7993	15.1171
9.13926	1.35849
4.47926	-12.8377
-0.180737	-26.9246
-4.84074	-35.2891
-6.00574	-36.1614
-6.29699	-36.3839
-6.73386	-36.7051
-7.38917	-37.1529
-8.37214	-37.7296
-8.74076	-37.9066
-9.29368	-38.1511
-10.1231	-38.5533
-10.9524	-38.982
-11.1598	-39.091
-11.4708	-39.289
-11.9373	-39.6212
-12.6371	-40.1304
-13.6868	-40.9038
-14.0804	-41.2008
-14.6709	-41.6544
-15.5566	-42.3439
-16.8851	-43.3959
-17.3832	-43.9676
-18.1305	-44.8509
-19.2515	-46.1789
-20.9328	-48.1155
-23.1451	-50.5524
-22.9086	-49.6513
-22.5539	-48.3071
-22.0219	-46.3041
-21.2239	-43.3246
-20.0269	-38.8905
-18.2314	-32.3008
-15.5382	-22.5799
-11.4983	-8.52404
-6.83827	4.0183
-2.17827	18.9915
2.48173	32.1284
3.64673	33.6959
5.39423	35.0271
5.55806	35.1545
5.8038	35.3452
6.17241	35.6351
6.72533	36.0657
7.55471	36.6792
7.86573	36.9014
8.33226	37.2223
8.50721	37.3405
8.76963	37.5175
9.16326	37.7742
9.31087	37.8679
9.53229	38.0123
9.86441	38.2408
10.3626	38.5613
11.1099	38.9749
12.2308	39.7348
13.9122	40.9727
14.5427	41.5412
15.4885	42.6893
15.8432	43.1212
16.3752	43.765
17.1732	44.7143
17.4724	45.0645
17.9213	45.5841
18.3702	46.0959
18.8191	46.6019
19.4924	47.3557
20.5024	48.5032
22.0173	50.1996
22.5854	50.8397
23.1624	51.4697
22.8428	50.2536
22.3635	48.4428
21.6445	45.7503
20.566	41.7495
18.9482	35.8014
16.5215	26.9942
12.8815	14.1266
8.22149	0.790487
3.56149	-13.9392
-1.17697	-28.1634
-2.42518	-31.4553
-2.89327	-32.4066
-3.59539	-33.0954
-4.64857	-33.9477
-5.04351	-34.2713
-5.19161	-34.3919
-5.41377	-34.5708
-5.747	-34.8353
-6.24685	-35.2246
-6.99663	-35.8037
-7.27779	-36.0191
-7.69954	-36.3343
-8.33216	-36.7936
-8.5694	-36.9643
-8.92525	-37.2177
-9.45902	-37.5892
-9.65919	-37.727
-9.95944	-37.9419
-10.4098	-38.2707
-11.0854	-38.7588
-11.3387	-38.9378
-11.7187	-39.2369
-12.2887	-39.6674
-13.1437	-40.544
-14.4262	-42.1047
-14.7468	-42.4943
-15.0675	-42.8837
-15.5484	-43.4635
-16.2698	-44.3176
-16.8109	-44.9568
-17.3519	-45.5882
-18.1635	-46.5243
-18.4679	-46.8779
-18.9244	-47.4057
-19.6092	-48.1928
-20.6363	-49.387
-22.1771	-51.1298
-24.4882	-53.4699
-25.3549	-54.2619
-26.6549	-55.3823
-27.1424	-55.7957
-27.8736	-56.4145
-28.1478	-56.6449
-28.5592	-56.9865
-29.1762	-57.4927
-30.1016	-58.2327
-30.4487	-58.5047
-30.9693	-58.9112
-31.7502	-59.5281
-32.043	-59.7525
-32.4823	-60.0721
-33.1411	-60.5489
-33.3882	-60.7169
-33.7588	-60.9713
-34.3147	-61.3605
-34.7514	-61.6549
-34.6732	-61.3499
-34.5559	-60.8934
-34.38	-60.2108
-34.1162	-59.1909
-33.7204	-57.6687
-33.1268	-55.4041
-32.2363	-52.0408
-30.9006	-47.0506
-28.897	-39.6525
-25.8916	-28.8082
-21.3836	-13.3105
-20.1354	-9.41616
-18.2631	-4.7759
-15.4546	2.67321
-11.2418	16.0218
-6.24899	29.9652
-5.93693	30.6255
-5.46885	31.2706
-4.76673	31.866
-3.71355	32.6459
-3.31861	32.9217
-2.72619	33.3168
-1.83757	33.8796
-0.50464	34.6442
-0.00479051	34.9143
0.744984	35.3007
1.86964	35.8494
2.29139	36.0602
2.92402	36.3635
3.87295	36.7585
4.2288	36.8875
4.76257	37.0789
5.56323	37.3861
5.86348	37.5046
6.31386	37.6783
6.48275	37.7433
6.73608	37.8414
7.11608	37.9895
7.68608	38.2171
8.54109	38.5685
9.8236	39.1758
10.3045	39.4121
11.0259	39.7898
12.1081	40.502
13.7312	41.6644
14.3399	42.108
15.253	42.7905
16.6225	43.8361
17.1361	44.2226
17.9065	45.1099
19.062	46.4717
20.7954	48.4738
21.4454	49.2184
22.4204	50.3099
22.786	50.7194
23.3344	51.3184
24.1571	52.1758
25.3911	53.4394
27.2421	55.2845
30.0185	57.7603
30.2788	58.0071
30.6693	58.3267
31.2549	58.7813
32.1334	59.463
32.4629	59.7069
32.957	60.0666
33.1423	60.2007
33.4203	60.401
33.8372	60.699
34.4626	61.1398
34.6972	61.3042
34.851	61.407
34.7191	60.8966
34.5212	60.1338
34.2244	58.995
33.7792	57.297
33.1113	54.7678
32.1095	51.0034
30.6068	45.4066
28.3528	37.1214
24.9718	24.9809
19.9789	8.51327
14.9861	-4.88418
9.99321	-20.3147
5.00035	-31.8078
3.75213	-32.7304
3.28405	-33.0561
2.58193	-33.5241
1.52875	-34.1847
-0.0510213	-35.07
-0.643435	-35.3616
-1.53206	-35.7456
-1.86529	-35.8848
-1.99025	-35.9357
-2.1777	-36.0061
-2.45886	-36.098
-2.88061	-36.2208
-3.51323	-36.3989
-4.46216	-36.6696
-4.81801	-36.7737
-5.35179	-36.9262
-6.15245	-37.1568
-6.4527	-37.2491
-6.90307	-37.3894
-7.57863	-37.6103
-8.59197	-37.97
-8.97197	-38.1144
-9.54197	-38.3329
-10.397	-38.6768
-11.6795	-39.2171
-13.6032	-40.1564
-14.3247	-40.5438
-15.4068	-41.1676
-17.0299	-42.2326
-17.6386	-42.8169
-18.5517	-43.9127
-19.9212	-45.5378
-21.2908	-47.1561
-22.6603	-48.7755
-24.7146	-51.2139
-27.7961	-54.7886
-28.5665	-55.637
-29.3369	-56.4555
-30.4924	-57.6544
-30.9258	-58.0748
-31.5758	-58.6942
-32.5508	-59.5898
-32.9164	-59.9175
-33.4648	-60.3697
-34.2875	-61.0058
-34.3785	-61.0501
-34.2628	-60.6049
-34.0893	-59.9389
-33.829	-58.9433
-33.4386	-57.4558
-32.8529	-55.2365
-31.9744	-51.9287
-30.6567	-47.0025
-28.68	-39.6841
-25.7151	-28.9241
-21.2678	-13.4901
-16.2749	-0.21292
-11.282	15.4612
-6.28919	29.4721
-5.04097	31.7149
-4.57289	32.1009
-3.87077	32.6048
-2.81759	33.3122
-1.23782	34.2741
-0.645405	34.61
-0.42325	34.7317
-0.0900168	34.9104
0.409833	35.1572
1.15961	35.4817
2.28427	35.9122
2.70602	36.0463
3.33864	36.224
4.28757	36.4889
4.64342	36.5879
5.1772	36.7323
5.97786	36.9555
6.27811	37.0448
6.72848	37.1831
7.06626	37.2885
7.40404	37.3972
7.91071	37.5627
8.67071	37.8273
9.81072	38.2506
10.0245	38.3383
10.2382	38.4268
10.5588	38.5588
11.0398	38.7578
11.7612	39.0732
12.8433	39.5836
13.6549	39.9974
14.4665	40.4285
15.6839	41.1449
17.5099	42.63
20.249	45.8356
21.2762	47.0338
22.0466	47.9386
22.8169	48.8326
23.9725	50.1778
24.8392	51.207
25.7058	52.2266
27.0058	53.7378
28.9558	55.8847
29.6871	56.6579
29.9613	56.94
30.3726	57.3976
30.9896	58.0111
31.9151	58.9145
32.2622	59.2413
32.7828	59.7181
32.978	59.8966
33.2708	60.1607
33.7101	60.5417
34.3689	61.0587
34.5427	61.1701
34.4501	60.8151
34.3111	60.2837
34.1026	59.4884
33.7899	58.2995
33.3209	56.5249
32.6173	53.8801
31.5619	49.9405
29.9788	44.0767
27.6042	35.3995
24.0423	22.6984
19.0494	6.68782
14.0566	-7.19049
9.06373	-22.4556
7.81552	-25.9626
5.9432	-30.5193
5.24108	-31.6298
4.18789	-32.4375
3.79295	-32.7165
3.20054	-33.1238
2.31191	-33.6903
0.978982	-34.4869
0.479132	-34.7631
-0.2526	-35.1431
-0.515021	-35.2668
-0.908652	-35.4406
-1.4991	-35.6801
-2.38477	-35.9768
-2.60619	-36.0402
-2.82761	-36.1003
-3.15973	-36.1901
-3.65792	-36.3289
-4.40521	-36.5384
-5.52613	-36.8429
-5.94648	-36.9604
-6.577	-37.1408
-7.52279	-37.433
-7.87745	-37.5474
-8.40946	-37.7296
-9.20746	-38.0243
-9.50671	-38.1369
-9.95559	-38.3058
-10.6289	-38.5772
-11.6389	-39.0026
-13.1538	-39.711
-15.4263	-40.9452
-16.2784	-41.4724
-17.5567	-42.5593
-19.4741	-44.8405
-20.1931	-45.6954
-21.2716	-46.977
-21.676	-47.4597
-22.2827	-48.1747
-23.1927	-49.2434
-24.5577	-50.8773
-25.9227	-52.501
-27.2877	-54.075
-27.7996	-54.6531
-28.5674	-55.502
-29.7191	-56.724
-30.0071	-57.0332
-30.295	-57.3626
-30.7269	-57.7946
-31.3747	-58.4335
-32.3465	-59.375
-32.7109	-59.7168
-33.2575	-60.2173
-33.4625	-60.4018
-33.77	-60.6708
-34.2312	-61.0446
-34.923	-61.5566
-35.9607	-62.2981
-36.3499	-62.5713
-36.4958	-62.6731
-36.7147	-62.8258
-36.7968	-62.883
-36.9199	-62.9679
-37.1046	-63.0934
-37.3816	-63.2771
-37.7972	-63.5428
-37.953	-63.6414
-38.1868	-63.788
-38.5374	-63.9974
-39.0634	-64.2892
-39.2606	-64.4075
-39.5564	-64.5815
-40.0002	-64.8407
-40.6658	-65.2345
-41.6643	-65.8321
-42.0387	-66.0485
-42.1791	-66.1287
-42.3897	-66.2492
-42.7057	-66.4276
-43.1795	-67.1767
-43.8904	-68.9297
-44.9566	-71.4716
-46.5559	-75.0865
-46.0443	-73.0276
-45.1447	-69.497
-43.7952	-64.2914
-41.7711	-56.644
-38.7348	-45.4363
-34.1804	-29.1489
-29.5204	-13.4899
-24.8604	-1.57961
-20.2004	13.0632
-15.5404	26.8435
-14.3754	29.6779
-13.9386	30.6559
-13.2832	31.8741
-13.0375	32.1512
-12.6689	32.4525
-12.116	32.8523
-11.2866	33.4027
-10.0425	34.1738
-9.57599	34.4747
-8.8762	34.9011
-7.82652	35.4709
-7.43289	35.6635
-6.84244	35.8835
-5.95677	36.0749
-5.62464	36.1391
-5.12645	36.2308
-4.37917	36.3649
-4.09894	36.4149
-3.67859	36.4891
-3.04807	36.6043
-2.81162	36.6497
-2.45695	36.7182
-1.92495	36.8199
-1.52595	36.8983
-1.12695	36.9785
-0.528443	37.1055
0.369311	37.3064
0.59375	37.3597
0.818188	37.4141
1.15485	37.5009
1.65983	37.6362
2.41731	37.8433
2.70137	37.9232
3.12745	38.0433
3.76657	38.2409
4.72526	38.5607
5.08477	38.6836
5.62403	38.8708
5.82625	38.9406
6.12959	39.0459
6.58459	39.2039
6.75521	39.263
6.75921	39.2644
6.76521	39.2664
6.77421	39.2696
6.7877	39.2742
6.80795	39.2812
6.83832	39.2918
6.88387	39.3075
6.9522	39.3312
7.05469	39.3668
7.20842	39.4208
7.43903	39.5037
7.78493	39.6248
8.30379	39.8097
9.08208	40.0987
10.2495	40.5435
10.6873	40.7149
11.344	40.9796
11.5902	41.0793
11.9596	41.2336
12.0981	41.2924
12.3059	41.3811
12.6176	41.5192
13.0851	41.7311
13.7863	42.0673
14.0493	42.1936
14.4438	42.3869
15.0355	42.6894
15.923	43.1538
16.5886	43.5105
16.755	43.604
17.0046	43.7468
17.3791	43.9658
17.9407	44.3003
18.7832	44.842
19.0991	45.053
19.2175	45.1324
19.3953	45.2518
19.6618	45.4317
20.0616	45.703
20.6614	46.121
21.561	46.7557
22.9105	47.7362
23.9226	48.7382
24.9346	49.9236
26.4528	51.6397
26.8323	52.0672
27.4016	52.7428
27.6151	52.9936
27.6951	53.0824
27.8152	53.2139
27.9954	53.4113
28.2656	53.7052
28.6708	54.1459
29.2788	54.8122
29.5068	55.0651
29.8487	55.4423
29.977	55.5829
30.1693	55.7933
30.4578	56.1051
30.8906	56.5699
31.5398	57.2721
32.5136	58.2863
32.8788	58.6562
33.4266	59.1938
34.2482	59.9556
34.5563	60.2261
35.0185	60.6099
35.7118	61.1502
36.7517	61.8652
37.1416	62.0874
37.7266	62.4432
38.604	62.9555
38.7685	63.0562
38.8096	63.082
38.8713	63.1207
38.9638	63.1787
39.1026	63.2663
39.1547	63.2995
39.2328	63.3495
39.3499	63.4242
39.3938	63.4524
39.4597	63.4946
39.5585	63.5576
39.7067	63.6506
39.9291	63.7879
40.2626	63.9913
40.7629	64.2985
41.5133	64.8897
41.7947	65.5077
42.2168	66.4971
42.85	67.9804
43.7997	70.1551
45.2243	73.2716
45.8388	74.4124
45.0374	71.2707
43.8354	66.6432
42.0324	59.8118
39.3279	49.71
35.2711	34.9848
30.6111	18.7079
25.951	5.23836
21.291	-8.05585
16.6311	-22.085
15.4661	-25.2889
13.7186	-29.4853
13.2817	-30.4297
12.8448	-31.2168
12.681	-31.4385
12.4352	-31.6732
12.0666	-31.9771
11.5137	-32.4028
10.6843	-33.0044
10.3733	-33.2147
9.90677	-33.5286
9.20698	-34.0084
8.1573	-34.6835
7.10761	-35.2155
6.84519	-35.3109
6.45156	-35.4197
6.30395	-35.456
6.08253	-35.5065
5.7504	-35.5783
5.25221	-35.6801
5.06539	-35.7174
4.78516	-35.7729
4.36481	-35.8571
4.20718	-35.8889
3.97074	-35.9363
3.61607	-36.0085
3.08407	-36.1191
2.28606	-36.2869
1.08906	-36.5519
-0.706451	-36.9686
-1.04311	-37.0537
-1.37977	-37.1398
-1.88475	-37.2717
-2.64223	-37.4709
-3.77845	-37.7821
-4.63062	-38.028
-5.48278	-38.29
-6.76103	-38.6929
-7.24038	-38.8545
-7.95939	-39.0884
-9.03791	-39.4632
-9.44236	-39.6004
-10.049	-39.8119
-10.959	-40.145
-11.6415	-40.4003
-12.1534	-40.5918
-12.6653	-40.7837
-12.8572	-40.8568
-13.1452	-40.9674
-13.5771	-41.1413
-14.2249	-41.3974
-14.4679	-41.4906
-14.8323	-41.6294
-15.3789	-41.8376
-15.5839	-41.9155
-15.8913	-42.0328
-16.3525	-42.2042
-17.0444	-42.461
-17.3038	-42.5612
-17.6929	-42.7105
-17.8389	-42.7686
-18.0578	-42.8606
-18.3861	-43.0034
-18.8786	-43.2244
-19.6174	-43.5749
-20.7255	-44.139
-22.3878	-45.0491
-23.0111	-45.4196
-23.9461	-46.0044
-24.2967	-46.3276
-24.8227	-46.9443
-25.6116	-47.8443
-26.7949	-49.149
-27.2387	-49.6391
-27.4051	-49.8529
-27.6547	-50.1659
-28.0291	-50.5855
-28.5908	-51.2099
-28.8014	-51.4468
-29.1173	-51.805
-29.5912	-52.3435
-30.0651	-52.8826
-30.7759	-53.7032
-31.8421	-54.9412
-32.242	-55.3988
-32.8417	-56.0736
-33.7413	-57.0632
-35.0908	-58.4808
-35.5968	-58.9947
-35.7866	-59.1825
-36.0712	-59.4584
-36.4982	-59.8606
-36.6583	-60.0066
-36.8985	-60.2148
-37.2588	-60.4984
-37.7992	-60.9399
-38.0018	-61.0995
-38.3058	-61.3471
-38.7617	-61.7066
-39.4456	-62.2803
-40.4715	-63.1283
-40.8562	-63.435
-41.0005	-63.5507
-41.2169	-63.721
-41.5415	-63.9692
-41.6632	-64.1299
-41.8458	-64.62
-42.1197	-65.3615
-42.5305	-66.4421
-43.1468	-68.0361
-44.0711	-70.3794
-45.4576	-73.8563
-45.9776	-75.2186
-46.4425	-76.3474
-46.15	-75.1783
-45.7113	-73.4428
-45.0533	-70.8715
-44.0662	-67.068
-42.5856	-61.4301
-40.3647	-53.0763
-37.0332	-40.8368
-32.3732	-24.2263
-27.7132	-9.31192
-23.0532	3.11748
-18.3932	17.479
-13.7332	29.9857
-12.5682	31.9498
-11.6945	32.6414
-10.8207	33.2535
-9.51011	34.094
-9.01863	34.4175
-8.2814	34.8702
-7.17556	35.3638
-6.76087	35.4773
-6.13884	35.617
-5.90557	35.6664
-5.8181	35.6845
-5.68689	35.7113
-5.63769	35.7212
-5.61924	35.7249
-5.59156	35.7305
-5.55004	35.739
-5.48777	35.7519
-5.39436	35.7709
-5.25424	35.7993
-5.04407	35.8417
-4.72881	35.9047
-4.25592	36.0003
-3.54658	36.1455
-2.48257	36.3617
-2.08357	36.4444
-1.48507	36.5717
-0.587315	36.7626
0.759316	37.0636
1.2643	37.1864
2.02178	37.3791
2.58989	37.5309
3.158	37.6827
4.01017	37.9191
4.32973	38.0106
4.80907	38.1522
5.52809	38.3687
6.60661	38.7171
7.01105	38.8543
7.61772	39.0646
8.52773	39.3743
8.86898	39.4883
9.38085	39.6555
10.1487	39.9231
11.3004	40.3369
11.7323	40.4942
12.3801	40.7329
13.3519	41.0942
13.7163	41.2328
13.853	41.2858
14.0579	41.3683
14.3654	41.491
14.8266	41.6657
15.5184	41.931
16.5562	42.3218
16.9453	42.4698
17.529	42.6973
17.7479	42.7841
18.0763	42.9166
18.5688	43.1257
18.7535	43.2056
19.0305	43.3307
19.4461	43.5241
20.0694	43.8295
20.3031	43.9479
20.6538	44.1285
21.1797	44.4025
21.9686	44.8284
23.152	45.5201
23.5957	45.7943
24.2614	46.2774
25.2598	47.4016
25.6343	47.8164
26.1959	48.4231
26.4065	48.6487
26.7224	48.9832
27.1963	49.544
27.374	49.7397
27.6406	50.0238
28.0404	50.4464
28.6402	51.081
29.5398	52.0546
29.8772	52.4185
30.3832	52.9669
31.1423	53.818
31.4269	54.1434
31.8539	54.6317
32.4943	55.3563
33.455	56.4277
33.8153	56.8266
34.3557	57.4115
35.1663	58.2616
35.4702	58.5744
35.4987	58.6035
35.5415	58.6472
35.6056	58.7123
35.6296	58.7366
35.6657	58.7728
35.7198	58.8268
35.801	58.9081
35.9227	59.027
36.1053	59.2015
36.3792	59.4512
36.79	59.781
36.944	59.9101
37.1751	60.1084
37.5217	60.3994
38.0417	60.8459
38.8216	61.5139
38.8399	61.5299
38.8673	61.554
38.9084	61.5902
38.9701	61.6443
38.9933	61.6647
39.028	61.6952
39.08	61.7412
39.1581	61.8099
39.2752	61.9126
39.4509	62.0654
39.7144	62.291
39.8132	62.3746
39.8503	62.4058
39.9059	62.4523
39.9893	62.5215
40.1143	62.6242
40.3019	62.7755
40.5833	63.0051
41.0054	63.3494
41.1637	63.4708
41.4012	63.6684
41.7573	64.5025
42.2915	65.9
43.0929	67.9607
44.2949	70.9867
46.0979	75.5051
46.4259	76.2421
45.4117	72.2669
43.8904	66.4314
41.6085	57.8202
38.1856	45.1702
33.5256	28.4723
28.8656	12.7661
24.2056	0.234784
19.5456	-13.9837
18.3806	-17.5094
16.6331	-22.624
14.0118	-29.2277
13.0288	-31.2113
12.6602	-31.6741
12.522	-31.8002
12.3146	-31.974
12.0036	-32.2202
11.5371	-32.5756
10.8373	-33.0714
9.78763	-33.7606
8.2131	-34.769
7.62266	-35.0713
6.73699	-35.3376
5.85132	-35.5376
5.6299	-35.5856
5.54687	-35.6033
5.42232	-35.6296
5.2355	-35.6679
4.95527	-35.7246
4.53492	-35.8102
3.9044	-35.9419
2.95861	-36.1458
2.24928	-36.2964
1.53994	-36.4475
0.475936	-36.6796
0.0769338	-36.7696
-0.0778842	-36.8055
-0.318354	-36.8621
-0.679059	-36.9493
-1.22012	-37.0877
-2.0317	-37.2995
-2.33605	-37.3799
-2.79256	-37.5011
-3.47734	-37.6856
-3.99092	-37.8311
-4.5045	-37.9807
-5.27488	-38.2091
-6.43044	-38.5717
-6.86377	-38.7108
-7.51377	-38.9305
-7.75752	-39.015
-8.12315	-39.1407
-8.67159	-39.3309
-9.49425	-39.6069
-9.80275	-39.7092
-10.2655	-39.8687
-10.9596	-40.1187
-12.0008	-40.5065
-12.3912	-40.6532
-12.9769	-40.875
-13.8554	-41.218
-14.1848	-41.3427
-14.3084	-41.3891
-14.4937	-41.4587
-14.7716	-41.5708
-15.1886	-41.7295
-15.814	-41.9687
-16.7521	-42.3215
-17.1039	-42.4472
-17.6316	-42.6429
-17.6811	-42.6614
-17.7553	-42.6892
-17.8666	-42.7316
-18.0335	-42.7951
-18.284	-42.892
-18.6597	-43.0518
-19.2232	-43.2975
-19.4345	-43.3895
-19.7514	-43.5303
-20.2269	-43.7546
-20.9401	-44.1109
-21.007	-44.1448
-21.1072	-44.1958
-21.2577	-44.274
-21.4833	-44.3919
-21.8218	-44.5686
-22.3296	-44.8394
-23.0911	-45.2649
-24.2335	-45.928
-24.6619	-46.2836
-25.3045	-47.0155
-26.2684	-48.0799
-26.3588	-48.1794
-26.4943	-48.3277
-26.6976	-48.5485
-26.7739	-48.6315
-26.8883	-48.7808
-27.0598	-49.0011
-27.3171	-49.2944
-27.7031	-49.7162
-28.2821	-50.3454
-28.4992	-50.5825
-28.8249	-50.9426
-29.3134	-51.4822
-30.0462	-52.2805
-31.1454	-53.5022
-31.9698	-54.4418
-32.7941	-55.3593
-33.1033	-55.7064
-33.567	-56.2217
-34.2626	-56.9753
-35.3059	-58.0521
-35.6972	-58.4355
-36.2841	-58.9681
-36.5042	-59.1408
-36.8343	-59.4064
-37.3295	-59.8298
-37.5152	-59.996
-37.5848	-60.0596
-37.6892	-60.1543
-37.8459	-60.2946
-38.0809	-60.5023
-38.4335	-60.8162
-38.9623	-61.2929
-39.7555	-61.9836
-40.0529	-62.2349
-40.1644	-62.3295
-40.3318	-62.4738
-40.5827	-62.6914
-40.9592	-63.0165
-41.5239	-63.9902
-41.7356	-64.5591
-42.0533	-65.411
-42.5297	-66.6744
-43.2444	-68.5466
-44.3164	-71.3697
-45.9244	-75.7195
-46.5274	-77.294
-47.432	-79.5259
-48.7887	-82.7313
-50.8239	-87.3229
-53.8766	-93.6713
-55.0214	-95.8685
-56.7386	-98.9646
-59.3143	-103.245
-63.1779	-108.833
-68.1708	-114.796
-69.107	-115.76
-69.7569	-116.344
-69.4058	-114.861
-68.8792	-112.668
-68.0893	-109.434
-66.9045	-104.687
-65.1273	-97.7308
-62.4614	-87.5552
-58.4626	-72.7459
-53.4698	-54.7439
-48.4769	-37.2574
-43.484	-20.4186
-42.2358	-16.3356
-40.3635	-10.6445
-37.555	-4.45909
-33.3423	3.4557
-28.3494	17.4256
-23.3566	30.9308
-22.1084	33.9526
-20.236	37.5834
-19.5339	38.4
-19.2706	38.5453
-18.8757	38.7266
-18.2833	38.911
-18.0611	38.9645
-17.7279	39.0343
-17.228	39.132
-17.1343	39.1508
-17.0406	39.1694
-16.9	39.197
-16.6891	39.2388
-16.3728	39.3022
-16.1356	39.3513
-15.8984	39.4028
-15.5425	39.4801
-15.0087	39.5994
-14.6084	39.6893
-14.2081	39.7823
-13.6076	39.9269
-13.3824	39.9839
-13.0446	40.0725
-12.5379	40.2111
-11.7779	40.4208
-11.4929	40.4958
-11.0654	40.602
-10.4242	40.7423
-9.4623	40.9294
-8.01948	41.2339
-7.47842	41.3457
-6.66684	41.5137
-6.36249	41.5756
-5.90597	41.6695
-5.2212	41.8112
-4.96441	41.8655
-4.57922	41.9481
-4.00144	42.0735
-3.13477	42.2633
-1.83477	42.5602
0.115238	43.0063
1.57774	43.3444
3.04025	43.6798
3.58869	43.8086
4.41134	44.0016
4.71984	44.0745
5.18259	44.1833
5.8767	44.3509
6.91788	44.607
7.30832	44.7032
7.89398	44.8473
8.77248	45.0641
9.10191	45.1451
9.59607	45.2763
9.78137	45.3203
10.0593	45.3842
10.4763	45.4831
11.1017	45.6603
11.3362	45.7219
11.688	45.8134
12.2157	45.9495
13.0072	46.1787
14.1945	46.5129
14.6398	46.6424
15.3076	46.841
16.3094	47.1616
17.8121	47.6818
20.0661	48.4987
20.2775	48.5769
20.5944	48.6931
21.0699	48.8552
21.1145	48.8718
21.1813	48.8973
21.2816	48.9357
21.4321	48.9916
21.6577	49.0746
21.9962	49.2083
22.5039	49.419
23.2655	49.7624
24.4079	50.293
26.1215	51.116
28.6919	52.4478
29.6558	52.9957
31.1016	54.2115
31.6438	54.7707
32.4571	55.6066
32.762	55.9096
33.2195	56.5649
33.9057	57.9616
34.935	60.1883
36.479	63.6399
38.7949	68.9391
42.2689	77.1642
47.2617	87.935
52.2546	97.2797
53.5028	99.3675
55.3751	102.299
58.1836	106.316
62.3963	111.442
63.6445	112.804
65.5169	114.691
68.3253	117.221
69.3785	118.099
68.8417	115.46
66.472	106.021
62.9176	92.3747
57.9247	73.939
52.9318	56.0392
47.939	38.6799
42.9461	21.9953
37.9533	7.42069
32.9604	0.104845
31.7122	-1.53748
29.8399	-4.96283
27.0314	-12.2194
22.8187	-23.1768
21.5705	-26.379
19.6981	-30.9591
16.8897	-36.4045
16.6264	-36.7668
16.2314	-37.1184
15.639	-37.4884
15.4168	-37.6085
15.0836	-37.751
14.9587	-37.7916
14.7712	-37.8473
14.49	-37.9296
14.0683	-38.054
13.4357	-38.2382
12.4867	-38.5166
11.0633	-38.9089
10.5296	-39.0634
9.7289	-39.2978
8.52791	-39.6129
6.72642	-40.0864
6.05086	-40.2747
5.03752	-40.5503
3.51751	-40.9517
1.2375	-41.5198
-0.472508	-41.9029
-2.18252	-42.3105
-2.61002	-42.4151
-3.25127	-42.5701
-4.21315	-42.801
-5.65597	-43.1487
-6.19703	-43.279
-6.73808	-43.4084
-7.54967	-43.603
-7.85402	-43.6767
-8.08227	-43.7321
-8.31053	-43.7868
-8.65292	-43.8684
-9.1665	-43.9902
-9.35909	-44.0361
-9.64798	-44.1056
-10.0813	-44.2148
-10.4063	-44.298
-10.7313	-44.3779
-11.2188	-44.4957
-11.4016	-44.5387
-11.6759	-44.6128
-12.0872	-44.7084
-12.2414	-44.744
-12.4728	-44.7973
-12.8199	-44.8768
-12.95	-44.9066
-13.1452	-44.9507
-13.4381	-45.0155
-13.8773	-45.1159
-14.5362	-45.2844
-14.7833	-45.3571
-15.1539	-45.4745
-15.7098	-45.6192
-16.5437	-45.8303
-17.7945	-46.1543
-18.2636	-46.2774
-18.9671	-46.4609
-20.0225	-46.7391
-21.6056	-47.1997
-23.9802	-47.9173
-24.8707	-48.1844
-26.2064	-48.5928
-28.21	-49.2326
-28.9613	-49.494
-30.0883	-49.8557
-30.511	-50.0143
-31.1449	-50.2487
-32.0958	-50.6264
-33.5222	-51.2408
-34.0571	-51.5195
-34.8594	-52.2073
-36.0629	-53.3021
-37.8682	-54.9185
-38.5452	-55.7122
-39.5606	-57.9337
-41.0838	-61.5233
-43.3686	-67.2933
-46.7957	-75.6081
-48.044	-78.508
-49.9163	-82.7439
-52.7248	-89.0647
-56.9375	-97.8797
-58.1857	-100.344
-60.058	-103.86
-62.8665	-108.603
-67.0792	-114.21
-68.3275	-115.619
-69.6002	-116.844
-68.8981	-113.922
-67.8449	-109.634
-66.2652	-103.358
-63.8955	-94.1835
-60.341	-80.8426
-55.3482	-62.6578
-50.3553	-45.0159
-45.3624	-28.031
-40.3696	-12.1867
-35.3767	-2.57329
-34.1285	-1.00507
-32.2562	1.25671
-29.4477	5.91336
-28.3945	8.37297
-26.8148	12.5386
-24.4451	18.8675
-20.8906	28.0123
-19.6424	30.8473
-17.7701	34.4619
-17.068	35.3791
-16.0148	36.0661
-15.6198	36.2522
-15.0274	36.4283
-14.1388	36.6737
-13.8056	36.7647
-13.3057	36.9018
-12.5559	37.1079
-12.2748	37.1833
-11.853	37.2982
-11.2204	37.4737
-10.2715	37.7495
-8.84807	38.144
-8.31429	38.2855
-7.51363	38.5011
-6.31264	38.839
-4.51115	39.3389
-1.80891	40.0275
-0.795574	40.2658
0.724434	40.6138
1.29444	40.758
2.14944	40.9711
2.47007	41.0501
2.95101	41.1697
3.67242	41.3539
4.75453	41.626
5.16033	41.7274
5.76902	41.8767
6.68205	42.0967
7.02444	42.1797
7.53802	42.3066
8.30839	42.4996
9.46395	42.7922
9.89729	42.9002
10.5473	43.062
11.5223	43.3031
11.8879	43.3894
12.4364	43.5143
12.8477	43.6054
13.259	43.6994
13.2976	43.7088
13.3554	43.723
13.4422	43.7437
13.5723	43.7747
13.7676	43.8215
14.0604	43.8939
14.1702	43.9206
14.3349	43.9614
14.582	44.0235
14.9526	44.1327
15.5085	44.2721
15.717	44.3239
15.7952	44.3435
15.9124	44.3734
16.0883	44.4184
16.3522	44.4856
16.7479	44.6028
17.3416	44.7665
18.2321	45.0106
18.566	45.1012
19.0669	45.2374
19.8182	45.4469
20.9453	45.773
22.6358	46.2918
23.2697	46.494
24.2206	46.7813
25.647	47.2183
27.7866	47.9008
28.5889	48.1634
29.7924	48.5612
31.5977	49.1947
32.2746	49.4559
32.5285	49.5598
32.9093	49.7186
33.4805	50.0379
34.3373	50.74
35.6225	51.8703
37.5503	53.4937
38.2732	54.0788
38.5443	54.2938
38.9509	54.8431
39.5609	56.1449
40.4758	58.3217
41.8482	61.7867
43.9068	67.0614
46.9948	74.7524
51.6267	85.1207
52.8749	88.0041
54.7472	92.2367
57.5557	98.1436
61.7684	106.092
66.7613	113.815
68.0095	115.407
69.8818	117.469
69.2161	114.688
68.1629	110.409
66.5831	104.155
64.2135	95.0236
60.659	81.755
55.6661	63.6628
50.6733	46.0814
45.6804	29.2007
44.4322	25.0881
42.5599	19.0681
39.7514	10.8128
35.5387	2.74992
34.2904	1.07915
32.4181	-1.25911
29.6096	-5.57231
28.5565	-7.60829
26.9767	-11.4483
24.607	-17.6556
21.0525	-26.7889
19.8043	-29.6024
17.932	-33.2794
17.2299	-34.1802
16.1767	-34.8892
14.5969	-35.6585
14.0045	-35.8429
13.1159	-36.1175
11.783	-36.5223
11.2831	-36.681
10.5333	-36.9153
9.40867	-37.2733
7.72168	-37.7757
7.08906	-37.9611
6.14013	-38.2475
4.71673	-38.6657
2.58163	-39.264
-0.60377	-40.1016
-1.38219	-40.3045
-2.16061	-40.5208
-3.32825	-40.8354
-3.76611	-40.9517
-4.4229	-41.1259
-5.40809	-41.3776
-6.88588	-41.7395
-7.44005	-41.875
-8.2713	-42.075
-8.58302	-42.15
-9.0506	-42.2633
-9.22595	-42.3104
-9.48896	-42.3808
-9.88348	-42.4789
-10.4753	-42.6259
-10.6972	-42.6813
-11.0301	-42.765
-11.1549	-42.796
-11.3421	-42.8503
-11.623	-42.9204
-11.7283	-42.9457
-11.8863	-42.9833
-12.1233	-43.0397
-12.4788	-43.1238
-13.012	-43.2516
-13.2119	-43.3013
-13.2869	-43.3201
-13.3994	-43.3482
-13.5681	-43.3901
-13.8211	-43.4534
-14.2007	-43.5479
-14.7701	-43.693
-15.6242	-43.9167
-15.9445	-44.0013
-16.4249	-44.1302
-17.1456	-44.3722
-17.4158	-44.4531
-17.8212	-44.5702
-18.4292	-44.7437
-19.3413	-45.0123
-19.4268	-45.0386
-19.555	-45.0781
-19.7474	-45.1373
-20.036	-45.2258
-20.4689	-45.3593
-21.1182	-45.561
-22.0921	-45.8571
-23.5531	-46.3089
-24.1009	-46.4745
-24.9227	-46.7216
-26.1554	-47.101
-28.0044	-47.6919
-30.7779	-48.6277
-31.818	-48.995
-32.208	-49.1317
-32.793	-49.5556
-33.6706	-50.2893
-33.9997	-50.5754
-34.4933	-50.9982
-35.2337	-51.6434
-35.5114	-51.893
-35.9279	-52.263
-36.5526	-52.8076
-37.4897	-53.5834
-38.8954	-54.6548
-39.4225	-55.0271
-39.6202	-55.1629
-39.9167	-55.3579
-40.3615	-56.0109
-41.0286	-57.4744
-42.0294	-59.8456
-43.5304	-63.664
-45.782	-69.4277
-49.1595	-77.6216
-54.0136	-88.1426
-55.2272	-90.8899
-57.0475	-94.9498
-59.778	-100.613
-63.8737	-108.271
-68.7278	-115.369
-69.9414	-116.756
-71.7617	-118.508
-74.4922	-120.758
-78.5879	-123.622
-83.442	-126.444
-88.2962	-128.786
-93.1504	-130.78
-98.0045	-132.541
-102.859	-134.042
-107.713	-135.386
-112.567	-136.573
-115.579	-137.208
-114.365	-132.238
-112.545	-124.938
-109.814	-114.245
-105.719	-98.6749
-100.865	-80.7277
-96.0104	-63.2216
-91.1563	-46.1809
-86.3021	-29.7616
-81.4479	-14.4332
-76.5938	-3.13251
-71.7396	3.77973
-66.8854	9.09205
-65.6719	10.5971
-64.4584	12.3763
-62.638	15.8225
-59.9076	21.4575
-55.8119	29.6298
-54.5983	31.9935
-52.778	35.2397
-52.0954	36.3216
-51.8394	36.6973
-51.4554	37.1995
-50.8795	37.7208
-50.6635	37.8715
-50.3395	38.0937
-49.8536	38.4242
-49.1246	38.899
-48.8512	39.0688
-48.4412	39.3184
-47.8262	39.693
-46.9036	40.2294
-46.5576	40.4794
-46.0387	40.8628
-45.2603	41.4046
-44.0926	41.9735
-43.6548	42.1084
-42.998	42.2906
-42.0128	42.5616
-41.6433	42.6651
-41.0892	42.8171
-40.2579	43.0375
-39.011	43.3519
-37.1407	43.8144
-36.4393	43.9933
-35.3873	44.2651
-35.19	44.3159
-34.9928	44.3665
-34.6969	44.4412
-34.253	44.5506
-33.5873	44.7115
-32.5886	44.9415
-31.8397	45.1151
-31.0907	45.2884
-29.9672	45.5503
-28.2821	45.9667
-25.7543	46.5912
-25.5173	46.6497
-25.1618	46.7374
-24.6286	46.8687
-23.8288	47.0545
-22.6291	47.3297
-20.8295	47.749
-20.1547	47.9231
-19.9016	47.9966
-19.522	48.104
-18.9526	48.2653
-18.0985	48.4797
-16.8174	48.8013
-14.8957	49.3099
-14.1751	49.5069
-13.0941	49.8246
-11.4727	50.2952
-10.8646	50.4623
-9.95257	50.7072
-8.58448	51.0684
-6.53235	51.5941
-3.45415	52.4047
1.16315	53.5242
1.46653	53.6014
1.92161	53.7796
2.60423	54.1551
3.62815	54.7542
5.16404	55.6921
7.46788	57.116
8.33181	57.6223
8.65579	57.8023
9.14176	58.0689
9.32399	58.1623
9.59735	58.2998
9.69986	58.3597
9.85362	58.4425
10.0843	58.5582
10.4302	58.7334
10.9492	58.9916
11.7276	59.3868
12.0195	59.5351
12.4574	59.8831
13.1142	60.9873
14.0993	62.8165
15.5771	65.6621
17.7938	69.9477
21.1188	76.0657
25.973	83.8978
30.8272	90.5798
35.6813	96.0946
40.5355	100.782
41.749	101.856
43.5694	103.588
46.2998	106.701
47.3237	107.82
48.8596	109.465
51.1635	111.888
54.6192	115.185
59.4734	119.269
64.3276	122.506
67.9682	124.299
71.6088	125.803
76.463	127.613
81.3171	129.226
86.1713	130.617
91.0255	131.742
95.8796	132.712
100.734	133.548
105.588	134.232
110.442	134.65
115.296	134.59
116.49	134.52
116.035	132.68
115.352	129.943
114.329	125.881
112.793	119.877
110.489	111.033
107.033	98.0475
102.179	80.2462
97.3247	62.8422
92.4706	46.0276
87.6164	29.8847
82.7622	14.954
77.908	3.20999
73.0539	-4.58903
71.8403	-6.16116
70.02	-8.3019
67.2896	-11.2255
63.1939	-15.4948
58.3397	-21.6222
57.1261	-23.7379
55.3058	-27.1226
52.5754	-32.2245
51.5514	-34.0217
51.1675	-34.6556
50.5915	-35.5686
50.3755	-35.9026
50.0515	-36.3883
49.5656	-37.0658
48.8366	-37.8797
48.5633	-38.0827
48.1532	-38.374
47.5382	-38.7936
46.6156	-39.4756
46.2697	-39.7681
45.7507	-40.184
45.5561	-40.3319
45.2642	-40.5408
44.8263	-40.803
44.1695	-41.0817
43.1843	-41.4144
41.7066	-41.8978
39.4899	-42.5773
38.6586	-42.8514
37.4118	-43.2679
36.9442	-43.4246
36.2428	-43.6577
35.1907	-44.0056
33.6127	-44.5179
33.0209	-44.6926
32.1332	-44.9428
30.8017	-45.3025
30.3024	-45.4408
29.5534	-45.6457
28.4299	-45.9359
26.7448	-46.343
24.217	-46.9049
23.2691	-47.1032
22.3211	-47.2932
20.8993	-47.5807
18.7664	-48.0191
17.9666	-48.204
16.7669	-48.5082
16.317	-48.6204
15.6422	-48.7848
15.3891	-48.8536
15.0095	-48.961
14.4401	-49.1239
13.586	-49.3316
12.3049	-49.6426
11.8245	-49.7868
11.1038	-49.9706
10.8336	-50.0408
10.4282	-50.1718
9.8202	-50.3396
8.90814	-50.5908
7.54006	-50.9685
5.48792	-51.5343
2.40973	-52.3529
1.2554	-52.661
-0.476085	-53.1237
-3.07331	-53.806
-4.04728	-54.0627
-4.41251	-54.1492
-4.54947	-54.1858
-4.75492	-54.2368
-5.06309	-54.3151
-5.52534	-54.4509
-6.21871	-54.6562
-7.25878	-54.966
-7.6488	-55.083
-8.23384	-55.3686
-9.11139	-55.8613
-10.4277	-56.6637
-12.4022	-57.8355
-15.364	-59.4854
-16.4746	-60.0999
-18.1406	-60.9317
-18.2968	-61.0471
-18.5311	-61.3513
-18.8825	-61.8476
-19.4096	-62.6818
-20.2003	-64.0104
-21.3864	-66.0852
-23.1654	-69.2338
-25.834	-73.7432
-26.8347	-75.372
-28.3358	-77.7275
-30.5874	-81.0346
-33.9648	-85.4174
-38.819	-90.8203
-43.6732	-95.5145
-48.5273	-99.637
-53.3815	-103.347
-58.2357	-106.746
-59.4492	-107.766
-61.2695	-109.417
-64	-112.114
-68.0957	-115.707
-72.9499	-119.631
-77.804	-122.894
-82.6582	-125.637
-87.5124	-127.691
-92.3665	-129.285
-97.2207	-130.601
-102.075	-131.763
-106.929	-132.851
-111.783	-133.626
-116.363	-133.921
-115.149	-129
-113.329	-121.756
-110.598	-111.143
-106.503	-95.6337
-101.648	-77.7526
-96.7943	-60.3545
-91.9401	-43.5139
-87.0859	-27.402
-82.2318	-12.6922
-77.3776	-0.863347
-76.1641	1.34503
-74.3437	4.35311
-71.6133	8.30528
-70.5893	9.66918
-69.0535	11.5141
-66.7496	14.0677
-63.2939	17.791
-58.4397	23.4493
-53.5855	30.7002
-52.372	32.6341
-50.5517	35.1319
-50.0966	35.5126
-49.6415	35.9057
-48.9589	36.5416
-48.7029	36.7778
-48.319	37.1153
-47.743	37.5877
-46.8791	38.2144
-46.2311	38.6227
-45.7451	38.8603
-45.2592	39.0247
-44.5302	39.2578
-43.4368	39.6033
-41.7967	40.1153
-39.3365	40.8702
-38.4139	41.1491
-37.03	41.5746
-35.6462	42.0015
-35.1272	42.1634
-34.3488	42.4107
-33.1812	42.7829
-31.4297	43.286
-30.7729	43.4709
-29.7878	43.7405
-28.31	44.1439
-26.0933	44.7126
-25.262	44.9109
-24.0152	45.233
-23.5476	45.3582
-22.8462	45.5583
-22.5832	45.6325
-22.1887	45.7423
-21.5969	45.9034
-20.7092	46.1385
-19.3777	46.4862
-18.8784	46.6169
-18.1294	46.8136
-17.8486	46.8872
-17.4273	47.0164
-16.7953	47.1835
-15.8474	47.4301
-15.4919	47.5228
-14.9587	47.6771
-14.1589	47.8958
-12.9592	48.1967
-11.1596	48.6401
-10.9909	48.6831
-10.7379	48.7487
-10.3583	48.8688
-10.0736	48.9481
-9.78887	49.022
-9.36182	49.1503
-9.04154	49.2375
-8.72125	49.3182
-8.60115	49.3483
-8.42099	49.393
-8.15075	49.4596
-7.74539	49.5588
-7.13735	49.7057
-6.22529	49.9337
-4.8572	50.2915
-2.80507	50.8157
0.273129	51.6247
1.42745	51.9407
1.86032	52.067
2.50963	52.2556
3.48359	52.5321
4.94454	52.9396
5.49239	53.0725
5.69783	53.1201
6.006	53.1953
6.46825	53.3301
7.16163	53.6886
8.20169	54.2974
9.76179	55.1655
10.3468	55.5099
11.2244	56.0549
12.5407	56.829
13.0343	57.1093
13.2195	57.2116
13.4971	57.3614
13.9136	57.5861
14.5384	57.9146
15.4755	58.3906
16.8811	59.0943
18.9897	60.1771
19.5168	60.7184
20.3075	61.8627
21.4935	63.9453
23.2726	67.207
25.9411	71.9326
29.944	78.3043
34.7982	84.8395
39.6524	90.3245
44.5065	95.0223
49.3607	99.1383
54.2149	102.733
59.069	106.098
60.2826	107.213
62.1029	108.889
64.8334	111.466
65.8573	112.427
67.3932	113.822
69.697	115.886
73.1527	118.661
74.3663	119.61
76.1866	120.931
78.9171	122.75
83.0128	124.974
87.8669	126.891
92.7211	128.417
97.5753	129.617
102.429	130.425
107.284	130.641
112.138	130.042
116.008	129.26
114.795	124.497
112.974	117.464
110.244	107.132
106.148	91.9969
101.294	74.5284
96.4397	57.4659
91.5855	40.961
86.7314	25.2362
81.8772	11.0695
77.023	-0.333257
72.1689	-8.49619
70.9553	-10.2688
69.135	-12.795
68.4524	-13.7045
67.4285	-15.0518
65.8926	-16.9892
63.5887	-19.7509
60.133	-23.9444
55.2788	-30.3436
54.0653	-32.0735
52.245	-34.6564
51.5623	-35.4016
50.5384	-36.2424
50.1544	-36.5198
49.5785	-36.8807
48.7145	-37.2302
47.4186	-37.6368
45.4748	-38.2496
44.7458	-38.4731
43.6524	-38.8176
42.0123	-39.3365
39.5521	-40.099
38.6295	-40.3854
37.2457	-40.8126
35.8618	-41.2406
34.4779	-41.6574
33.959	-41.8165
33.1806	-42.0478
32.8887	-42.1326
32.4508	-42.2555
31.794	-42.438
30.8088	-42.7032
30.4394	-42.8004
30.1623	-42.8726
29.8852	-42.9443
29.4696	-43.0523
28.8461	-43.213
27.911	-43.4479
26.5082	-43.7926
24.4041	-44.2875
23.6151	-44.4726
22.4315	-44.7479
21.9877	-44.8591
21.3219	-45.0244
20.3233	-45.2837
18.8253	-45.684
18.2636	-45.8357
17.421	-46.0765
16.1571	-46.4195
15.6832	-46.555
14.9722	-46.7673
13.9058	-47.0542
13.5059	-47.1583
12.9061	-47.3172
12.0063	-47.5674
11.6689	-47.6729
11.1627	-47.8076
10.4035	-48.0049
9.26474	-48.2954
9.15798	-48.3223
8.99784	-48.3627
8.75763	-48.4227
8.39731	-48.5133
7.85683	-48.6481
7.04611	-48.8402
5.83003	-49.1342
4.00591	-49.5965
1.26973	-50.3295
0.243667	-50.6081
-1.33244	-51.056
-1.9261	-51.2185
-2.81658	-51.4568
-3.1505	-51.542
-3.6514	-51.6825
-4.40274	-51.9
-5.52975	-52.2262
-7.22027	-52.7427
-7.85422	-52.9842
-8.80513	-53.5048
-10.2315	-54.2736
-10.7664	-54.5515
-11.5687	-55.0149
-12.7722	-55.7554
-13.2236	-56.0354
-13.9005	-56.4383
-14.1544	-56.5849
-14.5352	-56.7937
-15.1064	-57.0936
-15.9632	-57.5412
-17.2484	-58.1852
-17.7303	-58.4187
-18.4532	-58.8471
-18.7243	-59.116
-19.131	-59.6583
-19.7409	-60.5641
-20.6559	-61.9984
-22.0283	-64.2365
-24.0869	-67.6656
-27.1748	-72.5762
-31.8067	-79.0219
-36.7996	-84.9497
-41.7924	-90.075
-46.7853	-94.5454
-51.7782	-98.495
-56.771	-101.999
-61.7639	-105.344
-63.0121	-106.418
-64.8844	-108.006
-65.5865	-108.638
-66.6397	-109.602
-68.2195	-111.062
-70.5891	-113.113
-74.1436	-116.064
-79.1365	-119.742
-80.3847	-120.593
-82.257	-121.822
-85.0655	-123.479
-89.2782	-125.446
-94.2711	-127.31
-99.2639	-128.815
-104.257	-129.977
-109.25	-130.644
-114.243	-130.535
-115.491	-130.424
-117.363	-130.174
-120.172	-129.657
-124.384	-128.726
-129.377	-127.628
-134.37	-126.599
-139.363	-125.63
-138.989	-124.068
-137.117	-116.98
-134.308	-106.537
-130.095	-91.203
-125.103	-73.474
-120.11	-56.1482
-115.117	-39.382
-110.124	-23.5025
-105.131	-9.34418
-103.883	-6.13296
-102.011	-1.63427
-99.2021	4.01989
-94.9894	10.7691
-89.9965	17.5971
-85.0037	23.7955
-83.7555	25.3663
-81.8831	27.701
-81.181	28.6022
-80.1278	29.908
-78.5481	31.8032
-76.1784	33.9304
-75.586	34.3748
-74.9936	34.7921
-74.7714	34.9421
-74.4382	35.1565
-73.9383	35.4549
-73.1886	35.8772
-72.9074	36.0159
-72.4857	36.2038
-71.853	36.4222
-70.9041	36.7163
-69.4807	37.1455
-67.3456	37.785
-65.7443	38.264
-65.3439	38.3867
-64.7434	38.5663
-63.8427	38.829
-62.4916	39.2038
-60.4649	39.7434
-59.7049	39.95
-58.5649	40.2683
-56.8549	40.7476
-56.2136	40.9371
-55.2518	41.2006
-53.8089	41.5677
-53.2679	41.6996
-52.4563	41.9065
-51.8476	42.0501
-51.2389	42.1892
-50.3259	42.4177
-48.9563	42.7992
-48.4427	42.9428
-47.6724	43.1808
-46.5168	43.5271
-44.7835	44.0261
-44.1335	44.2099
-43.646	44.3475
-43.1585	44.4831
-42.4272	44.6817
-42.153	44.7542
-41.7417	44.8717
-41.1247	45.037
-40.1992	45.27
-39.8521	45.3569
-39.3315	45.4872
-38.5507	45.7018
-37.3793	46.0047
-35.6223	46.4351
-34.9635	46.5888
-34.7164	46.6457
-34.3458	46.7338
-33.7899	46.8742
-32.956	47.0877
-31.7052	47.395
-29.8289	47.8936
-29.1253	48.1074
-28.07	48.4049
-26.4869	48.8377
-24.1123	49.4689
-20.5504	50.4154
-19.3021	50.7746
-18.8341	50.9837
-18.1319	51.3466
-17.0788	51.9304
-16.6838	52.1499
-16.0914	52.4842
-15.2028	52.9773
-14.8695	53.1596
-14.3697	53.434
-13.6199	53.854
-12.4953	54.4745
-10.8083	55.3867
-8.27778	56.5749
-6.37991	57.3591
-5.90545	57.5412
-5.19375	57.7993
-4.92686	57.903
-4.52653	58.0476
-3.92603	58.2704
-3.02529	58.605
-1.67417	59.0847
-1.1675	59.2835
-0.407496	60.0321
-0.122494	60.359
0.305008	60.8789
0.946262	61.6814
1.90814	62.9049
3.35096	64.7489
5.51519	67.4093
8.76154	71.217
13.6311	76.4832
18.6239	81.3404
23.6168	85.7604
28.6096	89.764
33.6025	93.406
38.5953	96.7374
43.5882	99.8801
44.8364	100.676
46.7087	101.851
49.5172	103.84
50.5704	104.635
52.1502	105.913
54.5198	107.715
58.0743	110.43
59.3225	111.373
61.1949	112.755
64.0033	114.689
68.2161	117.289
73.2089	119.986
78.2018	122.05
83.1946	123.58
88.1875	124.585
93.1803	125.017
98.1732	124.92
103.166	124.451
108.159	123.841
113.152	123.229
118.145	122.62
123.137	122.076
128.13	121.573
133.123	121.108
138.116	120.726
136.491	114.496
131.498	96.5788
126.505	79.0902
121.513	62.0025
116.52	45.3787
111.527	29.501
106.534	14.8368
101.541	2.2186
96.5482	-7.50798
91.5554	-15.0384
86.5625	-21.7225
81.5696	-27.8828
80.3214	-29.3218
78.4491	-31.3156
77.747	-32.0087
76.6938	-32.9154
76.2989	-33.1799
75.7064	-33.5466
74.8178	-34.0345
74.4846	-34.1977
73.9847	-34.4098
73.235	-34.651
72.1103	-34.9872
70.4233	-35.4631
69.7907	-35.645
68.8418	-35.9187
67.4184	-36.3246
66.3508	-36.6193
65.2833	-36.9204
64.8829	-37.0347
64.4826	-37.1508
63.8821	-37.327
62.9814	-37.5882
61.6302	-37.972
59.6036	-38.5292
58.8436	-38.7339
57.7035	-39.0326
55.9935	-39.4587
54.711	-39.7804
53.4285	-40.0892
51.5048	-40.5611
50.7834	-40.7374
49.7012	-40.9955
49.2955	-41.0927
48.6868	-41.2368
47.7737	-41.4519
46.4042	-41.7961
45.377	-42.0648
44.3498	-42.3311
42.8091	-42.755
42.2313	-42.9158
41.3647	-43.1521
40.0647	-43.4969
39.5772	-43.6371
38.8459	-43.8321
37.749	-44.1273
36.1037	-44.5774
35.4867	-44.7488
34.5612	-44.9883
33.173	-45.343
31.0906	-45.8672
30.3097	-46.0708
29.1384	-46.4002
27.3814	-46.8697
26.7226	-47.0448
25.7343	-47.3035
24.2518	-47.6816
22.0281	-48.2519
21.1942	-48.4712
19.9434	-48.8008
18.0672	-49.3093
17.3636	-49.5067
16.3082	-49.8
15.9124	-49.9123
15.3188	-50.0898
14.4283	-50.4893
14.0944	-50.6448
13.5935	-50.8811
12.8421	-51.2637
11.7151	-51.8483
10.0246	-52.7284
7.48882	-53.9216
6.53791	-54.3664
5.11153	-55.0138
2.97197	-55.9035
2.16963	-56.2234
1.86876	-56.3377
1.41744	-56.5085
0.740473	-56.7446
-0.274984	-57.068
-1.79817	-57.5327
-2.36936	-57.7981
-3.22615	-58.4576
-4.51134	-59.535
-4.99329	-59.9633
-5.7162	-60.6712
-6.80058	-61.789
-8.42714	-63.5066
-10.867	-66.0658
-14.5268	-69.7254
-19.5196	-74.4767
-24.5125	-78.9717
-29.5053	-83.1865
-34.4982	-87.1177
-39.4911	-90.7836
-44.4839	-94.2094
-49.4768	-97.4123
-50.725	-98.2485
-52.5973	-99.5963
-55.4058	-101.575
-56.459	-102.428
-58.0387	-103.693
-60.4084	-105.485
-61.297	-106.165
-62.63	-107.178
-64.6293	-108.663
-67.6284	-110.806
-72.1271	-113.731
-77.1199	-116.515
-82.1128	-118.8
-87.1057	-120.462
-92.0985	-121.438
-97.0914	-121.837
-102.084	-121.875
-107.077	-121.743
-112.07	-121.523
-117.063	-121.166
-122.056	-120.759
-127.049	-120.362
-132.041	-119.979
-137.034	-119.675
-137.573	-119.651
-136.325	-115.033
-134.452	-108.172
-131.644	-98.0133
-127.431	-83.0359
-122.438	-65.6851
-117.445	-48.7011
-112.453	-32.3191
-107.46	-17.0353
-106.212	-13.4588
-104.339	-8.35975
-101.531	-1.32563
-100.478	1.12081
-98.8978	4.51497
-96.5281	8.97452
-92.9736	14.7071
-87.9808	21.9033
-82.9879	28.1408
-81.7397	29.5211
-79.8674	31.269
-79.1652	31.7284
-78.1121	32.3085
-77.7171	32.4972
-77.1247	32.7278
-76.2361	32.9539
-74.9031	33.2682
-72.9037	33.7467
-69.9046	34.4929
-68.78	34.7862
-67.093	35.2332
-66.4604	35.404
-65.5114	35.6547
-64.7997	35.8483
-64.088	36.0382
-63.0205	36.3197
-61.4192	36.7552
-60.8187	36.9246
-59.9179	37.1652
-58.5668	37.531
-58.0601	37.6769
-57.3001	37.8761
-56.1601	38.1596
-54.4501	38.5882
-53.8089	38.7671
-52.847	39.0282
-51.4042	39.4022
-50.3221	39.6755
-50.0515	39.7501
-49.6457	39.8617
-49.037	40.0261
-48.5805	40.1505
-48.124	40.2747
-47.4392	40.459
-47.1824	40.5275
-46.7973	40.6288
-46.2195	40.7806
-45.3528	41.0098
-44.7028	41.1822
-44.0528	41.353
-43.0778	41.6085
-41.6153	41.9945
-41.0669	42.1434
-40.2442	42.3678
-39.9357	42.4519
-39.4729	42.5788
-39.1259	42.6753
-38.7788	42.7834
-38.2582	42.9307
-37.4774	43.1432
-36.306	43.4622
-35.8668	43.5938
-35.2079	43.7807
-34.2196	44.0645
-33.849	44.1672
-33.2931	44.3224
-33.0846	44.3911
-32.7719	44.4813
-32.3028	44.6075
-31.5993	44.792
-30.5439	45.074
-28.9608	45.5007
-28.3671	45.6656
-28.1445	45.727
-27.8106	45.8188
-27.3097	45.9555
-26.5584	46.1572
-25.4314	46.46
-25.0087	46.5691
-24.3748	46.7244
-23.8993	46.8412
-23.4239	46.9633
-22.7107	47.1544
-21.6409	47.4469
-20.0362	47.8815
-19.4345	48.0446
-18.5318	48.2847
-17.1779	48.6684
-15.147	49.5519
-14.3854	49.92
-13.243	50.5414
-11.5294	51.4132
-8.95904	52.6204
-7.99515	53.0762
-6.54932	53.7326
-6.00713	53.9719
-5.19385	54.3092
-3.97393	54.7788
-2.14404	55.3917
-1.45783	55.9174
-0.428523	56.812
1.11544	58.3157
3.43139	60.8297
6.90532	64.5654
11.8982	69.7057
16.891	74.5365
21.8839	79.0841
22.8201	79.924
23.7562	80.7516
25.1605	81.9704
27.2668	83.7416
30.4264	86.2655
32.796	88.0966
35.1657	89.8642
38.7202	92.3903
43.713	95.8538
44.9612	96.7805
46.8336	98.1346
49.642	100.235
50.6952	101.067
52.275	102.313
54.6446	104.133
58.1991	106.666
63.192	110.027
68.1848	112.913
73.1777	115.123
78.1706	116.676
83.1634	117.6
88.1563	118.069
93.1491	118.333
98.142	118.474
103.135	118.469
108.128	118.389
113.121	118.273
118.113	118.113
123.106	117.953
128.099	117.815
133.092	117.722
138.085	117.687
136.522	111.808
131.529	94.0658
126.537	76.7138
121.544	59.6694
116.551	43.0368
111.558	27.159
110.31	23.359
108.437	17.8414
105.629	10.0155
101.416	-0.448564
100.168	-3.27031
98.2957	-7.14649
95.4872	-12.2757
93.3809	-15.6677
91.2745	-18.7955
88.115	-23.1083
83.3757	-28.7438
82.1274	-30.034
81.6594	-30.4811
80.9572	-31.0743
79.9041	-31.6771
79.5091	-31.8031
78.9167	-31.9606
78.0281	-32.1743
76.6951	-32.4783
74.6957	-32.9468
73.946	-33.1279
72.8213	-33.4038
71.9778	-33.6121
71.1343	-33.8273
69.8691	-34.1586
67.9712	-34.659
66.5478	-35.024
65.4803	-35.2978
64.4127	-35.568
63.3452	-35.8442
62.2776	-36.1299
61.8773	-36.232
61.577	-36.3069
61.2768	-36.3851
60.8264	-36.5065
60.1508	-36.681
59.1375	-36.9362
57.6175	-37.3133
55.3375	-37.8489
54.4825	-38.054
53.2	-38.3585
51.2762	-38.8066
50.5548	-38.9729
50.2843	-39.0443
49.8785	-39.1491
49.2698	-39.3054
48.3568	-39.5411
46.9872	-39.8908
46.4736	-40.0219
45.7033	-40.227
45.1255	-40.3839
44.5477	-40.5411
43.681	-40.7749
42.381	-41.1206
41.8935	-41.2477
41.1623	-41.4361
40.8881	-41.5055
40.6138	-41.5746
40.2025	-41.6785
39.5855	-41.834
39.3541	-41.8939
39.0071	-41.9826
38.4865	-42.1269
37.7056	-42.3376
37.4128	-42.4159
36.9735	-42.5335
36.3147	-42.7162
35.3264	-42.9876
33.8439	-43.3921
33.288	-43.5441
32.4541	-43.7693
31.2033	-44.1082
29.327	-44.6053
28.6234	-44.7919
28.3596	-44.8629
28.2607	-44.8895
28.1122	-44.9293
27.8896	-44.9888
27.5557	-45.0785
27.0548	-45.2145
26.3035	-45.4201
26.0217	-45.4973
25.5991	-45.6111
24.9651	-45.7804
24.7274	-45.8423
24.3708	-45.9352
24.2371	-45.97
24.0365	-46.0214
23.9613	-46.0401
23.8485	-46.0681
23.6792	-46.1107
23.4254	-46.1754
23.0446	-46.2744
22.4734	-46.4253
21.6166	-46.6563
20.3314	-47.0026
18.4036	-47.5115
17.6807	-47.7282
16.5963	-48.0807
14.9697	-48.5982
14.3598	-48.7909
13.4448	-49.1379
12.0724	-49.7228
10.0138	-50.5918
6.92587	-51.8383
5.76789	-52.2782
5.33365	-52.4534
4.68229	-52.7074
3.70525	-53.0878
2.23969	-53.6536
1.69011	-53.8735
0.865727	-54.4072
0	-55.0825
