0.738148636316
17.5193854351
32.599395188
12.5891847469
-3.3946392655
-18.0953912526
-33.6150744173
-14.1500368933
0.561201630718
16.0060404123
32.1632138411
12.7020120758
-2.93808747922
-17.1942157764
-33.0970732887
-13.9909735018
0.348135392736
15.7195881017
31.9390899803
12.6042410771
-2.89939674989
-16.9349779059
-32.5938073945
-42.7600163545
-17.3410170879
1.17078748503
21.5660594734
41.8233609186
15.9570119119
-4.0345273411
-22.3508547522
-42.958793623
-18.0077032333
0.157171604448
19.9996467643
40.6588368956
15.8190435597
-4.05670234069
-22.1326811906
-42.7300164619
-18.0469717237
-0.114999223868
19.601337286
40.3548755175
15.6473408763
-4.07610018836
-22.0294733093
-42.2553194314
-60.4184543861
-33.7858026141
-13.9731054452
2.64201342467
21.8595367581
41.5172093375
50.3376059413
23.6570592626
3.80706763665
-13.4052044552
-31.3510140733
-49.6217445747
-64.2620411501
-37.616883129
-17.8162860856
-1.57145957714
16.4751436535
33.5188217846
48.6749780905
22.0296480225
2.51175275589
-14.2287465927
-31.6872627796
-48.154616714
-62.8593177481
-36.9923846966
-17.5050710221
-1.5195571339
16.3777313157
32.1705091225
46.6096230262
21.1130967589
1.76408939072
-14.7994560481
-37.2680055492
-56.128238189
-68.5974194802
-34.3802797658
-10.6344268679
11.5848976068
31.4595759584
46.1171825227
52.9795270688
20.4122299637
-3.93821616508
-25.0805262643
-42.4436240477
-53.7560727195
-65.3183652021
-32.6966213756
-9.53885936007
12.4883888886
29.2831076059
37.4050502032
51.4196381127
19.4007212185
-4.49596496689
-24.3603028866
-39.7378760921
-50.8158396794
-63.7170315191
-31.4110973705
-8.69294752986
13.1584764301
28.0134552879
35.7832690592
50.5774651325
18.9260542258
-4.79950642265
-23.9484316644
-44.4067820422
-62.1019980319
-67.606840299
-74.1953685351
-29.0598599112
2.99281611859
27.1444117448
36.3891319209
53.1969705711
59.9914645639
65.2788555883
19.3383369759
-12.0125699825
-33.7515428427
-46.3348433928
-55.8579806195
-62.7768502451
-72.5144899587
-27.8605189778
3.19329023735
23.349050298
31.3534541529
45.8776216755
54.4926567466
62.8508125415
18.4902530305
-12.0790170487
-32.2516292782
-44.0647338665
-47.1033606433
-53.0242923369
-60.1483025586
-70.5974014621
-79.3093453005
-87.9174100293
-41.7471555311
-9.52068660511
16.8235801527
25.1642093954
32.8935650916
39.5566092513
46.4895951331
53.5954252882
61.2857143097
67.0287727244
72.3883034749
27.0361958641
-4.71020123635
-27.0627156474
-37.3918772351
-41.3875302722
-44.1309393834
-49.3664714496
-55.5346311585
-62.2782542965
-71.9935240932
-85.3293259376
-40.1213478135
-9.07200055669
14.7788793888
21.898012897
29.1879686146
34.611873064
40.6283647499
46.5803751147
53.0373842477
60.696335283
70.0487991259
25.8567216515
-5.1084349206
-26.6400267567
-35.7252606568
-40.3326969519
-44.9142586517
-52.2154234782
-60.0988208265
-72.2738376808
-87.8770706734
-99.958077958
-109.865088978
-118.39412945
-40.2966499411
6.34562291426
26.1305083519
33.8101804184
39.803400898
46.4321081553
54.2023340157
63.1660942306
72.0960509589
83.145655609
92.4331251088
100.920456756
24.7887650047
-20.0891827399
-37.1328592271
-42.11856972
-45.6207283304
-50.5084763267
-55.9377237629
-63.2103459046
-73.5184134881
-87.458955448
-102.012596365
-115.064495732
-39.9691422326
4.02405738866
21.0795512856
27.5596890106
32.0090506824
37.928126943
43.6070719416
50.4315892036
58.7057375122
70.6479992095
85.1191715815
98.6397885066
23.938978229
-19.6437915717
-34.3178831833
-39.8905205135
-43.8855370845
-49.4417863121
-56.4383187817
-65.9950559591
-80.3973549588
-96.9625470177
-113.376272092
-124.928006233
-133.605294446
-140.931148603
-53.8708695376
-2.46853392975
19.1584355032
27.6185238284
34.4686927962
38.7807469872
43.3302172847
50.5821839345
61.6904816445
74.1234749157
87.9585259972
100.567873698
107.179838664
115.626402383
122.918744082
37.1248973612
-12.2626506828
-33.8690535716
-41.1500850082
-45.6839206223
-49.5459501891
-53.2510255951
-58.377814935
-65.7340824306
-75.1137398221
-87.2592077304
-100.398085617
-114.156686471
-127.308266806
-139.263367854
-53.4892651989
-4.18264504413
16.460457345
24.3045165292
30.6828959601
34.0488168743
37.4771920662
43.7263766086
50.6504870961
60.7625901783
73.1972347746
86.6452852318
98.7274795401
108.080748957
120.070632391
35.9294569129
-11.4683958396
-30.5600733415
-37.8672068753
-43.5299008285
-47.2769738325
-51.776015876
-57.2396397261
-65.2986723809
-75.8794434282
-89.6566133067
-104.213343409
-119.649310408
-133.767700785
-143.421319754
-149.944414323
-155.015936485
-20.824203362
17.0186016629
31.6727136332
38.9463005761
42.511673168
48.0930938103
56.4060758574
67.6215197576
79.5275378001
91.2908103281
100.7203178
109.863440498
119.769659031
127.163988466
132.202792407
136.373893541
7.86269171563
-29.9921288285
-45.5014551043
-51.5871660321
-55.4443913135
-59.4245858006
-63.8826467848
-71.0368249329
-79.9012221747
-90.5143310357
-101.877600461
-114.017753805
-125.384498304
-135.772694449
-144.864212874
-152.5154079
-22.9826227347
15.5367117784
29.3134619574
34.6940858218
37.6880680762
41.8745730534
47.1185195205
55.5249156417
65.6666911316
76.6270097041
87.9455505401
97.8999370449
106.459016506
116.897005522
126.174540119
133.829705764
8.37434043685
-26.8930744264
-41.9895390995
-47.4014427213
-51.0250844912
-54.9184939597
-59.0875982233
-63.8177070614
-70.4245651964
-78.7569177484
-88.6567668222
-98.9440186369
-111.141105494
-122.03253499
-132.56089211
-141.89274185
-149.870918857
-155.13252295
-157.366616928
-157.779963077
-32.2484139451
14.847972987
25.3624795789
35.5077473883
41.9266214645
45.9932572686
51.0921999627
58.9787546996
67.5922141268
76.4328809754
85.5848108222
94.4002723905
101.615064926
108.464318844
116.212913808
123.274453452
129.322211599
113.980830369
129.194910385
135.459968028
138.785238532
19.7566331198
-22.5787235169
-35.5816539229
-46.1152243973
-52.7629430132
-56.3140659124
-60.488773751
-64.5471446269
-69.1138292587
-76.234770385
-84.2826320476
-92.124900331
-102.457168115
-111.263488599
-119.226857982
-127.725872089
-134.510901709
-141.36431535
-146.914986256
-150.429846454
-152.07482481
-32.2427783297
14.3452865557
24.1251698938
33.4677934769
38.6075507861
42.4969012554
47.0255025219
51.5687225602
57.8044567034
64.8214556454
69.211472807
73.7452619445
84.0950406698
93.348162519
101.446303351
107.553974692
113.150175437
121.087340201
127.224961734
131.068094185
