0
4.37
8.74
4.37
0
-4.37
-8.74
-4.37
0
4.37
8.74
4.37
0
-4.37
-8.74
-4.37
0
4.37
8.74
4.37
0
-4.37
-8.74
-4.37
0
5.83
11.65
5.83
0
-5.83
-11.6
-11.65
-5.83
0
5.83
11.65
5.83
0
-5.83
-11.65
-5.83
0
5.83
11.65
5.83
0
-5.83
-11.65
-5.83
0
5.83
11.65
17.48
11.65
5.83
0
-5.83
-11.65
-17.48
-11.65
-5.83
0
5.83
11.65
17.48
11.65
5.83
0
-5.83
-11.65
-17.48
-11.65
-5.83
0
5.83
11.65
17.48
11.65
5.83
0
-5.83
-11.65
-17.48
-11.65
-5.83
0
7.77
15.53
23.3
15.53
7.77
0
-7.77
-15.53
-23.3
-15.53
-7.77
0
7.77
15.53
23.3
15.53
7.77
0
-7.77
-15.53
-23.3
-15.53
-7.77
0
7.77
15.53
23.3
15.53
7.77
0
-7.77
-15.53
-23.3
-15.53
-7.77
0
11.65
23.3
29.13
34.95
23.3
11.65
0
-11.65
-23.3
-29.13
-34.95
-23.3
-11.65
0
11.65
23.3
29.13
34.95
23.3
11.65
0
-11.65
-23.3
-29.13
-34.95
-23.3
-11.65
0
11.65
17.48
23.3
29.13
34.95
40.78
46.6
34.95
23.3
11.65
0
-11.65
-17.48
-23.3
-29.13
0
11.65
17.48
23.3
29.13
34.95
40.78
46.6
34.95
23.3
11.65
0
-11.65
-17.48
-23.3
-29.13
-34.95
-40.78
-46.6
-34.95
-23.3
-11.65
0
11.65
17.48
23.3
29.13
34.95
40.78
46.6
34.95
23.3
11.65
0
-11.65
-17.48
-23.3
-29.13
-34.95
-40.78
-46.6
-34.95
-23.3
-11.65
0
13.98
20.97
27.96
34.95
41.94
48.93
55.92
62.91
69.9
48.93
27.96
0
-13.98
-20.97
-27.96
-34.95
-41.94
-48.93
-55.92
-62.91
-69.9
-48.93
-27.96
0
13.98
20.97
27.96
34.95
41.94
48.93
55.92
62.91
48.93
27.96
0
-13.98
-20.97
-27.96
-34.95
-41.94
-48.93
-55.92
-69.9
-48.93
-27.96
0
15.53
23.3
31.07
38.83
46.6
54.37
62.13
69.9
77.67
85.43
93.2
69.9
46.6
23.3
0
-15.53
-23.3
-31.07
-38.83
-46.6
-54.37
-62.13
-69.9
-77.67
-85.43
-93.2
-69.9
-46.6
-23.3
0
15.53
23.3
31.07
38.83
46.6
54.37
62.13
69.9
77.67
85.43
93.2
69.9
46.6
23.3
0
-15.53
-23.3
-31.07
-38.83
-46.6
-54.37
-62.13
-69.9
-77.67
-85.43
-69.9
-46.6
-23.3
0
16.64
24.96
33.29
41.61
49.93
58.25
66.57
74.89
83.21
91.54
99.86
108.18
116.5
74.89
41.61
0
-16.64
-24.96
-33.29
-41.61
-49.93
-58.25
-66.57
-74.89
-83.21
-91.54
-99.86
-108.18
-116.5
-74.89
-41.61
0
16.64
24.96
33.29
41.61
49.93
58.25
66.57
74.89
83.21
91.54
99.86
108.18
116.5
74.89
41.61
0
-16.64
-24.96
-33.29
-41.61
-49.93
-58.25
-66.57
-74.89
-83.21
-91.54
-99.86
-108.18
-116.5
-74.89
-41.61
0
15.53
23.3
31.07
38.83
46.6
54.37
62.13
69.9
77.67
85.43
93.2
100.97
108.73
116.5
124.27
132.03
139.8
100.97
62.13
31.07
0
-15.53
-15.53
-23.3
-31.07
-38.83
-46.6
-54.37
-62.13
-69.9
-77.67
-85.43
-93.2
-100.97
-108.73
-116.5
-124.27
-132.03
-139.8
-100.97
-62.13
-31.07
0
15.53
23.3
31.07
38.83
46.6
54.37
62.13
69.9
77.67
85.43
93.2
100.97
108.73
116.5
124.27
132.03
139.8
100.97
62.13
31.07
0
-15.53
-23.3
-31.07
-38.83
-46.6
-54.37
-62.13
-69.9
-77.67
-85.43
-93.2
-100.97
-108.73
-116.5
-124.27
-132.03
-139.8
-110.97
-62.13
-31.07
0
