6.195148
13.924268
21.591301
29.238111
36.732391
37.863895
28.890257
20.520536
13.779989
7.040147
0.283832
-6.421324
-12.243949
-17.645220
-22.504034
-27.748419
-33.478306
-38.452854
-30.014332
-22.387016
-15.122317
-8.471141
-1.787039
5.017538
11.013843
16.556286
22.930874
29.653124
35.992481
41.816650
31.743481
24.143240
16.898378
10.068042
4.429803
-0.604284
-6.074443
-12.826262
-19.269737
-25.262993
-31.766895
-38.160946
-30.570261
-22.920446
-15.577728
-9.179709
-2.577759
3.956834
9.709036
15.096293
21.775732
28.555822
35.200050
41.327431
32.581123
24.576212
17.363745
10.647662
4.932772
-0.102343
-5.530463
-12.245720
-18.737326
-24.605076
-31.245832
-37.743156
-30.386492
-22.783449
-15.557645
-9.073185
-2.510299
3.811318
11.103436
18.643021
28.439283
36.547966
43.280071
47.127869
37.430115
27.393068
17.310966
9.041676
3.657707
-4.078460
-11.713802
-19.815739
-27.966768
-34.695927
-40.729496
-47.549934
-38.604759
-29.043497
-19.922499
-11.351151
-2.887674
5.153954
12.738004
21.377155
30.686832
38.470768
42.318020
47.052444
37.828880
27.851656
17.771585
9.299617
4.274767
-2.781312
-10.454083
-18.373960
-26.406120
-34.183987
-39.749622
-46.876694
-38.283657
-28.912106
-19.792894
-11.363173
-2.878525
4.943961
12.317616
21.035946
30.362099
38.063995
42.172798
47.212837
38.045444
28.196804
18.085661
9.304682
4.456861
-2.562352
-10.079787
-18.056410
-26.043200
-33.846519
-39.434261
-46.677387
-38.233719
-28.871929
-19.833994
-11.417721
-2.916388
4.831191
12.251371
20.846029
30.180710
37.917721
42.136635
47.209255
51.947041
53.955147
55.612858
44.602783
34.438862
24.572870
16.314083
10.409075
5.138723
-1.235858
-8.431354
-15.906240
-22.351131
-26.886650
-33.236313
-40.504875
-46.158291
-52.979252
-59.981766
-64.650177
-70.547768
-57.916946
-48.496326
-39.491749
-30.995520
-22.609627
-14.848671
-8.128831
0.717015
10.013414
17.040771
22.710827
28.618450
35.526325
39.542141
44.658443
49.439705
52.555328
54.689682
44.244709
34.443871
24.624174
16.195883
11.312035
6.354399
0.054075
-7.087705
-14.347398
-21.124866
-26.763573
-32.808205
-39.600689
-45.114887
-51.695572
-59.298508
-64.409714
-70.500610
-58.307720
-48.981800
-40.119396
-31.865858
-23.458443
-15.627856
-8.519667
-0.710577
8.640561
15.772793
21.281157
27.272137
33.904537
38.125572
43.279484
48.409222
51.365730
54.857769
44.939613
35.048996
25.194664
16.580626
11.752789
7.165184
0.837713
-6.337793
-13.569288
-20.299921
-25.807800
-31.980907
-38.724674
-44.188747
-51.019054
-58.056042
-63.456387
-69.239784
-58.487930
-49.184692
-40.401058
-32.255550
-23.764713
-15.997666
-12.489864
-8.335611
-4.782838
-0.683208
3.868592
8.319603
13.940351
16.656101
20.829975
24.910263
28.632441
32.143791
36.264236
38.925632
42.608669
45.725262
48.406284
51.050709
53.782475
55.511494
56.844955
57.257217
58.090015
59.003487
51.459110
44.969425
38.254211
31.786175
25.608887
19.810402
15.309886
13.463758
10.863896
6.993989
2.462455
-1.819995
-5.944182
-10.740623
-15.443102
-18.506174
-22.439249
-26.129171
-30.024012
-33.974159
-37.779591
-41.954014
-45.932896
-50.596439
-54.754669
-59.403099
-62.045311
-64.933800
-68.059799
-69.914291
-71.045578
-73.467300
-74.738983
-76.092239
-77.626312
-79.148407
-67.515068
-61.330559
-55.389305
-49.642639
-44.018208
-38.391235
-33.238289
-27.752069
-22.631308
-18.293299
-13.253734
-8.209108
-3.770344
2.224483
5.757462
10.145597
14.306293
18.429115
23.233717
25.918791
29.646715
32.915710
36.479977
40.055981
43.165668
45.127888
47.270817
48.683628
49.891399
51.275772
53.051769
53.915291
55.774799
57.807053
58.831940
59.179722
51.294296
44.970451
38.326565
31.755249
25.451834
19.661339
15.326591
13.249384
10.920523
7.091715
2.665870
-1.737628
-5.723971
-10.386432
-14.828274
-17.946054
-21.950874
-25.498602
-29.407684
-33.232586
-37.028923
-40.964191
-44.968498
-49.380444
-53.546837
-56.710785
-59.290482
-61.298763
-62.730377
-64.487160
-66.975677
-68.948593
-71.305626
-73.122604
-74.597267
-76.867630
-69.068550
-62.844479
-56.869473
-51.035324
-45.375046
-39.889000
-34.684731
-29.196102
-24.008417
-19.436573
-14.795824
-9.612773
-5.149369
0.566058
6.071036
8.970279
12.935770
16.987053
21.770668
24.560780
28.305153
31.666649
35.369755
38.903702
42.131874
43.531933
45.573730
46.773853
48.107990
49.456268
51.372734
51.813976
53.556133
54.883091
56.603889
58.489590
50.956879
44.617443
37.979042
31.429455
25.097401
19.266352
15.004921
13.011380
10.803903
6.891909
2.256687
-2.100277
-6.370193
-10.900254
-15.350425
-18.577608
-22.502497
-26.345627
-30.132772
-34.528290
-37.709003
-41.897621
-46.030285
-49.899612
-53.334438
-57.139275
-58.043171
-59.573284
-61.358952
-62.952271
-65.235939
-67.321716
-69.850456
-72.736198
-73.435432
-76.235069
-69.060333
-62.865410
-56.929157
-51.062977
-45.416245
-39.970848
-34.851364
-29.327847
-24.128668
-19.631567
-15.016046
-10.002820
-5.630748
0.131230
5.918423
8.703753
12.654056
16.663496
24.052732
28.029375
33.018108
38.319485
42.299263
44.756012
47.565468
48.544624
50.560234
52.494884
54.728527
57.700508
58.496590
59.736813
58.699703
59.226601
59.538395
59.801208
60.690876
61.943718
61.048878
60.803673
60.680023
60.759869
50.223545
40.338036
30.681522
21.818907
15.765866
12.058934
6.938960
0.081735
-6.504674
-13.095954
-17.643246
-23.094076
-28.878935
-33.762871
-39.569553
-45.003513
-49.886444
-53.663490
-57.164688
-57.784859
-59.642784
-61.688446
-63.548199
-65.291214
-68.060257
-69.865448
-72.546745
-72.818031
-73.458565
-73.306496
-73.940346
-74.636391
-75.156853
-75.527481
-74.747124
-76.120934
-76.846878
-78.039619
-78.514290
-77.763733
-78.119987
-78.452469
-68.281235
-59.198853
-50.549850
-42.220890
-34.010334
-25.960285
-20.033905
-12.765173
-5.340585
2.963456
7.828937
13.925656
19.449608
25.237312
30.427526
35.453953
39.922501
42.926792
45.594109
45.732040
46.865040
47.887753
48.979618
49.878014
51.328445
51.191956
51.551197
52.165894
52.454784
52.910896
53.796932
54.825714
54.027000
54.888268
55.407421
56.046535
57.093987
57.933792
57.271244
58.290741
58.809093
59.695610
49.448406
39.699543
30.103273
21.175814
15.253575
11.639487
6.512325
-0.061838
-6.832496
-13.400996
-17.951641
-23.357437
-29.260265
-33.945461
-39.592377
-44.785301
-49.557827
-52.960354
-55.652721
-56.354679
-57.938187
-59.400585
-60.535007
-61.443287
-62.482143
-62.853008
-63.409027
-64.151588
-65.047928
-66.393906
-67.052353
-68.884125
-70.036102
-70.882881
-71.651649
-72.806587
-71.993149
-73.414177
-74.422241
-73.701546
-74.788498
-74.926315
-65.201714
-56.327957
-47.753551
-39.573208
-31.454199
-23.523951
-17.555082
-10.549551
-3.365149
4.999873
9.796610
15.847887
22.950575
26.696003
31.679388
36.192314
39.524525
41.337029
43.706608
44.013916
44.970932
45.727776
46.531803
47.074276
47.008858
48.642029
47.990555
48.145557
48.253304
48.888458
49.113827
50.722763
49.910248
50.286373
50.724648
51.206894
51.616058
53.165249
52.376163
53.317486
54.347958
55.205513
55.821274
58.006500
57.630501
58.836559
59.747581
60.657604
61.391106
63.243786
62.992386
64.117081
64.919243
65.662804
66.210236
67.881104
69.015762
68.455421
69.216812
70.073128
58.140812
47.416092
37.329655
28.235868
19.888924
16.606716
12.028055
5.502348
-0.029616
-4.521295
-9.334207
-14.373378
-19.813766
-23.963186
-28.986662
-34.122253
-39.155994
-43.975082
-48.877457
-52.252464
-55.302544
-57.300735
-58.173832
-58.705288
-59.813641
-59.273727
-59.909622
-60.434814
-61.038338
-61.779716
-61.794373
-62.758106
-64.049347
-63.123928
-63.483257
-64.159859
-64.398842
-65.030205
-65.618408
-66.363731
-67.643951
-66.563057
-67.319214
-68.700455
-69.582787
-70.521835
-71.425125
-71.108589
-71.684082
-72.921364
-73.534332
-74.167480
-73.872101
-74.635468
-75.363510
-76.655853
-77.527321
-76.950127
-77.724289
-78.242516
-79.163696
-80.510124
-79.803780
-80.823685
-81.533119
-82.476410
-72.510574
-63.224148
-54.554745
-46.257591
-38.079155
-30.228685
-24.453548
-17.085314
-9.772976
-2.283374
2.260263
8.096395
13.457857
19.303823
24.868181
29.929012
34.100677
37.764137
41.106468
41.305237
42.188404
42.989979
43.678043
44.135441
46.245110
44.428875
45.179955
45.809219
46.250679
46.494339
47.166790
46.895069
47.315994
47.389378
47.657833
47.852055
48.327442
48.842312
48.705963
49.054192
49.484451
49.913639
50.236290
51.988197
51.276554
52.211586
52.991501
53.798866
54.334755
56.206215
55.653210
56.955849
57.712578
58.660889
59.489243
61.298908
60.816654
62.130508
62.863323
63.835339
64.548500
66.248062
67.141167
66.955238
67.761024
68.466698
56.087730
45.444054
35.579884
26.782572
18.532038
15.733676
9.956917
4.062441
-0.962138
-5.780023
-10.598032
-15.520633
-20.797174
-24.765102
-29.575827
-34.423798
-39.115013
-43.697712
-48.558060
-51.157143
-53.722157
-55.518738
-56.539173
-56.728046
-57.822281
-57.270157
-57.591682
-58.022205
-58.629105
-59.356796
-59.353069
-60.796471
-59.886139
-60.862175
-61.041241
-61.541828
-62.014126
-63.126915
-62.308586
-62.837627
-63.291973
-63.672318
-63.792351
-64.569054
-65.179337
-66.223351
-66.209389
-66.483536
-67.023232
-68.124260
-69.074333
-69.972786
-71.242767
-70.606033
-71.599747
-73.229973
-74.449738
-75.252945
-75.046867
-75.963333
-76.835724
-78.416824
-77.997650
-79.183609
-79.658333
-80.630821
-70.170296
-60.974369
-52.294987
-44.069473
-35.964279
-28.583151
-22.658773
-15.525294
-8.150190
-0.612151
3.638538
9.202723
14.490973
20.209072
25.560936
30.410200
34.313747
37.655647
40.450150
40.650723
41.383003
42.121498
42.866104
43.252029
45.146233
43.907806
44.197350
44.658745
45.330376
45.934101
46.305573
46.151196
46.618763
46.943932
47.329227
47.773666
48.585865
48.029739
49.177231
49.840328
50.712952
51.700817
52.766647
53.359535
54.343121
55.183468
56.245438
57.371185
57.917435
60.104443
59.917606
61.081444
62.081955
63.111572
64.109993
66.159225
65.950211
67.409637
68.363358
69.855598
71.045784
73.549080
73.581322
74.104881
75.215767
76.324707
76.810349
79.239769
78.762817
79.605804
80.579147
81.435959
78.451767
82.447784
82.587807
83.508751
83.963867
84.554390
50.398170
33.513248
22.229418
14.448927
6.943621
-2.698376
-9.167792
-16.350708
-20.917906
-28.266048
-35.561512
-42.398705
-49.558628
-54.761448
-58.097408
-59.923382
-60.722801
-61.539658
-61.572342
-61.500484
-62.451126
-63.718483
-64.236374
-64.994614
-63.982029
-65.856903
-65.633461
-66.235275
-66.597382
-67.006554
-67.163902
-68.462578
-68.407692
-69.061821
-69.730591
-70.487282
-70.724709
-71.229431
-72.004494
-73.117722
-74.453415
-73.993309
-74.702950
-76.182945
-77.351723
-78.458557
-78.588531
-79.262230
-79.947884
-81.521767
-81.363548
-82.241379
-83.207611
-84.473854
-86.357193
-88.846916
-89.670700
-91.483063
-93.568184
-95.523766
-97.008347
-98.644691
-101.215720
-102.623130
-104.051790
-105.678790
-106.214640
-108.424470
-110.127240
-111.564180
-113.178110
-114.237460
-93.385216
-76.135025
-60.609348
-45.003166
-33.997787
-22.246117
-12.483143
-4.125259
5.515327
13.959936
22.561537
29.788181
37.600178
42.624268
43.683018
44.737022
45.481525
46.049313
47.263279
46.597851
47.007103
47.582718
48.047756
48.729366
48.600124
48.974041
49.543385
49.650288
49.922974
50.421978
50.505028
50.839497
51.726097
52.344574
53.107918
53.861912
54.382126
56.126637
55.773369
56.626785
57.458172
58.142456
58.446476
60.178852
59.423367
60.733223
61.225670
62.007610
61.784039
63.836945
63.665474
64.525368
65.097809
65.949638
64.801140
67.764183
67.515427
68.831955
70.149330
70.985176
71.839012
74.533653
74.179665
75.727859
77.071808
78.216667
76.357323
80.098541
80.333885
81.350655
82.079048
82.613670
48.695908
32.382458
21.622671
16.004164
8.249206
-1.594952
-7.966315
-14.747134
-19.550030
-26.438198
-33.408989
-39.827297
-45.763195
-50.721188
-54.217770
-57.077660
-58.711899
-59.502350
-60.711910
-59.653191
-60.361111
-60.778309
-61.504475
-62.197655
-62.202160
-62.720394
-62.594383
-63.106670
-63.462440
-64.051743
-64.084885
-63.724030
-64.688385
-65.005013
-65.462982
-65.606537
-66.104134
-67.091583
-66.610023
-67.619392
-68.041489
-68.816353
-68.507607
-69.256256
-70.139862
-71.249046
-72.126717
-72.310669
-72.344177
-72.996918
-74.397804
-75.703102
-77.101402
-76.554962
-77.008400
-78.895218
-80.107414
-81.124146
-81.290688
-82.267654
-83.694405
-86.545021
-87.239449
-89.674744
-92.172417
-94.747658
-97.195175
-99.769867
-102.855670
-105.209630
-107.505190
-109.873680
-90.273880
-73.385719
-57.915646
-42.435860
-32.074799
-21.092081
-11.861434
-4.836059
4.714572
13.262901
20.762144
27.882704
35.645977
40.613018
41.692944
42.299603
42.852062
43.335354
44.753662
43.860794
44.457001
45.078976
45.890255
46.643040
47.247223
46.762039
47.472797
47.822643
47.941902
48.626209
49.374359
49.499790
50.366947
51.018173
51.791920
52.577225
53.340279
53.923584
54.798603
55.449940
56.347542
57.212418
57.392765
59.284351
58.710991
59.787498
60.676018
61.475121
61.753857
63.925529
63.372879
64.602425
65.493050
66.547768
67.432175
70.615540
70.577019
72.300056
73.853600
75.578400
76.691277
77.571770
78.917496
79.821411
80.514381
81.028061
75.735870
81.181885
81.544189
82.566002
83.566345
84.432587
82.009758
85.750862
86.382660
87.405281
88.338181
88.953423
88.528526
89.622261
90.860695
91.828682
92.528694
93.283501
68.693451
49.661572
36.190788
24.327101
14.047312
9.720687
-0.087171
-7.452189
-14.134832
-18.664961
-24.832111
-31.762011
-37.597137
-43.116699
-48.058079
-51.785141
-54.374214
-56.408199
-57.961956
-59.649067
-61.113773
-62.701820
-62.871181
-63.445915
-64.465103
-61.488049
-62.760704
-63.884960
-64.903694
-65.599968
-65.331978
-66.544388
-66.593147
-66.624168
-67.215797
-67.812576
-68.190147
-64.939537
-68.467529
-70.188507
-69.651146
-70.629509
-70.166451
-70.893173
-72.528389
-73.331215
-75.536613
-74.689987
-74.034065
-75.191391
-76.682121
-77.082771
-76.822739
-77.764870
-71.490265
-77.267487
-78.736008
-81.076958
-82.283714
-83.465660
-85.065552
-86.502037
-88.531761
-90.545738
-92.779449
-94.936569
-97.198738
-99.506790
-102.082530
-104.577670
-107.055210
-109.597690
-111.709840
-113.829820
-116.025110
-118.270450
-119.954720
-121.687640
-122.078030
-123.975360
-125.679840
-127.048380
-128.359380
-129.532390
-130.144730
-131.780200
-133.206480
-134.608230
-134.981340
-136.458890
-111.991580
-92.846992
-75.051552
-59.426132
-45.853584
-33.567188
-23.838326
-14.235023
-5.445854
2.441330
11.274385
17.905073
24.512669
30.373478
35.570129
39.421982
42.173992
43.307461
43.444477
44.514885
45.047337
45.546402
46.219666
46.789112
48.116138
43.821186
47.449833
48.639755
49.339130
49.808758
48.409477
49.806190
49.886803
49.281269
50.094631
49.841270
50.059807
49.911011
50.457710
49.990917
51.405552
51.471256
50.466496
50.803818
51.532173
51.524273
52.258972
52.126030
53.199566
53.122334
51.241096
53.664028
54.443192
53.874214
53.795658
54.608719
54.878513
55.718094
54.792938
55.595997
54.649445
56.612591
58.104847
55.973404
57.210499
58.227623
55.510372
58.564178
59.317505
59.279682
59.627560
59.616920
61.279312
60.059250
60.700733
61.791294
61.896618
62.428391
63.770962
64.249931
63.948124
65.908119
66.999718
66.282196
67.928101
68.184120
69.044601
69.582687
70.715599
71.252754
71.787552
73.231285
73.191925
73.911453
74.515579
75.542023
75.838326
77.013763
77.604790
78.586960
78.295052
80.472939
79.969521
81.437469
81.441628
82.360016
82.892532
83.662262
83.872047
84.511330
79.896706
83.498260
85.670166
84.866447
86.153427
86.694565
87.172859
87.683861
88.077370
88.636101
84.167625
87.872070
89.795921
89.751961
90.457657
90.776566
91.443825
91.740753
92.345108
92.708710
71.883812
60.623421
49.744888
41.924423
34.875736
28.224508
21.820377
16.331173
13.817828
11.302815
5.277303
-0.415648
-4.507377
-8.620080
-12.137311
-14.927713
-17.252142
-20.552195
-24.301500
-28.154451
-32.428928
-34.844090
-37.980618
-40.886185
-43.372017
-45.845470
-47.633480
-49.235703
-50.866711
-51.968269
-53.832973
-53.861843
-55.038319
-55.992645
-57.362209
-58.186539
-59.055397
-60.098064
-61.254242
-61.688087
-61.597755
-63.718037
-62.746445
-63.106621
-63.383266
-63.604412
-63.771122
-64.170792
-64.531189
-64.850311
-64.458076
-54.417286
-56.846073
-59.285427
-61.795391
-62.904118
-63.706940
-64.508392
-63.937355
-65.266998
-65.095482
-65.836517
-65.526398
-65.472481
-65.842659
-66.253258
-66.428322
-67.329994
-67.587364
-66.768845
-67.742157
-65.517067
-68.038887
-68.544083
-69.681427
-69.387878
-70.146294
-69.704231
-71.140694
-70.445160
-71.575348
-67.142632
-70.432465
-72.643349
-72.444824
-73.585373
-73.277771
-74.082970
-75.001160
-75.339333
-74.423920
-75.830627
-76.340096
-77.482864
-78.182114
-78.384315
-76.094009
-78.201126
-76.094055
-78.416107
-75.158226
-77.862701
-79.454163
-80.191620
-69.977165
-72.659325
-75.027214
-76.885681
-78.637985
-80.314415
-79.909309
-81.403763
-82.947998
-82.963921
-83.501022
-84.379181
-85.582733
-86.629295
-87.701675
-89.204781
-89.842735
-91.866821
-92.144577
-93.978607
-95.038116
-95.900589
-97.576637
-98.786171
-100.356960
-101.608540
-102.449330
-104.993050
-105.395520
-107.360210
-108.530790
-110.195560
-111.513640
-113.213220
-114.780590
-116.404210
-117.266430
-119.766330
-120.608300
-122.226100
-123.560960
-125.255970
-126.680950
-128.099580
-129.473180
-130.590000
-115.028530
-103.013770
-91.825974
-81.105690
-70.998802
-60.874359
-53.608955
-45.656330
-38.672310
-31.487947
-25.350779
-20.263092
-15.029126
-9.294917
-4.626923
0.253262
4.524737
9.093357
12.734554
17.022968
20.285482
24.134584
27.528183
30.596527
32.888962
35.540009
37.445473
38.848423
39.949028
40.594528
42.086086
41.197910
41.724350
42.163895
42.531021
42.905487
42.662312
43.296379
43.766529
44.092743
44.098480
43.604076
43.814983
44.624119
43.909843
45.407883
46.097492
45.998909
46.998749
47.004639
46.790653
47.381176
48.274498
46.612007
47.414360
47.560242
47.771503
47.861828
47.954781
48.685795
47.361141
48.902866
48.630623
48.754723
49.634243
49.125866
50.283993
50.103798
50.861465
50.878510
50.165558
52.107376
50.200157
51.578495
52.369694
52.381119
53.064182
52.550507
53.977657
53.816067
54.977322
54.111389
54.448120
54.583199
55.028027
56.003719
56.071320
56.806499
56.479904
56.013058
58.165710
57.981651
60.302788
58.861362
59.834423
58.590500
61.120155
61.822044
62.523087
63.008583
63.086521
64.630852
66.303970
65.493851
66.895851
67.486252
68.522079
69.241135
69.490738
70.973320
70.982361
73.261864
73.104073
74.551529
74.781784
75.667328
76.510208
77.441650
78.098404
79.075531
79.291695
81.401833
81.309784
82.270500
83.364571
83.707039
84.416206
85.387283
85.854637
86.760696
83.052689
86.555695
87.110970
88.095917
88.665367
89.318306
89.754402
90.321022
90.225937
90.962967
87.240387
91.043762
91.374802
92.587845
93.176651
93.711540
94.252151
94.832596
95.255333
95.556015
92.442696
95.837921
95.769272
96.739990
97.346809
97.842598
98.141739
98.685776
99.177162
99.411263
98.127419
100.688630
100.387490
100.902180
101.320160
101.820590
102.260420
102.474790
102.775260
103.298560
78.145653
58.952621
46.122971
33.828709
22.365747
12.695255
8.001289
-2.310792
-9.274128
-14.936628
-18.030144
-21.146751
-25.792095
-30.828106
-35.388763
-39.605190
-43.269638
-46.487679
-49.077148
-51.108509
-52.831062
-54.731758
-56.328407
-58.009861
-59.166813
-60.808735
-61.691677
-63.008774
-64.211784
-65.249176
-64.895813
-67.449585
-55.508549
-60.939098
-63.109871
-63.799698
-63.971317
-64.251228
-65.462715
-66.141678
-65.824120
-63.091526
-65.953163
-66.366570
-67.279305
-67.816139
-67.644882
-68.728882
-64.277695
-66.963478
-68.092499
-69.163719
-69.626770
-71.053558
-71.565849
-71.877396
-70.644508
-70.179749
-72.875069
-72.557373
-71.907333
-74.833984
-69.832275
-73.411530
-74.014061
-76.048416
-76.206444
-75.009056
-76.487297
-77.130989
-76.068710
-66.393570
-72.514450
-75.874596
-77.795326
-79.499268
-77.616333
-79.665154
-78.550758
-80.492256
-79.202766
-81.182793
-81.879822
-81.121941
-81.966782
-82.733818
-72.673645
-76.315018
-78.318153
-80.488319
-77.375000
-80.414909
-82.249138
-81.851067
-82.239555
-83.154655
-83.461700
-84.869171
-85.744095
-85.614922
-86.613838
-88.595650
-88.865906
-88.598892
-90.510689
-90.824554
-92.226273
-93.449646
-94.125259
-95.453285
-96.157280
-98.229904
-98.769058
-99.948822
-100.660430
-102.149890
-103.490160
-104.577130
-106.030530
-107.469180
-108.265690
-110.629400
-111.479900
-112.887510
-114.467620
-115.915630
-117.257470
-118.978380
-120.464380
-121.979930
-122.658040
-125.103980
-125.713640
-126.991890
-128.327710
-129.407870
-130.398330
-131.587330
-132.510450
-133.314060
-132.955510
-135.450730
-135.688290
-136.469270
-137.045320
-136.732070
-137.339050
-137.991840
-138.860750
-139.683060
-138.621830
-141.236280
-141.466170
-142.152920
-143.011120
-143.572420
-144.169890
-144.846270
-145.546110
-146.116550
-121.081800
-101.449550
-82.841980
-67.107910
-53.750015
-39.805668
-28.903803
-20.217190
-10.825866
-0.956107
3.842077
9.691866
14.963348
19.759279
23.906734
27.577534
31.057302
34.026382
36.775974
38.787449
40.237186
41.712090
43.224277
44.042717
44.757187
45.503025
46.212181
46.000790
47.432156
48.322086
47.602299
47.304459
47.765873
48.057522
48.312656
43.889015
47.748837
48.279274
48.418091
49.361755
49.546787
49.877556
48.951187
49.999905
48.556034
49.885040
49.846252
50.281761
50.447739
50.218086
50.218193
51.799530
50.045067
51.308914
51.244709
49.868145
51.937431
52.426945
52.083641
52.727325
52.481678
54.178745
53.060215
53.502048
53.585457
54.140373
54.910812
54.939857
55.115288
55.332390
55.743576
55.779312
56.044277
56.340420
56.990822
57.593693
57.964966
58.266174
57.953651
57.265453
56.875427
56.874275
56.132843
55.443924
55.441990
55.430359
55.399570
55.371529
55.375641
55.368309
55.345844
55.317505
55.318970
58.048618
58.760086
59.090008
61.465794
59.792206
61.736351
62.093742
62.670330
63.394012
63.890652
64.261917
65.926918
67.009216
66.535660
67.295364
67.203812
68.435944
69.438805
70.153954
70.693504
70.827553
72.996239
72.266510
73.626060
73.888245
74.899162
75.483330
76.048531
76.817551
77.488602
77.648529
79.829483
79.108238
80.033989
80.454636
81.122757
81.760864
82.376198
83.084709
83.737579
83.831100
85.977112
84.103508
86.143143
86.965088
87.185555
87.858299
88.451973
89.034973
89.617638
89.139938
91.769005
90.729568
91.967369
92.669098
92.835358
93.395477
94.033417
94.201706
94.976913
89.024223
92.993393
95.886681
95.656494
96.474983
96.819466
97.365799
97.861351
98.305443
98.721329
94.107208
98.012718
98.637756
99.985786
100.234990
100.702890
101.250270
101.734150
102.147710
102.454800
74.227486
55.968658
44.995304
33.464245
22.619846
13.425131
9.748173
-0.491484
-7.473443
-13.092127
-17.209257
-18.955917
-22.857973
-27.067888
-31.250523
-35.068638
-38.434486
-41.369690
-44.049976
-46.331535
-48.392796
-50.279686
-51.729225
-53.330948
-54.642357
-55.918125
-57.427643
-58.375690
-59.014206
-59.808079
-58.988762
-59.866795
-60.500187
-61.015545
-53.660313
-58.668472
-60.403156
-61.447548
-62.040543
-62.876724
-62.096523
-63.704479
-57.917389
-61.479893
-62.335964
-63.206028
-63.851112
-64.377510
-55.812416
-58.532967
-61.072052
-63.637184
-63.561993
-64.158409
-64.943481
-65.813927
-52.239971
-62.383850
-64.591743
-65.440613
-65.766266
-67.999390
-67.777367
-66.874908
-68.514969
-69.613327
-69.552155
-69.760979
-68.559563
-70.606712
-68.264992
-69.817192
-72.146385
-66.278259
-69.482300
-71.366104
-71.619781
-71.519402
-73.628769
-71.590698
-73.020668
-74.921593
-74.241501
-76.161865
-75.123154
-74.838745
-75.054482
-76.044533
-69.464302
-72.791077
-75.475899
-77.841858
-69.130051
-75.892914
-78.227699
-78.600883
-80.458084
-78.461586
-80.588600
-75.398483
-76.670601
-79.284561
-81.527016
-81.716316
-79.004868
-81.377434
-82.563416
-83.366943
-84.001350
-84.277527
-81.166992
-83.351257
-84.572113
-83.344055
-82.868629
-82.565567
-83.003784
-84.170044
-86.052383
-86.983459
-87.267891
-89.184120
-89.525711
-91.154594
-92.032646
-93.008430
-93.757111
-95.174637
-96.344315
-97.497391
-98.335716
-100.685440
-101.174240
-102.648470
-104.406410
-105.765810
-107.369730
-108.711950
-110.020300
-111.774480
-112.192790
-114.913010
-115.742650
-117.277770
-118.882780
-120.359090
-121.588220
-123.128310
-124.529560
-125.788050
-126.300770
-128.927370
-129.672120
-130.947430
-132.233810
-133.571210
-134.785050
-135.957790
-137.133440
-138.236850
-114.705960
-95.483871
-77.443138
-63.019714
-49.819477
-36.953968
-25.931652
-17.221205
-8.256383
-1.891560
3.733127
8.808454
13.585587
17.826653
21.635532
25.015123
28.091137
30.937284
33.325493
35.021004
36.345211
38.124947
39.574818
40.850872
41.568382
42.111843
42.828876
43.407795
44.314400
44.518730
44.538570
44.153122
44.747395
45.077152
44.486103
45.376507
45.614021
45.581211
46.283184
45.968010
46.262722
46.888969
45.331577
46.068077
46.366638
46.382130
46.276619
47.283180
47.184975
47.375328
45.241074
48.364025
47.208702
48.003323
47.479115
48.361645
48.476196
48.714123
48.675747
48.361042
48.570065
48.736031
47.659428
48.639729
48.358994
49.571796
49.269005
50.213997
50.393887
50.509239
50.376568
51.543697
50.614216
51.248421
51.716770
51.247982
52.492737
52.750858
52.414799
52.728828
52.257374
53.207226
54.614597
52.553024
53.703297
54.656178
54.457142
55.209675
55.495064
55.788452
56.397156
56.531853
57.771385
57.930267
57.741219
58.480457
58.938995
59.456615
60.101536
60.605984
60.571072
62.057186
63.063496
62.638176
63.240337
64.203697
64.113411
65.242928
65.894028
66.425339
66.520828
68.457954
69.275208
68.713669
69.824501
70.018448
70.948807
71.519135
72.077835
72.872307
73.117844
75.211540
74.504227
75.694527
75.884407
76.736237
77.272163
77.892128
78.652008
79.201363
79.604790
81.377922
81.380882
81.831268
82.395996
83.044411
83.648712
84.382088
85.159660
85.636375
85.678009
87.869675
87.583244
88.123604
88.588272
89.421745
90.139061
90.794189
91.414696
91.988472
91.431488
93.892548
93.642807
94.447021
94.450951
95.375069
95.893860
96.467407
96.845032
97.413551
93.751541
97.206398
97.481049
98.695885
99.107185
99.523544
99.947128
100.347330
100.717350
101.141780
98.734222
101.744830
101.706400
102.387890
102.867920
103.353220
103.610740
104.025730
104.409560
104.834230
100.440090
103.914470
104.960030
105.808590
106.057270
106.544780
106.977420
107.322260
107.690230
108.078900
106.103770
108.996320
108.502000
109.048870
109.508870
109.679620
110.064780
110.075750
110.733600
110.784040
86.016357
68.175369
56.343830
45.188530
34.532303
24.482426
15.491202
11.972277
3.996426
-4.685835
-10.254642
-14.001719
-17.818007
-21.239586
-25.968405
-30.495441
-34.642719
-38.409855
-41.715282
-44.495075
-45.943604
-47.456684
-48.690144
-49.969051
-50.900249
-51.944191
-52.671135
-53.497139
-54.315628
-55.039463
-55.573929
-56.389599
-56.860985
-57.353352
-57.125603
-58.032681
-58.556286
-59.025009
-59.691582
-60.410645
-60.457523
-60.597717
-61.055466
-61.498924
-61.920853
-62.327774
-62.822594
-63.260063
-63.798035
-64.501373
-64.019493
-65.634476
-65.219727
-54.873875
-57.124779
-59.141029
-61.479107
-63.002186
-64.241531
-65.263069
-61.317215
-64.426056
-64.921577
-66.638580
-67.167099
-63.177853
-65.806183
-66.702728
-67.848763
-68.383514
-67.590614
-69.147301
-70.083649
-65.109718
-68.026154
-70.388123
-70.578423
-68.490555
-70.760620
-71.962639
-70.070908
-72.363594
-73.446304
-67.721695
-70.989159
-72.448280
-71.701035
-73.082878
-74.426178
-74.620995
-71.591530
-74.233345
-75.771721
-75.732903
-76.798828
-77.524010
-76.009186
-77.764091
-75.575760
-77.625763
-77.257462
-78.155006
-74.886368
-76.614716
-78.751694
-77.617264
-79.587334
-79.915375
-78.809464
-79.256416
-78.991264
-80.813217
-74.364868
-76.957809
-79.277000
-80.144066
-78.915688
-81.026237
-79.858002
-81.112144
-80.411377
-82.531471
-83.662704
-82.960999
-76.820869
-79.388580
-80.853783
-82.748764
-83.343544
-83.714218
-78.821770
-80.984299
-81.508255
-81.185989
-81.190132
-82.297745
-83.470100
-84.919304
-85.710594
-86.405067
-86.825981
-88.847527
-88.765633
-90.027580
-90.499214
-91.369827
-92.485771
-93.371269
-94.577499
-95.536964
-96.106232
-98.464149
-98.814957
-100.067600
-101.488310
-102.581440
-103.804530
-105.202350
-106.459080
-107.862530
-108.566820
-110.702560
-111.423970
-112.647050
-114.139750
-115.405100
-116.707180
-117.866040
-119.194130
-120.447370
-120.731580
-123.294090
-123.638470
-124.958050
-126.327110
-127.478580
-128.609100
-129.667220
-130.828980
-131.930400
-131.715610
-133.985180
-134.556170
-135.639080
-136.723660
-137.469410
-138.318770
-139.154820
-139.750820
-140.617080
-139.807450
-142.144710
-142.448490
-143.139970
-143.985750
-144.486180
-145.154560
-145.782200
-146.206300
-146.866060
-145.665370
-147.541930
-148.041490
-148.445600
-149.085420
-149.591750
-150.034190
-150.385060
-150.927050
-151.315460
-124.956890
-104.954220
-88.910645
-75.005554
-61.895081
-49.590775
-39.061172
-28.031588
-20.101877
-12.533045
-6.961606
0.299908
6.552222
12.025418
16.614100
20.513432
24.101223
27.258062
29.893488
32.363102
33.140720
34.521198
35.754295
36.613953
37.548443
38.551888
39.633781
40.456295
40.924934
42.010181
42.136349
42.540924
43.238144
43.705822
44.312233
44.808811
45.187012
45.754829
46.005192
46.088223
45.736446
45.319565
45.939594
45.997364
46.103832
46.126671
46.755070
46.926266
47.017815
46.818111
46.695904
47.517723
46.554043
46.866158
46.758686
47.572548
47.551342
47.615757
47.925251
47.869843
48.261124
49.170616
48.112999
48.361252
48.830097
48.752934
48.865723
48.605122
49.027641
49.508564
49.363316
50.394844
49.456486
49.527794
49.497688
50.169983
50.171597
50.474796
50.092968
50.925056
51.260895
51.215904
50.748436
51.374920
51.751328
51.978905
52.337307
52.595970
52.098335
52.821873
53.250904
53.753948
54.085007
54.081524
54.709221
55.523312
55.714405
56.336414
56.326378
56.987690
57.078659
58.489902
59.290558
56.868343
59.458893
60.107571
60.098972
60.809669
61.137772
61.704414
61.833897
63.340424
63.866165
63.226604
64.008125
64.913559
64.743813
65.762421
65.883415
66.658569
66.605812
68.033920
69.222008
68.334023
69.322701
69.244560
70.080215
70.336266
71.040756
71.090202
71.531723
73.220757
72.509781
73.521439
73.912491
74.165848
74.715843
75.136406
75.462349
76.147789
75.888466
77.890404
77.406059
78.113167
78.690437
79.234016
79.251472
79.894768
80.412849
80.911407
80.842644
82.715599
82.148384
82.728203
83.381088
83.494797
83.976807
84.636978
85.004089
85.410812
85.329536
87.272804
86.914078
87.321487
88.014748
88.511917
88.486610
88.803329
89.033142
89.076591
88.133385
90.435341
89.894485
90.797104
91.461571
91.478111
92.222595
92.702461
92.831322
93.677498
92.545250
95.048729
94.770264
95.433685
96.040520
96.241592
96.744728
97.206764
97.620949
97.872818
93.627167
96.969604
99.340294
98.710785
99.264969
99.912498
100.367030
100.536030
101.055080
101.107090
95.270523
98.974159
101.922410
101.498630
102.251320
102.745210
103.030070
103.467940
103.836110
104.036540
77.394501
60.934757
50.900143
40.650150
30.857210
21.724215
13.832086
10.199309
3.338017
-3.421524
-7.959645
-12.283907
-15.758426
-18.751347
-22.365477
-25.827278
-29.233267
-32.366520
-35.108273
-37.833374
-39.080147
-40.813240
-42.563469
-43.549950
-44.885056
-45.940224
-46.806618
-47.816212
-48.476387
-49.367603
-46.369736
-46.360882
-46.359344
-46.351402
-46.349651
-46.352463
-46.368446
-46.355923
-46.352802
-46.345615
-50.933426
-50.510090
-51.216858
-52.117115
-52.709888
-53.158985
-53.533745
-53.868549
-54.301685
-54.714890
-54.826424
-54.901901
-55.481239
-55.778870
-56.150883
-56.365749
-56.636536
-56.837654
-57.235489
-57.262630
-56.706928
-58.108612
-57.382935
-58.343849
-58.477669
-58.930225
-59.000008
-59.323875
-59.588402
-59.814079
-59.831528
-61.238781
-60.712269
-61.282906
-61.631226
-60.529320
-62.113071
-62.207691
-62.740501
-63.235962
-63.250835
-64.863052
-64.362740
-65.169182
-65.571518
-65.926704
-66.335022
-66.793755
-56.908543
-60.168346
-62.264561
-63.699451
-65.824181
-64.502281
-65.242615
-66.557953
-67.372894
-62.410957
-64.648033
-66.833542
-66.675087
-68.643852
-70.154381
-64.677071
-67.046738
-68.059654
-68.645813
-68.152626
-70.139000
-71.283035
-70.839928
-69.210732
-71.602165
-70.168869
-71.688324
-73.004662
-70.402237
-72.940849
-71.315865
-72.778641
-71.055939
-73.661209
-71.057373
-73.116898
-72.647781
-75.021645
-75.359589
-74.951027
-74.684242
-74.843674
-74.828316
-76.757072
-73.563553
-75.323074
-77.245987
-77.296333
-77.984077
-75.892281
-76.155128
-77.277267
-77.271019
-77.902969
-78.940918
-74.925316
-77.689262
-79.291145
-78.593002
-80.776039
-79.658463
-80.350487
-80.307861
-81.061272
-81.164223
-82.548470
-83.506676
-84.381966
-83.162086
-84.288033
-84.646950
-85.651192
-83.814850
-85.807854
-86.812187
-85.826736
-86.188423
-84.835815
-83.839462
-86.229683
-86.972252
-88.568947
-88.322235
-90.172699
-90.541702
-92.123428
-92.962875
-94.391685
-95.274277
-96.400246
-97.472954
-98.789688
-99.493408
-101.509860
-101.880340
-103.519270
-104.537610
-105.509700
-107.023700
-108.034400
-109.171920
-110.406200
-111.065210
-113.491590
-113.843370
-115.127450
-116.543930
-117.427670
-118.741250
-119.972450
-121.147830
-122.168500
-122.254840
-124.831530
-125.150770
-126.482670
-127.835810
-128.840900
-129.811450
-130.979190
-132.101270
-133.169530
-133.013850
-135.510300
-135.816640
-136.853300
-137.978960
-138.622910
-139.637410
-140.564410
-141.466780
-142.296950
-117.382970
-97.848839
-82.343613
-68.592773
-56.841347
-45.242649
-34.416492
-24.903345
-16.449396
-9.861326
-4.987913
1.365314
6.770320
11.444998
15.392747
18.697134
21.648075
24.285578
26.559492
28.457275
28.781195
30.527672
31.508749
32.285759
33.274384
34.085285
34.862888
35.720325
36.232121
37.340828
37.404057
38.491280
39.434002
40.259300
41.106911
42.021973
42.352497
41.219662
43.541901
43.612438
41.827812
41.684147
41.574265
41.461067
41.370811
41.272461
41.200882
41.140198
41.065964
41.020905
43.634926
43.159538
43.894928
43.875813
44.377613
44.760704
44.959480
45.391148
45.722099
46.037556
45.823170
46.361168
45.753822
46.591846
46.251759
46.570210
46.863335
47.218872
46.605324
46.943974
47.381664
48.208851
47.415600
48.070145
48.032303
47.933506
48.266537
48.750664
47.068439
48.748726
45.257351
43.612377
42.433765
40.346046
41.320366
41.648026
42.516781
42.975266
43.979454
44.373119
45.348263
46.412010
45.821972
46.846165
46.568733
47.578499
47.506821
47.713734
48.170795
48.329235
48.490105
49.352692
48.590546
49.380264
49.634636
49.820480
49.378063
50.284660
50.512863
51.011444
47.097973
45.102650
43.117981
41.246075
39.349289
37.560337
35.817909
34.083405
32.302654
30.446747
28.640491
26.837053
25.057980
23.298853
21.610096
19.969883
18.328943
16.772171
15.390063
13.987020
13.617167
13.155471
12.450766
11.601260
10.599777
9.596770
8.532371
7.392351
6.225153
5.026383
3.904075
2.795012
1.648162
0.522406
-0.533567
-1.529900
-2.540497
-2.481303
-3.194901
-4.136439
-4.554792
-5.264723
-6.064157
-6.648003
-7.248584
-7.954470
-8.570906
-9.009181
-9.688894
-10.378432
-10.846204
-11.491711
-12.047489
-12.635892
-13.123352
-13.719315
-14.273836
-14.753834
-15.300578
-15.902419
-16.341692
-16.913403
-17.338842
-17.903612
-18.321329
-18.754925
-19.320753
-19.741302
-20.185488
-20.700815
-21.087431
-21.589224
-21.977327
-22.278627
-22.824617
-23.265888
-23.580927
-23.932186
-24.246893
-24.605204
-24.974951
-25.296492
-25.449406
-25.842022
-26.215328
-26.508389
-26.888985
-27.183258
-27.376055
-27.715492
-28.026331
-28.154474
-28.315739
-28.687647
-29.151648
-28.985796
-29.240318
-29.696983
-29.882753
-29.904490
-3.848997
-3.861920
-3.865704
-3.845844
-3.869998
-3.853474
-3.851080
-3.843563
-3.830135
-3.818653
0.036338
0.000706
0.036094
0.037699
0.056493
-0.048128
-0.033608
-0.023835
0.002081
0.086211
-0.044948
-0.073403
-0.026553
-0.162376
0.016973
-0.012456
-0.015111
-0.000007
-0.011489
-0.008086
-0.012082
-0.018287
-0.015535
-0.004844
-0.006932
0.014498
0.017557
0.003300
0.019577
0.005799
0.002178
0.012168
0.001323
-0.003379
-0.002407
-0.005054
0.009650
-0.001686
0.000338
0.000953
