-6.838358
-12.474039
-17.851223
-22.827221
-27.940441
-33.075912
-26.589340
-21.048223
-15.552900
-9.963018
-4.024517
2.001950
7.823940
13.755965
19.596304
24.808449
30.234762
35.254257
26.990002
20.885647
14.681005
8.911925
3.064760
-2.607801
-8.121352
-13.766983
-19.004213
-23.891474
-29.146315
-34.282516
-28.398354
-22.778940
-17.524456
-12.140106
-6.355152
-0.431447
5.201336
10.947880
16.653498
22.372997
28.353048
34.189487
26.777042
20.728819
14.564447
8.804479
3.009558
-2.666698
-8.172507
-13.819764
-18.970591
-23.889046
-29.109230
-34.311249
-28.413563
-22.858496
-17.654364
-12.288466
-6.583474
-0.697916
4.918183
10.623807
16.308176
22.044796
28.022114
33.926472
26.659340
20.612028
14.455349
8.765792
2.952253
-2.712279
-9.912636
-17.137150
-23.775972
-30.556963
-37.478687
-43.675785
-35.764797
-28.918003
-21.937052
-15.249698
-7.699687
-0.155729
7.213588
14.726828
22.409563
30.101873
37.791470
43.979916
33.921692
25.606518
17.658020
10.291813
2.930628
-4.195415
-11.105491
-17.853825
-24.434107
-30.967968
-37.655083
-44.055763
-36.548176
-29.839840
-22.824865
-16.302917
-8.882309
-1.445175
5.682497
13.131668
20.568367
27.975420
35.543674
42.860855
33.808254
25.400276
17.502420
10.169255
2.856021
-4.252210
-11.096594
-17.766138
-24.304714
-30.855536
-37.499805
-43.926918
-36.595665
-30.047626
-22.954069
-16.384993
-8.998593
-1.642046
5.431548
12.832633
20.216877
27.543285
35.132217
42.515972
33.715462
25.353458
17.464277
10.126634
2.850399
-4.247846
-11.051022
-17.719061
-24.213810
-30.786512
-37.414818
-43.860840
-48.903484
-54.800755
-60.299137
-52.194702
-45.698303
-39.568668
-33.301399
-26.677439
-20.024288
-13.302881
-6.237327
0.831476
7.724052
14.985738
22.238306
29.347555
36.582214
43.582600
49.286015
52.601635
51.130737
37.779774
29.522781
21.631369
14.238953
7.117833
0.161873
-6.112576
-12.392631
-18.421192
-24.230532
-30.606092
-36.708782
-42.404045
-48.030140
-53.071640
-57.427219
-61.736130
-65.710014
-57.122597
-50.749096
-44.537998
-38.338196
-31.779346
-25.211081
-19.002829
-12.367036
-5.642877
0.989275
7.891959
14.844257
21.622349
28.617273
34.801392
39.967609
44.358044
48.483475
35.594135
27.348362
19.531878
12.246963
5.042879
-1.776900
-8.112865
-14.465967
-20.320747
-26.195141
-32.205681
-38.018703
-43.435905
-48.666534
-52.944286
-57.712742
-62.191837
-66.603539
-58.264862
-51.791332
-45.552700
-39.337757
-32.922611
-26.324614
-20.286245
-13.803885
-7.224062
-0.629316
6.059689
13.097453
19.885883
26.684286
32.855381
38.084297
42.087578
46.025429
34.874447
26.630291
18.901562
11.655222
4.472700
-2.291387
-5.892120
-8.997493
-12.261438
-15.308224
-18.270407
-21.163387
-24.860191
-28.823404
-32.715599
-36.680771
-40.449074
-44.148514
-47.993305
-50.459690
-53.335846
-56.326649
-59.535778
-62.708328
-66.145882
-68.615440
-70.455742
-70.561188
-71.612869
-72.947891
-66.156853
-61.068558
-57.101006
-52.914555
-48.879463
-44.471218
-40.539604
-36.376205
-31.806074
-27.668814
-23.521603
-19.508896
-15.708088
-11.272063
-6.950831
-2.425371
2.008336
6.350490
10.789422
15.321230
19.869085
24.238937
28.439728
32.337952
35.496223
38.509010
41.087311
43.230625
44.767982
46.539799
47.494614
49.927502
50.542007
51.312187
51.084457
52.003624
40.448627
34.772270
29.449524
24.281858
19.322893
14.408854
9.941208
5.246107
0.746331
-3.531316
-7.702518
-11.768784
-15.357645
-19.075317
-22.761106
-26.457529
-30.003420
-33.568146
-37.175961
-40.491127
-43.428677
-45.999081
-48.095558
-49.830784
-51.924641
-53.168373
-54.481209
-57.028152
-58.898800
-60.891232
-63.815186
-66.267860
-68.483513
-70.597023
-72.298645
-73.641258
-66.977966
-61.706215
-57.757542
-53.225548
-49.008266
-44.817287
-40.755898
-36.508759
-32.125511
-28.003233
-23.933710
-20.086525
-16.415024
-12.298211
-8.215089
-3.896062
0.468047
4.756919
9.000377
13.347363
17.445663
21.538956
25.465895
29.093575
32.270695
35.506008
37.987762
40.348442
41.489964
42.853680
44.150494
44.964970
45.845123
47.249634
48.004494
49.455158
41.379837
36.033669
30.757057
25.590477
20.599295
15.690104
11.172809
6.460751
1.974318
-2.249978
-6.435601
-10.475657
-14.143668
-17.707123
-21.219109
-25.059885
-28.757210
-32.291050
-35.560467
-38.810215
-41.707806
-44.046890
-46.013607
-47.980873
-49.966228
-50.760036
-52.315289
-54.492252
-56.164425
-57.918949
-60.093529
-62.175972
-64.546013
-67.224869
-69.735558
-72.465645
-66.275574
-60.948364
-56.922779
-52.447392
-48.220314
-43.947926
-39.941532
-35.756321
-31.355461
-27.313267
-23.289364
-19.441242
-15.790747
-11.718918
-7.652737
-3.375863
0.847227
4.994062
9.117709
13.289450
17.411715
21.327982
25.141558
28.343418
31.365625
34.034985
36.532722
38.480145
40.196724
41.150951
42.469406
43.378071
44.534897
45.653687
47.009560
48.594391
40.617321
35.201679
29.976421
24.846676
19.891701
14.976829
10.438593
5.788618
1.341542
-2.760189
-6.947908
-10.939297
-14.390203
-18.030994
-21.529396
-25.458624
-29.058426
-32.630745
-37.088684
-41.410358
-44.768341
-47.360359
-49.415592
-51.536045
-54.159195
-56.347267
-59.475502
-62.986492
-67.138206
-71.269112
-72.788773
-74.876778
-76.147736
-77.325882
-78.674896
-80.085716
-81.159813
-82.615334
-84.022400
-85.322021
-86.704079
-87.192039
-76.536514
-69.685219
-63.325012
-56.743240
-50.317356
-43.758556
-37.860081
-31.680075
-25.704563
-20.052158
-14.354943
-8.493732
-2.742717
3.431491
9.173027
15.593359
21.344200
26.701969
31.303545
34.335167
38.329865
40.447403
41.451622
41.895084
42.919090
43.741600
44.733917
46.395420
47.526173
48.268524
48.847061
49.720333
49.697727
48.762196
50.130901
50.440525
49.911942
50.213951
50.635639
50.782768
51.384621
51.313011
41.458214
33.442387
25.854727
18.550337
11.490471
4.701557
-1.267368
-7.387153
-12.952195
-18.240461
-23.319086
-28.323425
-33.141506
-38.000095
-41.120193
-43.768044
-45.857475
-47.376080
-49.341747
-49.984539
-50.471226
-51.657986
-52.215824
-52.976948
-54.130089
-55.386395
-56.939411
-58.238468
-60.454632
-62.105198
-63.376308
-64.953369
-66.659843
-68.142281
-70.019272
-71.833626
-73.435791
-76.063591
-78.246704
-80.715637
-82.777756
-84.823494
-74.970009
-68.117409
-61.487541
-55.001228
-48.698189
-42.118233
-36.218655
-30.160877
-24.428913
-18.722092
-13.016386
-7.270839
-1.529348
4.402394
10.546236
16.229406
21.666525
26.744352
31.119913
33.740963
35.607735
36.702374
37.676727
38.323780
39.146976
39.609322
40.179958
41.198341
41.822536
41.805313
43.159771
43.777817
43.338989
44.494411
44.334736
45.632797
45.908852
46.564747
47.365990
47.557880
47.829605
49.290829
39.399681
31.538197
23.986387
16.670029
9.741253
3.077126
-2.748932
-8.769759
-14.272603
-19.328592
-24.454336
-29.347830
-33.819016
-37.973206
-40.948936
-42.914570
-44.490593
-45.883972
-47.347912
-47.573162
-48.591839
-49.218895
-49.768642
-50.717716
-51.185760
-51.830463
-52.504616
-53.261189
-53.539818
-55.250641
-55.826324
-57.144444
-58.020569
-58.919590
-59.786991
-61.087055
-62.208187
-63.286621
-64.314529
-65.988350
-67.653877
-69.256798
-71.653450
-73.833626
-76.003967
-78.241257
-80.690956
-83.145737
-84.901993
-87.354004
-89.236557
-90.834641
-92.764603
-93.123978
-94.079102
-96.454323
-98.090134
-99.787552
-100.319770
-102.146000
-90.774040
-83.098816
-75.659889
-69.282074
-62.888111
-56.517529
-50.401627
-43.964298
-38.084587
-32.156910
-26.590508
-21.029810
-15.757690
-10.041452
-4.566351
0.893969
6.371455
11.911543
16.936783
22.042765
26.653202
31.155167
33.997169
35.653221
36.561001
36.508171
36.399139
38.099171
38.510597
37.203171
38.788361
38.984718
39.815830
40.055286
40.252190
40.607941
40.611675
41.352417
42.216339
42.019783
41.285767
43.017700
43.592556
43.930908
44.792896
44.950043
45.800865
45.835712
46.220554
46.479565
47.687939
47.999313
49.108597
49.604877
49.875641
50.230049
51.082924
50.531643
51.535461
52.443707
52.348667
53.490700
54.025444
53.883102
55.086922
54.604321
45.751072
37.791405
30.234369
22.918783
15.927593
9.306201
3.068619
-2.772756
-8.505799
-13.912587
-19.143925
-24.436045
-28.892342
-33.505009
-37.313652
-41.131203
-43.599510
-45.130157
-45.981426
-46.359776
-46.829464
-47.044781
-47.316017
-47.589355
-48.399616
-48.063450
-48.805832
-48.755947
-49.461594
-49.854973
-50.336082
-51.035248
-51.437649
-52.335518
-52.991276
-53.518841
-54.111629
-54.692638
-55.595360
-56.310253
-57.234207
-57.977272
-58.772110
-59.948566
-60.595261
-61.311218
-62.301781
-63.306660
-64.402985
-65.443420
-66.893066
-68.090530
-69.601456
-71.294838
-72.967369
-75.086510
-77.502502
-79.747246
-82.379471
-84.798912
-86.953087
-89.675758
-92.342438
-95.152863
-97.702072
-100.095570
-88.653236
-80.940132
-73.623970
-67.400970
-60.977276
-54.555481
-48.653149
-42.347179
-36.441216
-30.805138
-25.267769
-19.636820
-14.254151
-8.766240
-3.216834
2.097809
7.671146
12.935866
17.479511
22.645508
26.931774
30.907854
32.467964
34.021366
34.825905
35.369789
35.879944
36.406315
36.101234
36.360477
36.276287
37.371525
37.129471
37.977310
37.981228
38.746773
38.586514
39.134155
39.007790
39.818649
39.919685
40.008751
40.374851
40.951973
41.226616
40.455456
41.331249
42.494747
42.441292
43.140717
42.931625
43.927574
44.319435
45.154823
45.760822
46.500378
46.242649
47.582180
48.255234
48.561924
49.387535
49.688934
50.954174
51.637581
52.973484
54.390736
44.097710
36.203861
28.771061
21.574749
14.713216
8.140422
2.031102
-3.737241
-9.243847
-14.602518
-19.904676
-24.927963
-29.483068
-33.425694
-37.399387
-40.265900
-42.432446
-43.595291
-44.307812
-44.533512
-45.283516
-45.395565
-45.794571
-45.875507
-46.671638
-47.101643
-47.182083
-47.957317
-48.784111
-49.793316
-50.010540
-50.928860
-52.140648
-52.566879
-53.479958
-54.296673
-55.211082
-56.178215
-57.281864
-58.198364
-59.126888
-60.347347
-61.120331
-62.783367
-64.253319
-65.674797
-67.132782
-69.152222
-71.370506
-73.816353
-76.554008
-79.472572
-82.460121
-85.553757
-88.434639
-91.967514
-95.353485
-98.599792
-101.446280
-103.911040
-105.123110
-107.725430
-109.628850
-111.263360
-112.844890
-114.517910
-113.512180
-116.344870
-117.984310
-119.731460
-120.910940
-122.408120
-118.487690
-121.822430
-123.794460
-124.827520
-125.673480
-126.274890
-95.714203
-82.774963
-71.133354
-60.617275
-50.054840
-39.959816
-30.586742
-20.932091
-11.465266
-1.861486
6.955024
15.603006
25.492203
33.102058
35.658215
37.778065
38.485691
39.134811
37.918465
39.353176
40.532890
41.084377
40.506062
42.286968
40.754845
42.111076
42.927330
42.984505
43.748009
43.938786
43.292614
44.776165
44.907841
45.613106
46.041679
46.772617
46.134529
47.202854
47.098858
48.424671
48.629059
48.851078
49.291794
50.199726
50.975834
51.711601
52.824993
53.055267
53.948063
55.344620
56.587135
57.186295
57.972637
58.803921
57.691116
59.221893
60.030727
60.487846
61.324062
62.272102
62.396084
63.774467
64.279808
65.619843
66.161407
67.307220
67.483765
69.206451
70.360909
71.375664
70.006439
72.404961
54.978951
41.548260
29.667049
18.744579
8.748990
-0.161850
-6.762827
-14.036603
-20.762604
-26.855104
-33.395676
-39.358410
-44.262482
-47.558441
-48.718334
-49.458488
-50.425034
-51.116432
-51.071629
-51.308575
-51.665195
-51.947380
-52.344753
-53.057541
-53.094864
-53.628162
-54.471012
-54.881706
-55.902653
-56.457870
-56.637970
-57.656677
-58.351173
-59.104767
-59.871342
-60.506927
-61.104733
-61.977318
-62.916553
-63.932388
-64.948952
-66.146255
-66.978630
-68.393875
-69.482628
-70.893829
-72.454239
-73.517540
-75.374863
-77.601044
-79.676842
-81.838753
-83.107552
-85.687614
-87.961716
-90.700905
-93.241768
-94.950058
-98.411339
-101.258490
-101.598820
-105.320630
-108.624600
-111.173550
-113.716620
-116.307010
-114.411430
-117.603650
-119.866100
-121.515460
-122.798490
-123.840410
-93.748787
-80.958038
-69.419983
-58.962975
-48.490696
-38.423637
-29.124546
-19.913176
-11.032689
-3.210444
5.082489
12.727756
21.704084
29.440399
33.334572
34.428345
35.338978
36.618568
34.413342
36.652168
37.700073
38.482384
39.379795
39.408943
39.041676
39.878994
39.997341
40.432865
40.529716
40.656075
40.832581
41.703510
41.811390
42.618328
42.992771
43.144791
42.919483
43.592026
44.062008
44.409771
43.984310
45.365398
43.989235
45.834068
46.082909
46.370007
47.304531
47.439766
46.909016
47.903023
48.504890
49.027809
49.974152
50.469624
50.151802
51.970898
52.313889
52.916424
54.022182
54.776199
54.602188
55.139561
56.669338
58.640873
59.827778
61.112492
62.160751
64.073166
65.307999
67.385551
68.563744
69.862381
52.045712
39.480682
28.332067
18.204306
9.003717
1.224695
-5.305534
-12.119552
-18.545269
-24.820375
-31.143272
-37.004799
-42.493126
-46.056431
-47.671520
-48.735649
-49.381840
-50.288338
-49.253906
-50.378399
-50.563354
-50.880817
-51.375298
-52.143826
-51.922955
-52.767849
-53.621078
-54.365932
-55.303844
-56.128963
-56.116409
-57.191715
-58.171543
-59.125916
-59.831532
-60.703579
-61.208805
-62.502605
-63.389893
-64.684799
-65.953506
-67.272522
-68.306366
-69.902687
-71.782806
-72.822182
-75.243256
-77.737854
-79.647797
-82.546638
-85.320747
-87.444794
-90.527168
-93.608437
-96.142570
-99.869156
-103.130370
-106.387370
-108.891280
-112.102580
-113.296620
-116.893860
-119.729720
-121.896450
-123.925410
-125.140910
-119.617650
-124.219310
-126.744760
-128.452190
-129.510930
-130.722310
-127.138150
-130.704730
-132.688020
-134.087360
-135.166560
-136.109270
-135.132860
-137.522080
-138.832530
-139.927190
-141.250400
-142.243800
-117.920620
-103.137990
-89.038612
-75.435829
-63.423603
-51.856483
-41.099831
-30.637001
-20.532331
-11.300167
-3.200472
4.745317
11.910105
19.202467
25.556139
30.207439
33.347561
34.609619
35.620575
36.522259
37.462269
38.428596
39.538334
40.354511
39.676132
40.117775
41.642738
42.627594
43.044083
44.111641
43.553162
44.108002
44.520073
44.692150
45.425007
45.810528
45.454773
46.119400
46.500523
46.727692
47.233562
48.107670
46.951111
47.944427
48.921951
49.367386
49.455269
50.147152
49.153412
50.377014
51.171974
51.811855
52.105148
51.455723
51.936256
53.644966
54.624489
55.465527
56.453823
57.298107
58.037491
60.038910
61.641045
63.147282
63.860435
65.369957
66.371910
68.197083
69.559486
70.879807
71.991631
72.914696
73.135323
74.910973
75.587097
74.442841
76.597061
77.874138
77.111702
79.321457
80.165092
80.921455
81.671852
81.382195
81.795670
83.203552
84.005997
84.481033
84.988380
85.176704
65.718407
52.473053
40.539078
29.617321
19.579168
10.555067
3.258878
-4.003880
-10.183832
-16.624441
-22.548309
-28.522465
-33.809654
-38.308201
-41.969219
-44.807243
-47.133240
-49.390575
-50.604137
-52.562607
-54.460854
-55.810722
-56.014862
-56.221043
-56.067547
-46.905800
-54.049129
-54.767952
-56.080475
-56.729336
-57.243675
-55.657433
-56.747742
-57.905045
-58.332058
-58.859848
-58.800564
-58.713554
-59.448803
-59.927948
-59.358185
-60.038143
-60.131123
-60.969215
-61.715359
-61.719219
-62.181026
-62.803230
-62.968407
-63.411289
-53.030262
-56.432304
-59.405464
-61.968731
-63.336178
-64.583549
-64.127670
-65.106453
-65.797691
-66.065994
-64.308975
-67.312897
-68.295815
-69.402153
-70.525406
-70.978661
-71.915260
-70.983383
-72.211571
-73.348351
-74.227501
-70.610695
-73.355644
-75.547546
-77.292648
-77.424812
-79.357094
-79.519249
-80.825066
-82.083275
-82.680016
-84.075493
-85.332275
-87.107689
-88.248238
-89.379463
-89.512184
-91.037209
-92.414040
-93.692368
-94.430771
-96.555420
-98.277565
-99.881287
-101.445880
-103.133030
-103.839860
-105.526030
-107.641940
-109.108290
-109.694700
-111.333810
-113.051190
-114.661450
-116.389590
-117.831860
-119.024390
-120.023170
-121.268500
-122.114680
-117.221700
-120.758850
-122.217180
-123.710530
-124.742990
-126.086540
-126.723720
-128.024920
-129.114720
-129.747310
-125.488270
-128.212510
-130.784240
-132.122710
-133.676850
-134.643450
-135.514920
-136.686680
-137.482620
-138.505260
-117.550660
-108.826630
-100.299380
-91.883179
-83.733017
-75.797943
-68.211830
-61.374737
-54.766747
-48.257488
-42.251064
-36.031448
-30.161787
-24.330206
-18.931837
-13.827393
-9.247439
-5.053936
-0.974432
3.144130
6.873921
11.236929
14.854324
18.470163
21.766195
24.527195
26.934086
28.987783
30.658142
32.041832
32.491451
33.720627
33.782696
34.659756
34.829128
35.437164
35.885719
36.622627
36.896976
37.480713
37.107807
37.381870
38.478764
38.890263
39.316864
39.982170
40.458916
41.004093
41.637451
41.913460
41.333492
38.404739
40.785053
41.685997
41.939644
42.274723
42.366653
43.124329
42.740669
43.248627
42.867435
43.022102
43.711525
43.684814
44.196125
44.409237
44.730312
43.476856
44.717613
44.980907
44.738644
44.883465
45.297375
45.219151
45.796165
46.115826
46.345917
46.323181
46.215191
45.868706
46.028320
46.206955
46.730045
47.134197
47.571766
47.590973
48.088573
48.341488
48.706139
49.133194
47.451820
48.800358
49.247570
49.497585
49.686260
50.034435
50.289665
50.739765
50.445381
51.509281
48.467102
50.368229
51.375034
51.021572
50.972691
52.212551
52.397297
52.161777
53.154896
54.096043
53.640938
54.534023
55.234310
56.530560
56.913265
57.527416
57.913967
59.243904
59.764561
60.513729
60.580605
61.846489
62.369526
63.465824
63.957878
64.679520
65.703896
66.356148
67.309471
67.801567
67.867981
69.284241
69.982422
71.036377
71.599953
72.582695
71.967918
73.177345
74.057770
74.570137
74.506546
75.921066
77.099205
77.684151
78.685471
79.161949
79.969589
80.807709
81.288460
81.177940
68.787529
60.830914
53.300613
46.223495
39.639404
33.303043
27.158545
21.424257
15.942853
10.980634
6.697198
2.398401
-1.828040
-5.780977
-9.314746
-13.179318
-16.762201
-20.203007
-23.569504
-27.000589
-29.586443
-32.627644
-35.093430
-37.163467
-38.839146
-40.720966
-42.059044
-42.987690
-44.430367
-45.590595
-46.038864
-47.046482
-48.191723
-49.445442
-50.878220
-51.898876
-50.316113
-53.084152
-53.086105
-54.311172
-53.381451
-54.622417
-48.790333
-52.082317
-52.701092
-52.757153
-52.864918
-53.851036
-53.567638
-55.067631
-54.213097
-55.239326
-49.880371
-53.195618
-55.361500
-56.293350
-55.947567
-56.911339
-57.409718
-58.285412
-57.241474
-58.506466
-58.432072
-59.615982
-60.896202
-60.101105
-60.670090
-61.200329
-61.816441
-62.507133
-61.713112
-62.794750
-63.565777
-63.861130
-64.708412
-65.280563
-64.933327
-64.473541
-65.134491
-65.137001
-66.973282
-67.142921
-68.264114
-67.839691
-68.753021
-70.240501
-70.520752
-71.298676
-71.272194
-72.521461
-73.740311
-72.481667
-74.954681
-75.661011
-77.417336
-78.539543
-79.513519
-79.514061
-81.585663
-82.884560
-83.605301
-85.026924
-86.484245
-88.356987
-89.584755
-90.973083
-91.155205
-92.934326
-94.947037
-96.630394
-97.252869
-99.254524
-101.405750
-102.891230
-104.944340
-106.731770
-108.393220
-110.181430
-111.215840
-113.030840
-113.550280
-116.046330
-117.993980
-119.880620
-121.520270
-123.043130
-124.450680
-125.852000
-127.232960
-128.878590
-124.649520
-127.586870
-129.708370
-130.725880
-131.944200
-132.609280
-133.693660
-134.193420
-135.185440
-135.865280
-131.900710
-134.646560
-137.304900
-138.427580
-139.221820
-140.455930
-141.130460
-141.733780
-142.612840
-143.118070
-139.670240
-142.291760
-143.621460
-144.703740
-145.480190
-145.622600
-146.536120
-147.087710
-147.471970
-148.259000
-146.337720
-148.089600
-149.245100
-150.268420
-150.507310
-150.926240
-151.400340
-151.784040
-152.273860
-152.992420
-127.677670
-111.985840
-97.194771
-83.031898
-69.584160
-56.923996
-45.689625
-35.151184
-25.016590
-15.707642
-9.003118
-2.931126
2.315080
7.701788
12.820189
17.719320
21.838627
25.377800
28.522776
30.907413
33.127693
34.537800
36.082291
36.521126
37.647621
38.669209
40.266327
41.397953
42.461117
43.772770
42.784046
43.059391
42.539242
43.804108
44.750687
45.308483
45.803585
45.313412
46.078503
46.371616
45.642677
45.695004
46.009075
46.463074
46.491814
46.842918
47.337009
47.180222
47.044010
47.367226
47.103115
47.530132
47.894363
48.219185
48.416653
48.689865
48.599884
48.739555
49.472134
49.005486
48.386536
49.025589
49.483078
48.782372
50.316574
50.538681
50.939320
51.588139
51.963898
52.471512
51.164608
51.927582
52.792969
53.826885
54.054401
54.839813
55.334034
55.715599
55.898685
56.555176
55.424725
56.393818
57.435379
58.006329
58.506596
59.049431
59.169952
60.042835
60.430904
61.142769
57.626118
59.993320
60.897144
61.255890
61.461266
61.580879
62.027592
63.160561
64.001549
64.785774
64.399300
65.796722
66.776749
67.851761
68.339302
69.152969
70.090569
70.434624
71.485489
72.417900
72.149620
73.304504
74.093704
75.015732
74.084549
75.042290
76.025925
76.839104
77.239983
78.016228
77.793671
78.674324
79.702942
80.199799
80.871185
81.150719
81.997681
82.226265
82.850410
82.442535
82.263977
83.644966
84.174812
84.922539
85.334328
85.730896
86.346771
86.524658
87.241264
87.645210
86.208054
88.000870
88.712975
89.259003
89.725922
89.969604
90.649559
90.163460
90.545273
90.942230
89.766502
91.247429
92.028900
92.374550
91.960777
92.212929
92.388702
92.659676
92.936058
93.449745
74.147186
60.650280
48.294353
36.970699
26.527317
17.037127
9.187150
2.074908
-4.452366
-10.471041
-14.721458
-19.705065
-23.989536
-28.203640
-31.653164
-35.214329
-38.165295
-40.537540
-42.615925
-44.354469
-45.659306
-46.920475
-49.136181
-50.743099
-52.032764
-53.640198
-54.619686
-50.550129
-55.275349
-56.117847
-54.717064
-55.855450
-56.408978
-57.099407
-57.629333
-45.650318
-51.292545
-54.012161
-54.898842
-56.109257
-55.673576
-55.903027
-56.785522
-58.021297
-57.449379
-57.949715
-59.048332
-59.399715
-60.745373
-59.500912
-60.725506
-62.194717
-55.257088
-58.451885
-60.651779
-62.469349
-60.470253
-62.525444
-63.254459
-61.549320
-63.419930
-63.774807
-64.655296
-57.257103
-60.315517
-62.928162
-65.017853
-65.244865
-65.066689
-67.015038
-66.616783
-66.848610
-66.150078
-66.960808
-66.368210
-67.550598
-69.094101
-66.099823
-68.858345
-70.456970
-70.501595
-65.931969
-68.818367
-69.381149
-69.355972
-69.347488
-69.306946
-69.283478
-69.286797
-69.262428
-69.250717
-69.240837
-69.214371
-70.889114
-72.855583
-73.621086
-74.688072
-67.816231
-71.111214
-73.480606
-74.680283
-75.990562
-76.786652
-76.863884
-78.260452
-77.826149
-79.283951
-80.218620
-80.894394
-82.014122
-81.538696
-83.080406
-83.968193
-84.518967
-86.316177
-86.631386
-88.401237
-89.474350
-90.444862
-91.659805
-91.679588
-93.115623
-93.940987
-94.220955
-96.267044
-97.578308
-99.069687
-100.677260
-102.137860
-103.528410
-105.036210
-105.089710
-107.059460
-107.291120
-109.654960
-111.650030
-113.002090
-114.388940
-115.824310
-117.297010
-118.608720
-118.595500
-120.842120
-121.223870
-122.968390
-124.936980
-126.133470
-127.399320
-128.517240
-129.962890
-131.185780
-132.211850
-132.777300
-126.564070
-130.689360
-132.385570
-134.479680
-135.765700
-136.576030
-137.512590
-138.295180
-139.160460
-140.029880
-135.097380
-137.906980
-140.615400
-141.888090
-142.889450
-143.732480
-144.820950
-145.432360
-146.071520
-146.848740
-120.500590
-105.306020
-90.883453
-77.196808
-64.182945
-52.021744
-41.303165
-31.353321
-21.665956
-13.127440
-7.192952
-1.462495
3.155051
7.956754
12.415298
16.879648
20.611761
23.300222
26.782957
29.162397
31.411242
32.562374
34.494820
35.337700
36.477295
37.452358
38.640739
39.723644
40.646122
42.167156
39.819263
41.669109
42.375481
42.697453
42.717113
43.208817
44.102951
43.850304
44.622078
45.128910
43.279549
44.725418
44.504333
45.330460
45.338776
45.371872
45.909359
45.785328
45.277599
46.193691
45.297401
45.534027
46.430298
46.122746
46.517193
46.750484
47.820999
46.932503
47.093075
47.625881
46.799931
47.162319
47.626320
47.651054
47.941593
48.138382
48.082832
48.675049
48.913090
48.932739
48.276955
48.975761
49.728588
49.381489
50.085064
50.772274
50.903534
51.316902
51.648056
52.043018
51.442936
52.546463
52.861454
53.182259
53.715206
53.960758
54.855354
55.177788
54.778732
55.275867
55.707268
56.638412
56.859898
58.039291
58.890579
59.413494
60.036152
60.811260
61.353275
61.818516
61.676136
63.041023
63.706123
64.371941
64.806381
65.559746
66.002815
66.567314
67.007202
67.320641
64.196014
66.126793
66.501808
66.147072
65.320694
64.692665
65.096924
67.086899
67.899651
68.842590
68.975975
70.303078
70.967796
71.878517
72.477013
73.286476
73.902573
74.381599
75.174911
75.764832
75.600197
76.881058
77.699013
78.674400
79.386406
77.171722
79.275993
80.234238
81.149956
81.682274
81.047478
82.453873
83.530258
84.107010
84.837799
85.276054
85.931808
86.517525
87.186638
87.796806
87.057388
88.511147
89.264771
89.948845
90.310555
90.217896
90.254257
90.791573
91.223145
91.395576
73.030907
59.919140
47.843121
36.766598
26.514877
17.245794
9.486246
2.421433
-4.037416
-9.701652
-14.090477
-18.720182
-22.891504
-26.884369
-30.459719
-33.702961
-36.615017
-38.737553
-40.825294
-42.222168
-43.673679
-45.364204
-46.826591
-48.248909
-49.629112
-50.999271
-52.274803
-52.756943
-53.571289
-54.331844
-52.996407
-53.836937
-54.247349
-54.713501
-44.258961
-49.103867
-51.847862
-52.336113
-53.439411
-54.024380
-54.072941
-54.196659
-53.989815
-55.298481
-55.974255
-52.108280
-54.773060
-55.920586
-56.367836
-56.648098
-54.823818
-57.494064
-57.817677
-58.665939
-54.388580
-56.710728
-58.504971
-58.608051
-59.403511
-59.814781
-59.802067
-58.721905
-60.130978
-60.723434
-60.727921
-62.117458
-63.101528
-58.569046
-61.160141
-62.043404
-61.825249
-63.143810
-63.024231
-64.577377
-65.731415
-55.653061
-58.525551
-61.023338
-62.579597
-63.655205
-63.761345
-64.299728
-65.885368
-63.604408
-66.171257
-67.467270
-68.231331
-69.165482
-68.057350
-69.376579
-68.971252
-70.427345
-71.283600
-63.991508
-67.351181
-69.501770
-69.808395
-71.579407
-72.537247
-73.485855
-72.994736
-74.639709
-74.659424
-76.351471
-76.362404
-78.135101
-78.925049
-80.223526
-79.773720
-81.252800
-81.341431
-83.343979
-84.400223
-85.520638
-86.857315
-87.702522
-89.143364
-90.445480
-89.809311
-91.929222
-92.382210
-94.008705
-95.529526
-96.835114
-98.265991
-99.559898
-100.657900
-101.991380
-103.109570
-102.829140
-104.559040
-106.125650
-107.496380
-108.897930
-110.208470
-111.416690
-112.745170
-114.360460
-115.389640
-116.791340
-116.617860
-119.117810
-120.488590
-121.567950
-122.892580
-124.421700
-124.721740
-126.431570
-127.609360
-128.729660
-128.775560
-130.335940
-131.547320
-133.131010
-134.199200
-135.061480
-136.151090
-137.021220
-137.805650
-138.805760
-134.800350
-137.359440
-139.434740
-140.182480
-141.247700
-141.702500
-142.442920
-142.752850
-143.280940
-143.964230
-141.316330
-143.531630
-144.841490
-145.991200
-146.457570
-146.914870
-147.509700
-147.748110
-148.275770
-148.386230
-143.605120
-146.084730
-148.641200
-149.677190
-150.213700
-151.054570
-151.382190
-151.990650
-152.213490
-152.486830
-150.251210
-152.002290
-153.356550
-153.792710
-154.154370
-154.354030
-154.679060
-154.858400
-155.471850
-155.687420
-131.321850
-117.011990
-103.306130
-90.302010
-77.886040
-65.955482
-54.530304
-44.385830
-35.291405
-26.484774
-18.413895
-10.787536
-3.816174
2.183328
7.336012
12.375805
16.923229
20.819725
24.190384
27.120958
28.533688
30.208677
31.493830
32.905880
33.835899
34.909443
35.598484
36.452633
36.918163
37.607849
37.415466
38.711357
39.522667
40.149639
41.122269
42.189674
42.761776
43.438560
44.275856
45.139847
44.134151
44.935829
44.982552
45.744297
45.933102
46.131664
46.152359
46.602413
46.772118
47.119644
46.750587
47.139599
46.624996
46.034431
47.268074
47.576401
47.870892
47.597378
47.808643
48.295376
47.219681
47.763908
48.479031
48.681942
48.734890
48.921410
49.070511
49.285309
48.969727
49.644016
49.075592
49.743858
50.016945
49.996372
50.513279
50.744087
51.301014
51.235023
51.892605
52.109776
51.436764
52.547848
52.566074
53.085155
53.531624
53.795109
54.423832
54.461300
54.872326
55.472752
55.143890
56.019363
56.563404
57.051315
57.638893
58.141403
58.880943
58.196442
59.427082
60.009045
59.567448
60.645954
61.504803
62.156788
62.527744
63.196438
63.664974
64.180954
64.807648
65.298790
64.464264
65.759430
66.130478
67.283264
67.733269
68.146690
68.594383
69.226585
69.694176
70.028297
68.610107
69.938461
70.822449
71.387939
71.475830
72.501007
72.995079
73.248917
73.522034
73.724052
67.925133
70.328491
70.298538
69.796165
69.634750
70.841637
72.220100
73.407852
74.431442
74.891792
74.881882
75.953209
76.679756
77.115311
77.730675
78.256683
78.696678
79.224846
79.697647
80.129097
78.464951
79.671638
80.678696
81.188126
81.675438
81.998077
82.460831
82.822937
83.344803
83.690910
83.125748
84.321892
84.933105
85.413925
85.778854
86.215706
86.542130
86.940903
87.355614
87.733849
86.910881
88.142319
88.823906
89.004784
89.441795
89.663872
89.835159
90.098640
90.117226
90.385399
89.480774
90.748405
91.562271
91.745964
92.136810
92.345184
92.603432
92.791489
93.240417
93.461220
92.364304
93.885864
94.419716
94.777679
94.781754
94.573624
94.987930
95.520828
95.882690
96.216148
95.065041
96.378265
97.153564
97.520943
97.838509
97.943474
98.299210
98.620163
98.202682
96.709892
94.706291
96.341637
76.601814
62.868885
50.365738
39.010750
28.805161
19.448957
11.855026
4.617365
-5.184284
-10.442846
-15.446274
-20.356136
-24.587893
-28.775824
-32.036846
-35.491425
-38.098682
-40.288509
-41.231590
-42.589752
-43.602566
-44.669441
-45.645119
-46.170353
-47.141712
-47.858654
-48.706612
-49.695408
-49.766113
-49.998005
-51.218670
-51.725925
-52.070091
-52.573227
-53.095432
-53.608860
-53.774448
-54.744282
-53.230389
-54.176865
-54.529839
-54.877014
-55.372677
-56.120766
-56.101360
-57.104145
-57.837090
-54.703709
-55.887184
-57.070221
-58.104053
-55.658558
-57.355042
-58.553356
-58.700745
-58.770626
-59.347912
-60.272858
-60.269848
-59.789856
-60.967144
-61.328854
-61.087856
-59.785755
-62.589577
-62.110207
-63.275394
-62.381943
-63.119576
-63.021904
-64.522156
-59.550613
-61.624222
-62.848415
-63.661633
-63.508034
-63.920338
-63.721958
-65.028160
-63.786331
-65.436470
-66.424530
-65.978516
-66.467506
-66.688927
-67.527718
-66.155396
-67.155388
-65.774773
-65.995499
-68.152306
-62.239002
-64.680275
-66.790718
-66.800629
-67.922462
-68.768639
-69.790741
-69.797874
-68.558105
-70.473434
-63.386230
-67.346909
-69.411743
-70.480644
-70.146957
-71.129066
-72.324287
-72.211769
-73.345795
-67.267372
-69.891090
-71.132545
-72.492607
-73.312157
-74.311691
-74.890297
-75.507744
-75.071373
-75.062744
-76.899330
-77.734886
-78.234818
-78.687340
-79.360382
-78.957550
-79.628059
-80.701561
-80.263535
-81.982246
-82.638161
-83.734047
-84.366776
-85.117767
-86.241066
-86.971207
-85.764198
-87.614220
-87.678352
-89.326843
-90.062630
-91.372498
-92.333351
-93.380600
-94.246193
-95.091644
-94.235153
-96.181969
-96.155167
-98.002625
-98.909225
-100.130540
-101.363560
-102.689700
-103.667230
-103.937150
-105.349740
-106.531010
-106.807300
-108.994380
-110.466380
-111.418040
-112.693860
-113.855190
-115.060070
-116.037250
-117.469150
-118.619190
-117.549110
-120.075020
-121.512640
-122.706280
-123.799850
-124.677690
-126.042560
-126.281430
-127.892970
-128.965100
-128.289750
-129.984380
-131.164370
-132.620300
-133.610430
-134.497860
-135.224490
-136.457490
-137.305910
-138.077580
-133.633360
-135.752180
-138.363800
-139.895250
-140.691010
-141.640470
-142.348970
-142.847460
-143.719600
-144.044880
-137.594850
-141.514240
-143.189850
-145.115020
-145.608200
-146.255660
-146.986650
-147.311780
-148.097750
-148.333340
-122.780620
-108.646200
-95.326263
-82.743469
-70.712173
-59.229858
-48.299583
-38.695030
-29.984846
-21.676857
-14.242759
-7.375310
-1.452857
3.827471
8.386643
12.424797
16.059145
19.502518
22.412584
25.097281
26.120085
27.723209
29.362741
30.242218
31.455448
32.609329
33.271084
34.187584
34.874512
35.670273
33.312252
33.308193
33.295334
33.289787
33.294315
33.287846
33.302265
33.307823
33.281380
33.283482
35.290794
36.263165
35.473789
36.976295
37.611168
38.416962
38.769489
39.632111
40.281212
41.078770
40.161251
40.833858
41.403545
41.632118
42.161518
42.048069
42.660767
42.762310
43.374714
43.589901
42.467228
42.887917
43.233299
43.505699
43.580238
43.878883
44.164909
44.308094
44.433563
44.372776
43.946941
44.384567
44.723515
44.893673
44.907047
44.794582
44.735577
44.910114
45.173107
45.319122
44.805782
45.308151
45.611019
45.832348
45.874931
46.023163
46.342964
46.535847
46.192116
46.711029
46.158604
46.929531
47.126606
47.056210
47.435429
48.024509
48.367683
48.288483
48.903015
49.109505
48.721256
49.316635
49.667805
50.107899
50.285561
50.583595
50.885715
50.667152
51.227978
51.544487
51.056660
51.879749
52.486908
52.961472
53.139744
53.611206
53.988884
54.650604
54.990322
55.489216
54.833271
55.725163
56.556602
57.346867
57.272846
58.340324
58.761490
59.006466
60.005444
60.306438
59.929298
60.809982
61.553310
62.212376
62.810902
63.302166
62.696503
63.549416
64.152275
64.645851
64.164116
65.171005
65.951805
66.161049
67.074829
67.482498
67.526970
68.335045
68.891876
69.386589
68.293663
69.723663
70.326538
70.886238
71.364639
71.739670
72.135239
72.389877
72.758736
73.134895
70.641319
72.257050
72.818802
73.052780
72.561478
70.874847
69.772270
71.494247
72.978798
73.882614
73.618515
74.675049
75.522476
75.840652
76.397163
76.826553
77.255997
77.736153
78.182449
78.661278
78.162987
79.280945
80.112160
80.653580
81.092934
81.658600
82.018837
82.563988
80.464523
82.477890
82.155411
83.303116
84.178520
84.761040
85.221489
85.748291
86.160446
86.680099
87.026077
87.583168
86.727058
87.907791
88.827202
89.193550
89.178696
89.710220
89.853973
90.304306
90.575417
91.083199
90.342896
91.514290
92.072403
91.912994
91.951408
92.583542
93.010551
93.444061
92.725014
91.748619
89.684013
91.488960
72.377609
59.164536
47.182449
36.333538
26.497742
18.000751
10.581568
3.830996
-4.922365
-9.987745
-14.745498
-19.415482
-23.392958
-27.250959
-30.551678
-33.530663
-35.991810
-37.919930
-39.074249
-40.080025
-40.996571
-41.796967
-42.538616
-43.149609
-43.777149
-44.505241
-44.535282
-45.604038
-45.958542
-46.534164
-46.929108
-47.296944
-47.499599
-47.809582
-48.246662
-48.789429
-49.185143
-49.636959
-48.150326
-48.051453
-47.954700
-47.879292
-47.811150
-47.756042
-47.715687
-47.667011
-47.629559
-47.594147
-41.266228
-36.216961
-32.034035
-27.492882
-23.204056
-19.202230
-15.258175
-11.352917
-7.961048
-4.688975
-3.063689
-1.564827
0.086743
1.562091
2.902253
4.553885
5.978622
7.469566
8.813071
9.941783
10.954397
12.007480
13.477281
14.628658
15.636952
16.541157
17.740067
18.599094
18.649961
20.147881
2.172874
-14.079380
-29.708351
-42.271618
-49.628098
-52.264309
-54.718727
-56.048950
-60.436813
-62.966743
-61.711884
-62.884914
-63.713482
-64.555664
-54.758015
-57.524349
-59.694290
-59.362690
-60.423939
-60.510445
-60.052715
-61.055748
-61.702812
-63.498569
-62.999451
-63.916874
-61.345211
-63.471054
-63.850983
-65.507469
-61.398350
-59.212910
-57.178867
-55.206425
-53.830730
-52.322060
-50.920101
-49.498329
-48.105190
-46.730484
-45.357372
-43.954666
-42.632572
-41.309372
-40.013344
-38.728958
-37.447693
-36.182468
-34.928040
-33.627579
-32.395611
-31.093702
-29.934677
-28.785818
-27.718679
-26.630684
-25.567656
-24.545980
-23.484060
-22.491385
-21.533489
-20.577631
-19.657291
-18.735153
-17.835247
-16.926592
-16.058329
-15.153661
-14.302613
-13.365632
-12.544092
-11.744758
-10.912133
-10.115092
-9.349312
-8.572871
-7.814894
-7.025185
-6.331644
-5.590261
-4.859314
-4.158509
-3.414680
-2.721257
-2.125035
-1.456409
-0.840221
-0.254260
0.398702
0.908443
1.551668
2.068244
2.688875
3.197359
3.780291
4.363928
4.911279
5.556703
6.058291
6.679885
7.259244
7.825306
8.150637
8.830920
9.334063
9.853816
10.341337
10.849337
11.490216
11.875033
12.281247
12.788790
13.221478
13.815560
14.214210
14.662846
15.016313
15.412085
15.844285
16.006521
16.399340
17.071037
17.189232
17.581278
17.765749
18.039261
18.155500
18.579565
18.842810
19.136728
-2.142696
-2.164227
-2.157304
-2.154771
-2.160875
-2.124168
-2.142615
-2.135870
-2.154647
-2.163999
0.018010
0.022331
0.011401
0.012848
0.004997
-0.038391
-0.086963
-0.178670
-0.234909
-0.343465
0.002166
0.067043
0.028692
0.018423
-0.027443
-0.572707
-0.575529
-0.579446
-0.579009
-0.558890
-0.567331
-0.579021
-0.576255
-0.591308
-0.588695
-0.011076
-0.009014
-0.018211
-0.013661
-0.017480
-0.018684
-0.016148
-0.023891
-0.005378
-0.003832
-0.025040
0.029778
-0.006670
-0.014620
-0.013876
