0.000521 10.768819
0.001146 21.811367
0.001775 32.589036
0.002418 43.018519
0.003045 53.435354
0.003676 58.613387
0.003215 45.839525
0.002555 34.345819
0.001955 24.236039
0.001348 14.048715
0.000717 3.559735
0.000082 -6.959656
-0.000536 -16.580915
-0.001164 -25.944951
-0.001798 -34.785031
-0.002411 -43.424646
-0.003040 -52.642358
-0.003675 -60.899847
-0.003202 -47.099326
-0.002573 -35.753654
-0.001943 -24.624731
-0.001330 -14.362604
-0.000701 -4.008755
-0.000070 6.300369
0.000547 15.810285
0.001177 25.054332
0.001804 34.648494
0.002421 44.240749
0.003050 53.820353
0.003680 62.876261
0.003203 49.691658
0.002577 38.769035
0.001949 28.441561
0.001348 18.349285
0.000707 8.910974
0.000076 -0.142805
-0.000512 -9.316513
-0.001153 -19.643174
-0.001782 -29.681254
-0.002394 -39.358814
-0.003032 -49.673570
-0.003660 -59.778904
-0.003245 -47.382701
-0.002609 -36.064818
-0.001970 -24.904705
-0.001375 -14.859276
-0.000735 -4.616471
-0.000099 5.472634
0.000502 14.774467
0.001143 23.891636
0.001779 33.666288
0.002380 43.332107
0.003015 53.134972
0.003652 62.495789
0.003240 50.396319
0.002591 39.192507
0.001962 28.933402
0.001371 18.950772
0.000720 9.515196
0.000089 0.492086
-0.000501 -8.633101
-0.001149 -18.895744
-0.001780 -28.956035
-0.002376 -38.544043
-0.003027 -48.969615
-0.003656 -59.216395
-0.003233 -47.133613
-0.002597 -35.855128
-0.001966 -24.797970
-0.001365 -14.739297
-0.000725 -4.513385
-0.000094 5.390064
0.000684 17.364343
0.001532 29.563049
0.002383 43.142392
0.003185 55.444853
0.004031 66.726208
0.004882 75.025714
0.004314 60.476647
0.003478 46.526523
0.002634 32.428327
0.001825 20.070532
0.000983 9.383945
0.000138 -3.241122
-0.000673 -15.638588
-0.001515 -28.540490
-0.002360 -41.622997
-0.003175 -53.538608
-0.004017 -64.877252
-0.004862 -75.625727
-0.004295 -59.924337
-0.003451 -45.154090
-0.002611 -31.050571
-0.001803 -17.882307
-0.000958 -4.807320
-0.000114 7.724833
0.000703 19.700476
0.001542 32.414249
0.002388 45.543187
0.003203 57.373140
0.004044 66.077067
0.004889 75.277348
0.004315 61.453383
0.003471 47.667087
0.002624 33.542457
0.001823 21.153867
0.000980 10.870917
0.000132 -1.103971
-0.000678 -13.332706
-0.001519 -26.031246
-0.002369 -38.812253
-0.003181 -51.358659
-0.004023 -62.210418
-0.004868 -74.144854
-0.004289 -59.565302
-0.003447 -44.875124
-0.002604 -30.814923
-0.001799 -17.790978
-0.000952 -4.738117
-0.000107 7.598255
0.000700 19.345783
0.001547 32.059878
0.002391 45.167970
0.003203 56.944152
0.004050 65.828782
0.004892 75.303415
0.004312 61.671555
0.003470 48.123944
0.002624 33.908713
0.001818 21.225866
0.000975 11.117450
0.000129 -0.760394
-0.000682 -12.816103
-0.001522 -25.521798
-0.002370 -38.221979
-0.003182 -50.722781
-0.004022 -61.609891
-0.004867 -73.695222
-0.004285 -59.447373
-0.003442 -44.803245
-0.002603 -30.817366
-0.001800 -17.800832
-0.000953 -4.764757
-0.000110 7.501474
0.000703 19.253396
0.001549 31.864064
0.002391 44.942990
0.003205 56.766263
0.004051 65.728683
0.004892 75.245859
0.005704 83.326852
0.006550 89.858600
0.007395 95.771258
0.006814 79.978064
0.005972 66.212622
0.005124 52.996377
0.004319 40.994352
0.003478 30.642403
0.002631 20.790715
0.001815 9.970271
0.000976 -1.812796
0.000129 -13.829389
-0.000680 -24.849354
-0.001521 -34.596689
-0.002368 -45.835412
-0.003182 -57.714951
-0.004022 -68.363609
-0.004868 -79.783374
-0.005681 -90.281535
-0.006523 -96.878270
-0.007367 -100.535786
-0.006788 -79.068567
-0.005942 -64.462596
-0.005102 -50.502434
-0.004294 -37.374582
-0.003452 -24.562050
-0.002611 -12.402329
-0.001797 -1.665913
-0.000951 10.831728
-0.000108 23.493841
0.000706 34.100048
0.001550 44.052632
0.002393 53.976046
0.003208 64.389277
0.004052 72.355821
0.004894 80.748615
0.005707 88.297849
0.006553 94.432304
0.007397 99.479181
0.006815 83.753838
0.005971 70.389934
0.005125 57.144631
0.004319 45.058299
0.003478 35.603872
0.002633 26.080698
0.001818 15.745598
0.000977 4.362000
0.000130 -7.192033
-0.000682 -18.271613
-0.001524 -28.633826
-0.002370 -39.372424
-0.003183 -50.584992
-0.004023 -60.920544
-0.004867 -71.467350
-0.005679 -82.017749
-0.006523 -89.868396
-0.007369 -98.309545
-0.006784 -77.585575
-0.005940 -63.067120
-0.005099 -49.286336
-0.004294 -36.447827
-0.003450 -23.548964
-0.002609 -11.444229
-0.001792 -0.336116
-0.000947 11.365269
-0.000106 23.929024
0.000708 34.675633
0.001552 44.193026
0.002393 53.945978
0.003209 63.901855
0.004055 71.711208
0.004894 79.504037
0.005708 87.682332
0.006553 93.825933
0.007397 100.356329
0.006812 85.271783
0.005971 71.751051
0.005124 58.454382
0.004318 46.202068
0.003476 36.912653
0.002633 27.670649
0.001815 17.453483
0.000973 6.168792
0.000127 -5.242687
-0.000682 -16.252663
-0.001524 -26.330230
-0.002372 -37.245595
-0.003185 -48.426453
-0.004027 -58.558215
-0.004870 -69.300508
-0.005682 -79.435103
-0.006524 -87.204765
-0.007368 -95.236860
-0.006784 -77.139836
-0.005941 -62.641458
-0.005099 -48.998264
-0.004294 -36.280886
-0.003450 -23.330912
-0.002609 -11.324691
-0.002154 -5.451328
-0.001734 0.546874
-0.001311 6.179127
-0.000891 12.083790
-0.000468 18.292151
-0.000045 24.360059
0.000468 32.058604
0.001029 37.577038
0.001591 44.241556
0.002155 50.889046
0.002715 57.077989
0.003276 63.035841
0.003803 69.617046
0.004363 73.853830
0.004924 79.273305
0.005486 84.319487
0.006046 89.186172
0.006606 93.992396
0.007134 99.089742
0.007698 102.558779
0.008258 105.181072
0.008820 105.608824
0.009381 107.165858
0.009942 109.023656
0.009545 97.179147
0.008984 87.612943
0.008421 78.786403
0.007858 69.983227
0.007295 61.545339
0.006733 53.112119
0.006216 46.145146
0.005656 41.179828
0.005094 35.255684
0.004532 28.639833
0.003970 21.469098
0.003408 14.615297
0.002882 8.067341
0.002325 0.439098
0.001761 -7.016663
0.001197 -13.286621
0.000636 -20.199601
0.000074 -26.836032
-0.000448 -33.721738
-0.001009 -40.729878
-0.001569 -47.631707
-0.002134 -54.691339
-0.002696 -61.449721
-0.003258 -68.523805
-0.003782 -74.568999
-0.004342 -80.899012
-0.004903 -85.212415
-0.005465 -89.369897
-0.006026 -93.222954
-0.006590 -96.219159
-0.007113 -97.942783
-0.007675 -101.953861
-0.008236 -103.512307
-0.008798 -105.266778
-0.009361 -106.346132
-0.009924 -108.363203
-0.009521 -89.204046
-0.008961 -79.404110
-0.008400 -70.097330
-0.007841 -61.079460
-0.007280 -52.335023
-0.006718 -43.625605
-0.006200 -35.676677
-0.005638 -27.264450
-0.005076 -19.315567
-0.004515 -12.196957
-0.003955 -4.586643
-0.003394 2.941150
-0.002866 9.573905
-0.002306 17.598771
-0.001742 23.563214
-0.001182 30.243008
-0.000620 36.610508
-0.000058 42.962276
0.000468 49.912961
0.001028 54.870606
0.001589 60.377895
0.002153 65.202646
0.002714 69.879786
0.003276 74.268143
0.003803 78.567525
0.004365 81.216414
0.004925 84.071709
0.005487 87.343421
0.006047 89.886937
0.006608 92.676993
0.007136 96.560286
0.007699 99.300263
0.008262 102.667329
0.008820 106.092729
0.009382 108.345483
0.009942 109.742157
0.009543 97.721408
0.008984 88.140650
0.008422 79.388642
0.007858 70.214630
0.007296 61.521998
0.006732 53.274893
0.006210 46.337659
0.005650 41.112225
0.005088 35.566404
0.004527 28.996890
0.003966 21.977667
0.003404 15.160614
0.002880 8.833387
0.002320 1.579590
0.001758 -5.464086
0.001194 -11.608682
0.000633 -18.523435
0.000070 -24.998356
-0.000449 -31.734320
-0.001009 -38.486270
-0.001573 -45.009144
-0.002135 -51.642671
-0.002697 -58.195793
-0.003260 -64.838463
-0.003787 -70.905975
-0.004348 -76.193308
-0.004908 -80.375287
-0.005470 -83.985102
-0.006031 -86.111133
-0.006593 -88.689417
-0.007118 -91.817014
-0.007677 -94.120072
-0.008238 -96.794768
-0.008803 -99.456495
-0.009364 -101.298618
-0.009926 -104.373084
-0.009523 -91.257001
-0.008963 -81.697193
-0.008401 -72.400644
-0.007842 -63.311389
-0.007281 -54.510714
-0.006720 -45.921742
-0.006193 -37.889386
-0.005633 -29.461159
-0.005072 -21.468005
-0.004512 -14.200272
-0.003952 -6.907560
-0.003392 0.712950
-0.002861 7.431460
-0.002300 15.098054
-0.001739 22.548241
-0.001178 28.117121
-0.000616 34.448455
-0.000055 40.715596
0.000469 47.369342
0.001029 52.359723
0.001591 57.847587
0.002154 62.557640
0.002714 67.242281
0.003276 71.787610
0.003805 76.095240
0.004366 77.907903
0.004927 80.879934
0.005488 83.670222
0.006048 86.154158
0.006608 88.717821
0.007137 92.098012
0.007699 94.183184
0.008260 97.580851
0.008821 100.890619
0.009382 104.386848
0.009944 108.200602
0.009542 96.862275
0.008983 87.222812
0.008421 78.411788
0.007858 69.302501
0.007295 60.578112
0.006733 52.230237
0.006212 45.399020
0.005652 40.293881
0.005091 34.833801
0.004529 28.261723
0.003969 21.107198
0.003405 14.327819
0.002874 7.783649
0.002314 0.676414
0.001754 -6.360146
0.001189 -12.560307
0.000627 -19.292502
0.000066 -25.894141
-0.000448 -32.430362
-0.001008 -39.508984
-0.001571 -45.543005
-0.002134 -52.239594
-0.002697 -58.805104
-0.003260 -64.647610
-0.003783 -69.982676
-0.004342 -75.331924
-0.004905 -78.142493
-0.005465 -81.015776
-0.006028 -83.909477
-0.006590 -86.014364
-0.007115 -88.990586
-0.007675 -91.464718
-0.008237 -94.509884
-0.008799 -97.818593
-0.009362 -99.516607
-0.009925 -103.139235
-0.009523 -90.620189
-0.008962 -81.027063
-0.008401 -71.804963
-0.007841 -62.719678
-0.007280 -53.960111
-0.006719 -45.400031
-0.006195 -37.420425
-0.005635 -29.014668
-0.005074 -21.044535
-0.004512 -13.939826
-0.003952 -6.666227
-0.003392 0.773756
-0.002867 7.237422
-0.002306 15.006376
-0.001743 22.678517
-0.001181 28.226362
-0.000621 34.464568
-0.000059 40.728930
0.000707 50.517553
0.001552 57.373964
0.002393 64.270364
0.003235 70.792212
0.004077 75.778586
0.004918 79.560458
0.005710 84.049101
0.006553 86.665995
0.007395 90.916051
0.008237 95.415463
0.009077 100.691308
0.009918 106.560005
0.010349 108.473367
0.010770 111.223286
0.011194 111.416501
0.011614 112.825279
0.012036 114.197506
0.012455 115.580331
0.012848 117.202874
0.013270 119.440635
0.013692 119.863857
0.014113 120.735059
0.014534 121.774808
0.014955 122.243952
0.014309 104.734375
0.013468 90.905739
0.012621 77.672065
0.011782 64.911277
0.010936 54.600676
0.010093 46.118706
0.009312 37.014811
0.008473 26.242914
0.007630 15.863738
0.006785 5.747502
0.005941 -2.716931
0.005097 -12.063405
0.004303 -21.594818
0.003464 -30.731512
0.002621 -40.273125
0.001776 -50.067628
0.000934 -58.853688
0.000092 -66.401248
-0.000682 -73.096093
-0.001524 -76.113355
-0.002368 -80.949033
-0.003212 -84.388840
-0.004055 -86.755171
-0.004898 -88.561728
-0.005690 -91.695702
-0.006532 -93.866816
-0.007373 -96.902107
-0.008217 -98.499057
-0.009062 -99.962567
-0.009902 -100.450282
-0.010333 -101.452006
-0.010752 -102.748641
-0.011177 -103.159990
-0.011598 -102.693244
-0.012022 -103.179361
-0.012444 -104.570284
-0.012830 -104.733351
-0.013252 -105.968375
-0.013676 -106.708984
-0.014097 -106.210407
-0.014520 -107.002034
-0.014940 -107.217577
-0.014280 -90.671247
-0.013438 -76.544003
-0.012597 -63.128604
-0.011756 -50.211688
-0.010917 -37.594637
-0.010076 -25.334075
-0.009289 -15.505685
-0.008449 -4.443542
-0.007608 6.289025
-0.006766 17.519548
-0.005924 25.735778
-0.005083 34.907929
-0.004281 43.452942
-0.003442 52.249347
-0.002600 59.115669
-0.001761 65.456473
-0.000918 70.874945
-0.000078 74.611947
0.000709 78.439909
0.001554 79.084975
0.002395 80.423227
0.003237 82.248784
0.004077 83.611837
0.004918 84.983001
0.005712 87.134179
0.006555 88.059418
0.007397 89.639403
0.008239 91.220625
0.009079 93.290404
0.009919 95.031028
0.010349 96.813351
0.010770 98.966405
0.011192 99.716434
0.011615 101.652900
0.012035 103.632693
0.012457 105.659849
0.012847 107.849072
0.013270 110.714150
0.013693 111.970503
0.014112 114.852787
0.014534 116.984879
0.014955 119.407628
0.014308 102.799612
0.013467 89.082801
0.012623 75.676098
0.011781 62.940606
0.010936 52.839578
0.010094 44.416840
0.009318 35.306093
0.008478 24.869065
0.007635 14.538884
0.006789 4.396508
0.005944 -4.077711
0.005101 -13.291409
0.004315 -22.912424
0.003475 -31.684575
0.002630 -41.426585
0.001785 -50.412861
0.000942 -58.848489
0.000099 -65.855307
-0.000682 -71.695120
-0.001524 -74.440725
-0.002369 -77.291489
-0.003209 -79.404218
-0.004057 -81.146575
-0.004899 -82.431655
-0.005684 -83.970159
-0.006529 -84.658592
-0.007371 -85.589481
-0.008214 -87.044445
-0.009057 -88.300773
-0.009898 -89.398645
-0.010334 -91.061790
-0.010752 -93.085931
-0.011178 -93.675164
-0.011600 -95.329465
-0.012022 -95.832722
-0.012444 -97.859491
-0.012835 -97.415483
-0.013254 -99.131522
-0.013678 -100.626446
-0.014101 -100.189526
-0.014519 -101.312121
-0.014942 -102.633314
-0.014280 -86.425975
-0.013438 -72.598631
-0.012597 -59.274488
-0.011756 -46.470476
-0.010918 -34.037377
-0.010075 -21.978904
-0.009291 -12.233450
-0.008447 -1.470537
-0.007606 9.012187
-0.006765 20.101179
-0.005923 28.299540
-0.005082 37.342561
-0.004300 46.905371
-0.003453 53.432361
-0.002611 60.008509
-0.001769 65.361362
-0.000927 69.416746
-0.000085 72.065579
0.000700 75.232990
0.001547 75.673011
0.002389 77.305410
0.003232 78.448845
0.004074 79.567389
0.004915 80.799766
0.005355 81.132433
0.005773 83.014506
0.006195 83.033244
0.006617 83.786425
0.007039 84.105665
0.007460 86.044007
0.007849 86.705869
0.008269 89.124324
0.008690 89.176881
0.009112 90.230459
0.009533 91.309262
0.009954 92.781880
0.010348 94.046273
0.010772 96.217325
0.011194 96.414650
0.011615 98.575389
0.012037 100.802935
0.012458 102.835881
0.012857 105.324861
0.013278 108.931735
0.013700 110.414294
0.014120 113.259330
0.014539 116.036096
0.014959 118.816236
0.015356 120.873376
0.015777 124.430089
0.016200 125.777815
0.016621 128.027487
0.017040 130.284880
0.017461 131.196171
0.017858 132.437645
0.018281 135.780690
0.018701 138.069765
0.019120 139.009265
0.019541 140.078098
0.019960 142.294528
0.019286 123.039576
0.018446 107.836786
0.017606 93.356609
0.016764 80.573335
0.015922 68.393791
0.015079 60.418259
0.014292 51.581971
0.013451 40.871378
0.012606 31.442582
0.011767 22.833682
0.010925 14.257865
0.010084 5.499818
0.009290 -3.351297
0.008451 -11.502709
0.007609 -20.177065
0.006768 -28.931843
0.005926 -37.616651
0.005084 -46.175828
0.004276 -54.378432
0.003438 -61.385774
0.002597 -67.715209
0.001757 -73.085905
0.000916 -76.155472
0.000074 -77.962882
-0.000708 -79.628694
-0.001547 -79.138944
-0.002389 -79.574260
-0.003231 -81.412832
-0.004073 -82.251425
-0.004913 -81.783733
-0.005360 -83.105592
-0.005777 -84.064106
-0.006195 -85.817682
-0.006615 -85.250911
-0.007035 -85.710493
-0.007453 -86.563466
-0.007859 -86.764009
-0.008276 -87.897698
-0.008694 -89.097504
-0.009112 -89.550918
-0.009531 -90.002214
-0.009953 -90.540129
-0.010356 -91.639867
-0.010772 -93.060665
-0.011190 -94.501894
-0.011610 -95.407616
-0.012031 -96.856935
-0.012455 -96.624192
-0.012857 -97.417660
-0.013270 -98.653959
-0.013691 -100.158827
-0.014109 -100.939230
-0.014530 -101.611711
-0.014950 -102.652484
-0.015354 -103.477738
-0.015771 -104.838352
-0.016189 -106.263075
-0.016610 -105.330682
-0.017032 -106.799723
-0.017453 -107.978333
-0.017856 -108.660924
-0.018271 -110.716993
-0.018692 -110.575210
-0.019111 -111.300289
-0.019531 -112.881098
-0.019951 -113.261739
-0.019274 -97.712637
-0.018433 -83.463205
-0.017592 -70.056254
-0.016752 -57.156366
-0.015913 -44.622597
-0.015072 -32.665349
-0.014281 -22.739946
-0.013438 -11.825624
-0.012598 -1.046993
-0.011757 9.608534
-0.010917 17.685021
-0.010078 26.879641
-0.009279 34.991476
-0.008439 43.632829
-0.007597 51.377188
-0.006756 58.712873
-0.005916 64.199091
-0.005076 68.490676
-0.004272 71.955600
-0.003431 72.432440
-0.002591 73.550224
-0.001751 74.390422
-0.000912 75.183035
-0.000072 75.786800
0.000713 78.199366
0.001558 76.420964
0.002398 77.654923
0.003240 78.133630
0.004081 79.081417
0.004921 79.607765
0.005367 80.560884
0.005787 80.914056
0.006206 81.594322
0.006626 82.396811
0.007045 83.160434
0.007467 83.756804
0.007861 84.639374
0.008282 85.544835
0.008701 86.178043
0.009122 87.056439
0.009542 88.175345
0.009961 89.143909
0.010356 90.067224
0.010777 92.486758
0.011198 92.433095
0.011620 93.797210
0.012039 95.260052
0.012461 96.757403
0.012857 98.106005
0.013277 100.511932
0.013700 101.252774
0.014118 103.318462
0.014539 105.192092
0.014958 107.374767
0.015357 109.441101
0.015778 112.687243
0.016199 114.284976
0.016621 117.225236
0.017041 120.005571
0.017461 122.807732
0.017858 125.176843
0.018279 128.830674
0.018700 131.771915
0.019119 133.940381
0.019540 136.712416
0.019959 139.273080
0.019288 119.590940
0.018452 104.423813
0.017609 90.228716
0.016767 77.818317
0.015925 65.693866
0.015081 58.075793
0.014294 48.426047
0.013453 38.345537
0.012610 29.314273
0.011767 20.676779
0.010927 12.120740
0.010087 3.400963
0.009292 -5.406115
0.008453 -13.218918
0.007611 -21.778884
0.006769 -30.175654
0.005927 -38.656649
0.005086 -46.792992
0.004288 -54.562958
0.003448 -60.978786
0.002609 -66.639595
0.001767 -71.409205
0.000925 -73.541358
0.000084 -74.980897
-0.000705 -76.549742
-0.001545 -76.542934
-0.002385 -77.230102
-0.003227 -78.020728
-0.004070 -78.270103
-0.004911 -79.085548
-0.005359 -79.012908
-0.005775 -81.110436
-0.006190 -80.158288
-0.006612 -81.665248
-0.007033 -81.816437
-0.007454 -82.862567
-0.007858 -83.120387
-0.008272 -84.492303
-0.008690 -83.711757
-0.009108 -84.818838
-0.009530 -85.277717
-0.009950 -85.665564
-0.010355 -86.067227
-0.010770 -87.185813
-0.011187 -87.916975
-0.011608 -88.142419
-0.012030 -88.854499
-0.012452 -90.042340
-0.012855 -90.444093
-0.013270 -91.931701
-0.013687 -92.543930
-0.014106 -94.109163
-0.014526 -95.482245
-0.014952 -95.646381
-0.015355 -96.968130
-0.015772 -98.926141
-0.016189 -99.721015
-0.016609 -101.491433
-0.017030 -101.877268
-0.017451 -102.887890
-0.017858 -104.290849
-0.018270 -105.846247
-0.018689 -106.545301
-0.019108 -108.089848
-0.019530 -109.585863
-0.019951 -111.560364
-0.019276 -94.412927
-0.018434 -80.292651
-0.017594 -66.980103
-0.016754 -54.237956
-0.015913 -41.871831
-0.015073 -30.342527
-0.014281 -20.399791
-0.013440 -9.739774
-0.012600 0.903624
-0.011759 11.559417
-0.010918 19.452372
-0.010078 28.200177
-0.009278 36.333162
-0.008439 44.315250
-0.007599 52.020409
-0.006758 58.395501
-0.005918 63.410862
-0.005077 67.132867
-0.004283 70.030515
-0.003441 70.382719
-0.002599 71.607443
-0.001760 72.310197
-0.000918 73.255097
-0.000076 73.640836
0.000861 75.863702
0.001870 75.195750
0.002882 75.501446
0.003892 76.523200
0.004900 77.761261
0.005909 79.093930
0.006426 79.580335
0.006931 80.211536
0.007436 81.599088
0.007942 82.219925
0.008445 83.292695
0.008950 84.334713
0.009428 85.761307
0.009934 86.100898
0.010438 87.960883
0.010946 89.266011
0.011447 90.754194
0.011952 92.578802
0.012427 94.098106
0.012933 95.962043
0.013434 97.989257
0.013942 99.858070
0.014447 101.940160
0.014951 104.538843
0.015426 106.823015
0.015930 110.650870
0.016435 112.758461
0.016942 116.131510
0.017445 119.426609
0.017950 122.833410
0.018427 126.038650
0.018932 130.650816
0.019438 133.275749
0.019941 137.163819
0.020446 140.303708
0.020950 143.573144
0.021427 145.557987
0.021930 149.776457
0.022437 151.375780
0.022942 153.158866
0.023447 155.383451
0.023948 157.682020
0.024425 157.252302
0.024929 161.600074
0.025435 162.560569
0.025939 164.700647
0.026445 166.479398
0.026949 168.424363
0.027424 162.719480
0.027929 168.776453
0.028433 170.521518
0.028940 172.135997
0.029445 173.210999
0.029949 174.195824
0.028717 120.724053
0.027209 96.082103
0.025693 77.140163
0.024175 62.022784
0.022664 47.094473
0.021146 30.786935
0.019724 17.697217
0.018217 3.785327
0.016700 -7.810160
0.015183 -21.816535
0.013668 -35.128911
0.012153 -47.923400
0.010299 -62.010084
0.008280 -72.596443
0.006257 -77.464752
0.004233 -80.724954
0.002211 -81.970137
0.000193 -83.181388
-0.000854 -82.203397
-0.001868 -83.329442
-0.002874 -85.089630
-0.003885 -86.592434
-0.004894 -86.542509
-0.005904 -88.640456
-0.006422 -86.537914
-0.006924 -89.207585
-0.007429 -89.697391
-0.007936 -90.241875
-0.008441 -91.171901
-0.008945 -91.667604
-0.009427 -91.263717
-0.009930 -93.562508
-0.010433 -93.625955
-0.010936 -94.749142
-0.011442 -95.655812
-0.011946 -96.884952
-0.012422 -96.553909
-0.012926 -97.853626
-0.013429 -98.408089
-0.013935 -100.423325
-0.014439 -101.695803
-0.014947 -101.499086
-0.015427 -102.449558
-0.015929 -104.422561
-0.016432 -106.029506
-0.016936 -107.551939
-0.017442 -108.579259
-0.017946 -109.326159
-0.018423 -110.630339
-0.018926 -113.084639
-0.019429 -113.980529
-0.019935 -115.200880
-0.020439 -116.648928
-0.020943 -118.381991
-0.021421 -119.018638
-0.021922 -122.340541
-0.022425 -123.689477
-0.022931 -125.564616
-0.023437 -127.978345
-0.023942 -130.377437
-0.024420 -131.706498
-0.024924 -134.197389
-0.025426 -136.739213
-0.025932 -139.009265
-0.026438 -140.637145
-0.026942 -142.928157
-0.027417 -143.516767
-0.027922 -146.765974
-0.028424 -149.126733
-0.028930 -151.152424
-0.029435 -151.354610
-0.029938 -154.211646
-0.028686 -122.584578
-0.027175 -97.234771
-0.025659 -74.590073
-0.024149 -52.671009
-0.022635 -35.319146
-0.021124 -18.246929
-0.019698 -4.726360
-0.018185 8.189160
-0.016669 21.711908
-0.015154 33.723065
-0.013644 46.234151
-0.012131 57.131758
-0.010249 67.638297
-0.008227 74.512664
-0.006209 76.345798
-0.004191 77.828205
-0.002175 79.241944
-0.000160 80.282335
0.000859 81.248346
0.001871 80.894317
0.002882 81.527111
0.003892 82.235861
0.004901 82.948421
0.005909 84.100530
0.006433 84.024582
0.006936 84.774161
0.007441 85.940973
0.007945 86.368633
0.008450 87.437486
0.008953 88.308527
0.009431 88.525952
0.009936 89.644002
0.010439 90.950368
0.010944 92.084030
0.011449 93.348112
0.011953 94.496239
0.012434 95.419993
0.012939 97.582346
0.013443 98.066496
0.013947 99.610948
0.014452 101.137801
0.014955 102.692446
0.015431 103.631382
0.015936 106.232076
0.016440 106.507436
0.016944 108.755685
0.017449 110.451840
0.017953 111.976454
0.018430 113.326327
0.018935 116.861885
0.019440 118.435318
0.019943 120.932057
0.020448 122.453366
0.020953 125.288935
0.021430 126.218955
0.021935 130.930374
0.022439 132.824207
0.022944 135.323436
0.023448 139.271758
0.023953 142.314802
0.024427 143.301471
0.024932 148.603007
0.025437 151.040403
0.025943 154.425632
0.026447 157.637247
0.026951 160.723464
0.027430 157.620991
0.027934 163.349683
0.028439 165.413463
0.028943 167.616329
0.029448 169.278249
0.029953 170.580853
0.028706 117.693666
0.027201 93.646580
0.025678 75.223186
0.024161 61.940934
0.022651 46.880841
0.021136 30.429374
0.019713 17.481801
0.018207 4.268396
0.016689 -7.037377
0.015173 -19.191726
0.013658 -31.803242
0.012144 -43.423147
0.010294 -55.744241
0.008272 -66.232801
0.006250 -72.339346
0.004228 -75.606025
0.002208 -77.708703
0.000190 -79.419056
-0.000856 -78.596396
-0.001862 -79.571449
-0.002874 -81.022184
-0.003883 -82.013268
-0.004894 -83.354734
-0.005901 -83.951551
-0.006432 -83.651822
-0.006937 -84.771835
-0.007439 -84.765502
-0.007941 -85.548623
-0.008447 -85.922597
-0.008952 -86.513906
-0.009433 -86.687126
-0.009937 -87.108570
-0.010439 -87.994495
-0.010944 -88.922831
-0.011450 -89.610604
-0.011953 -89.854821
-0.012427 -90.079797
-0.012933 -91.451351
-0.013436 -91.441784
-0.013941 -92.563103
-0.014446 -92.560323
-0.014950 -94.341660
-0.015427 -92.949518
-0.015931 -95.092360
-0.016434 -96.028034
-0.016939 -97.181700
-0.017443 -98.679010
-0.017949 -98.942735
-0.018421 -98.531894
-0.018927 -99.892504
-0.019431 -101.547261
-0.019936 -103.057809
-0.020441 -104.995050
-0.020948 -104.952938
-0.021421 -105.064990
-0.021927 -108.126968
-0.022432 -109.411928
-0.022936 -110.749833
-0.023442 -111.801059
-0.023944 -113.231269
-0.024424 -114.266334
-0.024927 -117.065630
-0.025431 -118.903359
-0.025936 -122.544464
-0.026439 -125.588814
-0.026944 -128.778067
-0.027419 -131.666421
-0.027926 -135.373854
-0.028428 -138.943741
-0.028935 -142.605238
-0.029438 -145.475396
-0.029943 -148.505327
-0.028685 -117.590301
-0.027173 -93.254863
-0.025659 -71.261408
-0.024148 -50.103400
-0.022635 -33.940760
-0.021125 -18.439038
-0.019694 -5.416754
-0.018180 6.017921
-0.016667 19.218238
-0.015154 31.465969
-0.013640 42.886390
-0.012127 53.612724
-0.010245 64.561741
-0.008223 71.609864
-0.006205 73.836596
-0.004188 75.217070
-0.002174 76.207444
-0.000159 77.355746
0.000960 77.672920
0.002082 77.864298
0.003203 78.509726
0.004325 79.285928
0.005447 80.364801
0.006564 81.621772
0.007166 81.938480
0.007724 82.235688
0.008283 83.527918
0.008842 84.432404
0.009401 85.305882
0.009959 86.553032
0.010479 87.160812
0.011044 88.152910
0.011603 89.678965
0.012165 91.005577
0.012725 92.227888
0.013285 93.597260
0.013818 94.645165
0.014379 96.196107
0.014937 97.652197
0.015497 99.260263
0.016057 101.050157
0.016616 102.854578
0.017148 103.857793
0.017706 106.739645
0.018268 107.819343
0.018829 109.567572
0.019390 112.302095
0.019949 115.023486
0.020477 116.831863
0.021038 121.021329
0.021602 122.856790
0.022161 125.627667
0.022721 128.910322
0.023282 132.327645
0.023816 135.152183
0.024375 140.861469
0.024936 143.524190
0.025495 147.638902
0.026054 150.991337
0.026615 155.069746
0.027148 156.975816
0.027708 160.675503
0.028269 164.130501
0.028830 166.667594
0.029391 168.916565
0.029953 170.345285
0.030478 161.409114
0.031038 169.710916
0.031599 172.096898
0.032161 174.351910
0.032722 176.053209
0.033282 177.769826
0.033812 172.806605
0.034372 178.844514
0.034932 181.005207
0.035493 183.006331
0.036053 184.668811
0.036613 185.956055
0.037143 184.798237
0.037705 187.675998
0.038265 189.781991
0.038826 191.486235
0.039387 193.157904
0.039948 194.602344
0.038566 154.188222
0.036888 126.249283
0.035203 103.469682
0.033518 82.428236
0.031835 64.009657
0.030153 50.877591
0.028577 33.886347
0.026898 19.156246
0.025212 5.285877
0.023527 -6.085096
0.021845 -17.872950
0.020165 -30.163857
0.018541 -40.904920
0.016866 -51.490658
0.015184 -60.823095
0.013501 -67.745642
0.011821 -72.479339
0.010141 -75.202665
0.008564 -77.321737
0.006887 -79.460706
0.005200 -81.447581
0.003517 -83.558110
0.001834 -84.614954
0.000153 -85.764182
-0.000951 -86.045772
-0.002075 -83.950911
-0.003197 -86.262418
-0.004320 -88.005053
-0.005439 -89.190894
-0.006561 -90.648244
-0.007149 -89.965382
-0.007709 -91.425556
-0.008271 -91.806313
-0.008832 -91.974121
-0.009391 -93.068466
-0.009951 -93.880082
-0.010475 -93.898108
-0.011038 -91.761462
-0.011599 -94.991334
-0.012160 -96.600973
-0.012722 -96.574954
-0.013281 -98.105542
-0.013805 -96.767347
-0.014368 -98.188513
-0.014929 -100.347267
-0.015488 -101.378631
-0.016047 -103.273434
-0.016610 -103.145579
-0.017142 -101.782561
-0.017704 -103.749781
-0.018264 -105.638313
-0.018826 -106.498042
-0.019387 -106.525524
-0.019946 -106.767369
-0.020478 -101.980069
-0.021036 -108.165254
-0.021600 -110.187928
-0.022157 -112.817018
-0.022716 -114.630660
-0.023281 -116.304815
-0.023809 -118.237621
-0.024369 -121.078158
-0.024928 -124.078950
-0.025488 -126.987495
-0.026049 -129.422316
-0.026612 -132.451846
-0.027141 -135.148798
-0.027700 -138.563838
-0.028262 -141.817694
-0.028821 -144.970185
-0.029385 -147.935865
-0.029945 -150.799241
-0.030474 -152.726677
-0.031034 -155.945407
-0.031596 -158.317887
-0.032157 -159.227648
-0.032719 -162.399167
-0.033280 -164.886150
-0.033802 -164.578750
-0.034363 -167.972193
-0.034923 -170.077550
-0.035483 -171.833232
-0.036045 -173.536443
-0.036606 -174.266306
-0.037135 -175.113877
-0.037696 -177.628419
-0.038253 -179.469883
-0.038817 -181.020561
-0.039382 -181.748031
-0.039942 -183.124445
-0.038537 -146.831301
-0.036859 -120.069399
-0.035177 -95.505733
-0.033495 -73.571364
-0.031815 -54.063231
-0.030136 -36.455622
-0.028549 -22.388824
-0.026866 -8.453391
-0.025184 3.914712
-0.023503 15.752924
-0.021822 27.945701
-0.020144 38.360342
-0.018532 48.188302
-0.016852 56.747628
-0.015171 64.066199
-0.013491 69.593650
-0.011811 73.789309
-0.010132 76.590930
-0.008545 77.706834
-0.006864 80.209417
-0.005184 82.217761
-0.003501 83.745425
-0.001821 84.470372
-0.000141 85.111227
0.000959 86.080846
0.002082 74.962368
0.003203 83.862618
0.004324 85.439701
0.005445 87.102014
0.006565 88.026156
0.006950 87.294980
0.007286 87.138384
0.007624 88.105847
0.007961 88.561742
0.008296 89.586591
0.008633 89.813335
0.008968 89.944916
0.009305 89.750084
0.009639 90.809282
0.009975 90.819488
0.010283 91.517556
0.010621 92.133652
0.010958 91.380302
0.011298 92.351478
0.011630 93.569769
0.011967 93.566431
0.012303 94.555034
0.012639 94.959282
0.012975 95.982758
0.013310 96.284873
0.013618 86.153285
0.013955 90.966118
0.014292 94.066443
0.014628 95.714206
0.014963 96.779141
0.015300 98.481555
0.015636 98.327804
0.015971 99.830211
0.016306 99.636938
0.016641 100.522142
0.016958 98.288340
0.017288 102.392336
0.017624 104.437426
0.017962 103.590442
0.018298 105.540659
0.018634 106.755547
0.018976 105.284299
0.019306 107.037524
0.019641 108.674733
0.019976 109.582736
0.020287 110.596557
0.020622 107.599412
0.020960 111.240939
0.021298 112.043913
0.021634 114.015808
0.021973 115.026073
0.022305 116.709627
0.022642 117.282979
0.022977 119.471186
0.023313 120.906514
0.023622 121.150201
0.023958 123.922630
0.024294 125.862959
0.024631 126.737033
0.024967 129.039316
0.025302 130.185514
0.025637 131.006138
0.025973 132.710765
0.026308 134.784418
0.026642 136.284445
0.026955 137.336416
0.027289 140.284760
0.027627 141.675146
0.027964 143.594711
0.028300 145.386596
0.028635 147.628679
0.028971 148.457508
0.029307 150.821886
0.029642 153.058468
0.029979 155.081536
0.030285 155.324866
0.030621 158.478626
0.030958 159.481651
0.031295 162.024993
0.031632 163.456290
0.031968 165.406763
0.032304 166.832067
0.032640 168.293282
0.032975 169.495558
0.033311 170.722909
0.033620 162.867335
0.033955 168.765626
0.034291 171.765077
0.034628 172.334878
0.034965 174.251295
0.035300 175.808502
0.035635 176.730152
0.035971 178.227468
0.036306 179.453039
0.036642 180.437357
0.036948 173.226325
0.037284 178.537969
0.037622 182.252403
0.037959 183.321980
0.038295 185.189149
0.038632 186.251290
0.038968 187.522651
0.039304 188.736141
0.039640 189.893123
0.039975 191.038493
0.039141 156.518553
0.038131 140.006602
0.037123 123.972746
0.036110 110.557345
0.035102 97.999431
0.034094 85.947628
0.033087 74.388313
0.032076 64.203819
0.031070 56.667397
0.030064 49.211172
0.029140 39.269892
0.028133 29.427239
0.027123 21.196729
0.026113 12.980352
0.025102 5.613917
0.024095 -0.909130
0.023087 -6.613815
0.022082 -12.805299
0.021074 -19.273783
0.020070 -25.860175
0.019121 -32.473630
0.018118 -38.074033
0.017109 -43.654402
0.016100 -49.042656
0.015091 -53.819870
0.014086 -58.144791
0.013077 -61.610790
0.012072 -64.631462
0.011067 -67.359187
0.010062 -69.412601
0.009118 -71.324790
0.008112 -72.364239
0.007105 -73.387576
0.006100 -74.900743
0.005088 -76.172275
0.004082 -77.355755
0.003075 -78.444255
0.002070 -79.914613
0.001065 -81.096574
0.000059 -81.937342
-0.000564 -81.554596
-0.001235 -83.532902
-0.001907 -83.636432
-0.002584 -84.274021
-0.003258 -84.855072
-0.003930 -85.587495
-0.004603 -86.119145
-0.005274 -86.899816
-0.005944 -87.720898
-0.006616 -88.212619
-0.006961 -87.409345
-0.007296 -76.693375
-0.007630 -80.666852
-0.007964 -83.426744
-0.008300 -85.710153
-0.008637 -86.903085
-0.008973 -87.642366
-0.009308 -88.930582
-0.009645 -88.141772
-0.009979 -89.660073
-0.010289 -89.203403
-0.010625 -89.943469
-0.010960 -90.256865
-0.011296 -90.190247
-0.011632 -90.918570
-0.011968 -91.433905
-0.012307 -91.843836
-0.012640 -91.553177
-0.012976 -92.790992
-0.013312 -92.332242
-0.013627 -92.936265
-0.013961 -91.217461
-0.014295 -93.643082
-0.014630 -93.995864
-0.014965 -95.412337
-0.015302 -95.433911
-0.015638 -96.250657
-0.015969 -95.866621
-0.016307 -96.964260
-0.016642 -96.103301
-0.016956 -97.168988
-0.017293 -93.654091
-0.017626 -96.804485
-0.017962 -98.965136
-0.018299 -99.162644
-0.018634 -100.120882
-0.018971 -100.277866
-0.019306 -101.152123
-0.019642 -102.212059
-0.019979 -102.844322
-0.020288 -100.698750
-0.020622 -102.975246
-0.020958 -103.765696
-0.021293 -104.916470
-0.021632 -105.650110
-0.021967 -106.104854
-0.022305 -104.423390
-0.022639 -106.536268
-0.022975 -104.552087
-0.023311 -107.349700
-0.023623 -102.144331
-0.023957 -105.949669
-0.024291 -108.096464
-0.024627 -108.413737
-0.024967 -99.933746
-0.025302 -103.174281
-0.025637 -105.283373
-0.025968 -106.624318
-0.026306 -108.892700
-0.026639 -111.055449
-0.026949 -110.344708
-0.027284 -112.317391
-0.027619 -114.171907
-0.027955 -115.256078
-0.028294 -116.016060
-0.028630 -117.249068
-0.028966 -118.562876
-0.029302 -120.526437
-0.029639 -121.842670
-0.029973 -123.703592
-0.030286 -124.285951
-0.030621 -127.004260
-0.030954 -127.665908
-0.031292 -130.087065
-0.031627 -131.369031
-0.031964 -132.677891
-0.032301 -134.909093
-0.032639 -136.447377
-0.032975 -138.532902
-0.033311 -139.973599
-0.033616 -140.723168
-0.033951 -143.995067
-0.034287 -144.904470
-0.034623 -147.398598
-0.034958 -148.831429
-0.035296 -151.018913
-0.035633 -151.600011
-0.035971 -154.003552
-0.036304 -156.026021
-0.036639 -157.790861
-0.036950 -158.450721
-0.037283 -161.684976
-0.037618 -163.354073
-0.037956 -165.174073
-0.038294 -167.104321
-0.038630 -168.898493
-0.038967 -170.743176
-0.039303 -172.607796
-0.039639 -174.139937
-0.039974 -174.971383
-0.039129 -151.876389
-0.038119 -135.375218
-0.037111 -119.909556
-0.036103 -105.204610
-0.035094 -91.413837
-0.034086 -77.813243
-0.033082 -66.733431
-0.032075 -55.424740
-0.031068 -45.125294
-0.030064 -35.089289
-0.029136 -26.479357
-0.028125 -18.723858
-0.027116 -10.907280
-0.026106 -2.903362
-0.025098 3.873272
-0.024090 11.098550
-0.023082 17.588144
-0.022077 24.205861
-0.021071 29.995906
-0.020065 36.374074
-0.019116 41.206236
-0.018109 46.899288
-0.017102 51.740553
-0.016093 55.986094
-0.015085 59.264713
-0.014079 63.009955
-0.013074 65.689902
-0.012067 67.616363
-0.011064 69.717727
-0.010058 71.209694
-0.009133 72.812459
-0.008125 72.911147
-0.007114 74.292358
-0.006105 75.691403
-0.005096 77.178557
-0.004088 78.331264
-0.003083 76.822599
-0.002075 79.633559
-0.001070 80.023630
-0.000066 81.305362
0.000613 80.541929
0.001336 81.158769
0.002055 76.514321
0.002776 79.902835
0.003498 79.823929
0.004215 81.107991
0.004935 81.766814
0.005657 82.500132
0.006373 83.092086
0.007092 84.336308
0.007447 83.453453
0.007807 84.789280
0.008167 81.099590
0.008529 82.465165
0.008888 84.917643
0.009247 85.808110
0.009607 85.696962
0.009967 86.567900
0.010326 87.056483
0.010686 88.384011
0.011021 86.426983
0.011386 88.746008
0.011743 88.459603
0.012105 89.540334
0.012464 91.324800
0.012824 90.247816
0.013184 91.674827
0.013542 91.964048
0.013912 93.099121
0.014262 93.683882
0.014594 92.438759
0.014955 94.936863
0.015322 93.998094
0.015676 95.380967
0.016036 96.734747
0.016396 97.216922
0.016756 97.494396
0.017116 96.690082
0.017475 98.415356
0.017833 98.283918
0.018163 100.760605
0.018524 100.185299
0.018891 101.389895
0.019245 101.150828
0.019606 102.272994
0.019965 104.308168
0.020324 104.595577
0.020684 105.845765
0.021045 105.554038
0.021405 106.200507
0.021738 108.986180
0.022098 107.794160
0.022459 111.755285
0.022817 111.147918
0.023178 113.403049
0.023542 113.302482
0.023896 116.197326
0.024257 116.777704
0.024615 119.068577
0.024976 120.542916
0.025307 121.202817
0.025666 123.653411
0.026027 126.239908
0.026388 127.117891
0.026748 129.290713
0.027108 130.925621
0.027467 131.931940
0.027827 133.996037
0.028190 135.865254
0.028544 138.481083
0.028877 139.002867
0.029238 142.540136
0.029598 144.187194
0.029959 146.610507
0.030318 148.497117
0.030679 150.705638
0.031038 152.774818
0.031397 155.021907
0.031757 156.419216
0.032117 158.726186
0.032446 159.333972
0.032806 163.139794
0.033167 164.672968
0.033529 167.025571
0.033888 169.284284
0.034249 170.825494
0.034608 172.574413
0.034967 174.534585
0.035327 176.061738
0.035686 178.170048
0.036019 171.612109
0.036379 176.933396
0.036742 179.145058
0.037101 180.799570
0.037462 182.276699
0.037823 183.365700
0.038183 184.621980
0.038542 185.503067
0.038903 186.244152
0.039263 187.414828
0.039595 181.063389
0.039952 186.474628
0.040313 188.944576
0.040674 190.874447
0.041034 192.017176
0.041394 193.478796
0.041753 194.482796
0.042113 195.460871
0.042475 196.536469
0.042833 197.202347
0.043163 191.781256
0.043523 196.752538
0.043885 197.794470
0.044245 199.490741
0.044605 200.633655
0.044966 201.160961
0.045325 202.162912
0.045685 203.068164
0.046045 203.791659
0.046404 204.635359
0.046734 201.987154
0.047093 205.550807
0.047453 206.256714
0.047815 207.527482
0.048175 208.070215
0.048536 208.829828
0.048895 209.584954
0.049256 210.079104
0.049615 210.732074
0.049973 211.758150
0.048446 170.059696
0.046656 141.236388
0.044850 118.415014
0.043046 96.555041
0.041244 75.972796
0.039442 57.522289
0.037644 44.361642
0.035848 27.134082
0.034049 13.007070
0.032253 0.637043
0.030906 -7.458501
0.029469 -15.050499
0.028026 -23.223304
0.026582 -31.834983
0.025142 -39.832219
0.023702 -47.363868
0.022263 -53.795127
0.020823 -59.378215
0.019386 -64.116249
0.017950 -67.764928
0.016281 -71.022659
0.014487 -73.758181
0.012682 -76.353520
0.010882 -78.105390
0.009083 -79.992068
0.007283 -82.192769
0.005488 -84.241897
0.003694 -86.265133
0.001899 -88.137539
0.000103 -90.078416
-0.000608 -88.969529
-0.001325 -91.307062
-0.002056 -81.011118
-0.002778 -86.543145
-0.003499 -89.118830
-0.004219 -90.149667
-0.004938 -90.700540
-0.005657 -90.526812
-0.006376 -92.159943
-0.007093 -92.963112
-0.007449 -92.098453
-0.007808 -89.883906
-0.008167 -92.507807
-0.008528 -93.224493
-0.008888 -94.002378
-0.009247 -94.736029
-0.009608 -95.002768
-0.009967 -95.768870
-0.010330 -91.978572
-0.010685 -94.464731
-0.011020 -95.179355
-0.011379 -96.417260
-0.011740 -97.100794
-0.012100 -98.548047
-0.012464 -99.134479
-0.012827 -99.617631
-0.013187 -98.524622
-0.013546 -98.256021
-0.013905 -101.088292
-0.014265 -100.440235
-0.014596 -99.391743
-0.014953 -102.337874
-0.015314 -98.583253
-0.015673 -100.961628
-0.016037 -102.727085
-0.016394 -104.591467
-0.016754 -105.053060
-0.017118 -104.599810
-0.017475 -106.131661
-0.017833 -107.082917
-0.018168 -105.125401
-0.018530 -97.761803
-0.018887 -103.534144
-0.019247 -107.164699
-0.019607 -108.939668
-0.019967 -110.996475
-0.020328 -109.849062
-0.020687 -111.857147
-0.021047 -111.087660
-0.021405 -113.234226
-0.021739 -111.234771
-0.022096 -113.671455
-0.022455 -115.107950
-0.022816 -114.953500
-0.023178 -116.064883
-0.023537 -117.147153
-0.023901 -108.934603
-0.024259 -112.664467
-0.024616 -114.640178
-0.024975 -117.021431
-0.025306 -111.543477
-0.025664 -116.011054
-0.026022 -118.273346
-0.026386 -118.240855
-0.026745 -118.731529
-0.027106 -119.586452
-0.027465 -120.209238
-0.027826 -122.308254
-0.028186 -123.726011
-0.028546 -124.267242
-0.028876 -124.773267
-0.029234 -127.565329
-0.029591 -128.598364
-0.029955 -129.265965
-0.030315 -131.248397
-0.030676 -132.180010
-0.031035 -134.112852
-0.031397 -135.407925
-0.031756 -136.834412
-0.032116 -138.702078
-0.032450 -139.062084
-0.032807 -141.728784
-0.033166 -142.826325
-0.033528 -144.562912
-0.033889 -144.381490
-0.034248 -146.403468
-0.034608 -148.323574
-0.034968 -149.893555
-0.035328 -151.425637
-0.035688 -153.255674
-0.036020 -153.729898
-0.036377 -156.410524
-0.036737 -157.963128
-0.037099 -159.536677
-0.037460 -161.396956
-0.037821 -162.824324
-0.038181 -164.632802
-0.038542 -166.243554
-0.038903 -167.987043
-0.039262 -168.902249
-0.039593 -169.315000
-0.039951 -172.476966
-0.040312 -173.418473
-0.040672 -175.092418
-0.041033 -176.536365
-0.041394 -177.756498
-0.041755 -179.083718
-0.042114 -180.213096
-0.042474 -181.567906
-0.042833 -182.565638
-0.043161 -181.081952
-0.043518 -184.624904
-0.043879 -185.409556
-0.044240 -186.505984
-0.044602 -187.367728
-0.044962 -187.310248
-0.045323 -188.373567
-0.045684 -188.511294
-0.046045 -189.544693
-0.046403 -190.552101
-0.046730 -188.703835
-0.047086 -192.087604
-0.047452 -192.923232
-0.047810 -193.776243
-0.048172 -194.143447
-0.048533 -194.815554
-0.048891 -195.454439
-0.049252 -196.237182
-0.049613 -197.043777
-0.049973 -197.939527
-0.048434 -161.306219
-0.046635 -133.933547
-0.044833 -108.350233
-0.043030 -85.994028
-0.041233 -66.328434
-0.039435 -46.965855
-0.037633 -31.472312
-0.035839 -18.418648
-0.034042 -5.266048
-0.032251 7.861630
-0.030901 15.337957
-0.029461 24.288954
-0.028016 32.184475
-0.026576 39.628937
-0.025135 45.905873
-0.023695 51.881220
-0.022258 57.194557
-0.020817 61.607780
-0.019384 65.596853
-0.017948 68.695273
-0.016302 70.971215
-0.014500 73.231871
-0.012697 76.312010
-0.010894 78.315940
-0.009093 79.971839
-0.007294 81.916209
-0.005496 83.311436
-0.003698 79.774341
-0.001907 84.861165
-0.000110 86.292569
0.000614 84.540467
0.001336 85.234960
0.002056 86.073547
0.002777 86.884980
0.003497 87.533629
0.004217 73.981080
0.004936 81.832064
0.005658 84.517391
0.006376 85.364700
0.007093 87.144489
0.007455 86.937392
0.007815 87.400269
0.008175 87.364018
0.008534 89.251561
0.008897 87.586033
0.009255 89.097510
0.009616 89.973185
0.009973 90.623347
0.010331 91.872323
0.010692 90.654349
0.011020 91.666248
0.011380 94.186736
0.011743 87.004972
0.012103 90.688887
0.012464 92.453481
0.012830 92.817859
0.013184 92.875852
0.013543 94.978392
0.013905 95.297083
0.014260 94.420065
0.014597 95.762676
0.014955 97.458077
0.015315 97.261397
0.015680 91.513767
0.016037 94.109670
0.016397 96.726839
0.016757 99.089996
0.017116 99.301561
0.017517 99.299293
0.017939 101.088478
0.018363 101.099162
0.018789 101.320233
0.019209 100.962003
0.019632 101.876547
0.020054 101.924307
0.020476 103.399361
0.020900 104.981428
0.021322 102.756302
0.021477 104.777287
0.021472 105.529520
0.021470 105.244135
0.021461 101.467570
0.021459 103.239830
0.021434 103.135610
0.021433 103.113210
0.021433 103.096590
0.021433 103.037653
0.021433 102.995094
0.021433 103.001234
0.021432 102.975042
0.021432 102.946804
0.021432 102.915226
0.021431 102.894569
0.021735 106.533658
0.022094 108.746280
0.022457 109.651365
0.022817 112.495925
0.023177 105.435340
0.023537 109.764123
0.023896 112.017103
0.024256 113.484726
0.024615 115.165269
0.024975 116.233375
0.025309 116.603942
0.025669 119.133536
0.026029 119.668936
0.026390 120.482161
0.026750 121.882122
0.027110 122.364830
0.027469 124.308033
0.027828 124.743822
0.028189 126.608531
0.028547 127.787856
0.028877 128.353685
0.029237 131.630471
0.029598 131.287978
0.029959 133.873618
0.030319 134.976896
0.030678 136.614034
0.031037 138.100534
0.031397 138.583871
0.031757 140.405779
0.032117 141.642178
0.032448 142.005637
0.032807 145.498194
0.033168 145.985692
0.033529 147.982824
0.033890 149.658623
0.034249 151.417460
0.034610 153.093620
0.034967 154.847841
0.035328 155.477445
0.035688 157.644362
0.036020 157.913040
0.036379 161.639265
0.036745 161.739625
0.037102 164.541983
0.037463 166.366981
0.037823 167.735101
0.038184 169.507755
0.038542 171.082062
0.038904 171.552838
0.039262 173.890509
0.039593 173.811231
0.039953 177.424869
0.040315 178.192573
0.040674 180.203885
0.041034 181.829579
0.041394 182.890622
0.041755 184.547871
0.042113 186.085365
0.042474 187.072193
0.042833 188.179899
0.043161 178.127916
0.043521 184.815892
0.043882 188.607924
0.044243 190.147974
0.044604 191.886805
0.044965 192.840959
0.045325 194.066187
0.045683 195.122240
0.046044 196.204097
0.046403 197.266070
0.046732 189.378259
0.047092 194.926559
0.047454 197.680799
0.047814 199.846146
0.048174 200.879413
0.048536 201.962557
0.048895 203.314164
0.049255 204.219138
0.049615 205.088938
0.049973 205.984840
0.048436 160.892346
0.046642 133.251773
0.044839 112.268618
0.043037 91.432714
0.041235 71.720037
0.039434 54.074900
0.037635 42.180715
0.035839 25.499319
0.034041 11.726438
0.032247 0.029177
0.030894 -8.275883
0.029460 -14.453785
0.028018 -21.493030
0.026575 -28.938800
0.025135 -36.078497
0.023697 -42.921811
0.022258 -48.786438
0.020819 -53.432941
0.019385 -58.525083
0.017947 -62.376192
0.016311 -65.937379
0.014512 -68.447518
0.012706 -71.241853
0.010900 -73.261684
0.009101 -75.286805
0.007300 -77.146534
0.005502 -79.375649
0.003705 -81.053705
0.001909 -82.343462
0.000112 -84.256134
-0.000609 -81.639255
-0.001331 -83.893141
-0.002053 -85.000109
-0.002773 -85.691945
-0.003500 -79.630994
-0.004220 -84.175207
-0.004941 -86.347244
-0.005659 -87.001417
-0.006378 -88.129045
-0.007095 -89.238698
-0.007456 -87.066045
-0.007812 -89.589241
-0.008178 -84.625040
-0.008531 -88.251107
-0.008893 -88.965299
-0.009252 -89.711527
-0.009611 -90.688616
-0.009971 -91.021068
-0.010335 -83.524729
-0.010688 -86.529473
-0.011015 -87.886818
-0.011374 -90.201745
-0.011736 -90.880155
-0.012098 -91.118827
-0.012458 -92.093394
-0.012820 -93.005347
-0.013188 -82.674489
-0.013542 -90.321668
-0.013902 -92.278591
-0.014262 -93.420188
-0.014598 -93.006822
-0.014956 -95.151341
-0.015315 -95.351273
-0.015679 -94.626061
-0.016038 -96.221202
-0.016397 -97.291306
-0.016756 -97.194865
-0.017116 -97.856718
-0.017476 -97.060738
-0.017834 -98.768412
-0.018172 -96.291751
-0.018529 -98.151624
-0.018886 -100.698116
-0.019249 -95.562841
-0.019605 -98.791475
-0.019967 -100.915752
-0.020328 -101.233803
-0.020688 -101.492407
-0.021045 -103.508866
-0.021407 -102.151262
-0.021736 -102.836949
-0.022094 -105.319351
-0.022454 -105.017690
-0.022814 -106.869436
-0.023176 -106.451553
-0.023537 -106.419448
-0.023898 -107.336850
-0.024256 -108.421279
-0.024616 -102.654705
-0.024974 -105.814177
-0.025309 -108.388929
-0.025665 -111.113131
-0.026033 -104.098078
-0.026388 -110.660297
-0.026748 -113.292762
-0.027107 -114.033155
-0.027468 -116.082117
-0.027829 -115.072954
-0.028186 -117.278216
-0.028549 -113.374329
-0.028878 -114.307765
-0.029235 -117.595252
-0.029597 -119.997594
-0.029958 -120.704127
-0.030320 -118.822770
-0.030680 -121.405542
-0.031039 -122.751531
-0.031399 -123.881851
-0.031758 -124.769477
-0.032118 -125.256642
-0.032452 -120.104895
-0.032809 -123.504914
-0.033167 -124.823488
-0.033529 -123.515718
-0.033890 -122.440114
-0.034250 -121.670809
-0.034609 -122.366897
-0.034970 -124.974708
-0.035329 -127.201503
-0.035688 -128.749892
-0.036019 -129.095109
-0.036376 -131.774883
-0.036736 -132.606337
-0.037098 -134.704663
-0.037459 -135.924647
-0.037821 -137.399692
-0.038181 -138.527328
-0.038541 -140.094337
-0.038901 -141.716240
-0.039262 -143.156376
-0.039593 -143.713006
-0.039950 -146.712745
-0.040309 -147.792440
-0.040673 -149.816414
-0.041033 -151.857185
-0.041393 -151.150514
-0.041753 -154.214374
-0.042113 -156.115113
-0.042473 -157.952729
-0.042833 -159.841928
-0.043159 -159.663058
-0.043517 -163.072637
-0.043877 -164.647474
-0.044239 -166.392389
-0.044600 -168.322322
-0.044961 -169.904215
-0.045322 -171.461583
-0.045682 -173.218013
-0.046042 -174.928632
-0.046402 -176.472594
-0.046731 -176.285287
-0.047089 -179.656647
-0.047451 -180.894665
-0.047812 -182.513589
-0.048173 -183.875309
-0.048534 -184.903765
-0.048892 -185.936732
-0.049254 -187.349651
-0.049613 -188.677604
-0.049973 -189.731756
-0.048436 -155.115922
-0.046635 -128.400360
-0.044833 -103.516661
-0.043033 -82.447556
-0.041233 -63.070583
-0.039432 -44.782073
-0.037633 -29.263724
-0.035837 -16.229556
-0.034045 -3.485884
-0.032250 6.453020
-0.030894 14.726595
-0.029453 22.745292
-0.028011 30.138873
-0.026571 36.942086
-0.025131 43.043239
-0.023692 48.515296
-0.022257 53.462886
-0.020817 57.568216
-0.019381 61.266430
-0.017945 63.821486
-0.016294 66.114898
-0.014491 68.982171
-0.012688 71.388398
-0.010889 73.617904
-0.009088 75.351121
-0.007290 76.932232
-0.005495 78.578572
-0.003696 79.455262
-0.001902 80.877183
-0.000106 81.674410
0.000573 80.587410
0.001245 80.963418
0.001918 81.793530
0.002591 82.451142
0.003268 73.324822
0.003935 78.063571
0.004607 80.527017
0.005279 80.903321
0.005950 82.394910
0.006619 82.617826
0.006962 82.901452
0.007300 83.521104
0.007634 82.063420
0.007969 83.753220
0.008305 84.558256
0.008639 81.376828
0.008982 83.491401
0.009310 85.271197
0.009645 85.559592
0.009980 85.948434
0.010299 82.677730
0.010627 87.464308
0.010963 86.777115
0.011299 88.134532
0.011635 84.167280
0.011971 86.815117
0.012307 88.392241
0.012642 88.673995
0.012978 89.299529
0.013313 89.379315
0.013629 89.541513
0.013960 88.786167
0.014298 89.060867
0.014633 90.360344
0.014970 90.132096
0.015303 92.282256
0.015640 92.845157
0.015973 89.881025
0.016306 92.170527
0.016644 92.995623
0.016955 92.705757
0.017290 94.759536
0.017627 93.892759
0.017962 95.700039
0.018300 97.040522
0.018636 88.326039
0.018973 91.727876
0.019308 94.004921
0.019645 95.013100
0.019977 96.161275
0.020289 95.859438
0.020627 97.089079
0.020961 99.562028
0.021303 95.974048
0.021635 99.045288
0.021971 100.903416
0.022306 101.370263
0.022642 102.763871
0.022978 102.084087
0.023313 103.416497
0.023634 103.584536
0.023961 104.898912
0.024298 106.630537
0.024633 100.736786
0.024971 103.356487
0.025305 105.744180
0.025640 106.376390
0.025977 108.267352
0.026307 109.591619
0.026645 110.792193
0.026954 110.357565
0.027289 112.944598
0.027626 113.792342
0.027964 114.838964
0.028300 115.345527
0.028635 117.606170
0.028971 118.184260
0.029306 120.190368
0.029642 120.356685
0.029978 122.017753
0.030287 122.169881
0.030622 125.425001
0.030960 126.972962
0.031296 127.434729
0.031632 129.456961
0.031968 130.315553
0.032305 132.274737
0.032642 133.821827
0.032975 133.757819
0.033312 136.165802
0.033625 136.742952
0.033960 139.816727
0.034295 140.488881
0.034632 142.551086
0.034967 143.890222
0.035302 145.663119
0.035638 147.013137
0.035973 148.627154
0.036308 150.178892
0.036644 150.401089
0.036959 152.163732
0.037294 154.923164
0.037631 156.058163
0.037967 157.588309
0.038303 159.137733
0.038639 160.671761
0.038973 162.268704
0.039309 164.209268
0.039645 165.702081
0.039979 167.254105
0.040291 167.145168
0.040626 171.021574
0.040962 171.917508
0.041299 173.255788
0.041635 174.734179
0.041972 176.686251
0.042307 177.526832
0.042642 179.480858
0.042978 180.966685
0.043312 182.366400
0.043622 181.944121
0.043957 185.266800
0.044294 186.061346
0.044630 188.034331
0.044966 188.920160
0.045302 190.396156
0.045636 191.725083
0.045973 192.917908
0.046307 193.878046
0.046642 195.174112
0.046950 188.838974
0.047286 193.807944
0.047625 195.749570
0.047961 197.371131
0.048297 198.591093
0.048633 199.310880
0.048970 200.272628
0.049305 200.859369
0.049640 201.601424
0.049976 202.516668
0.050288 198.339640
0.050624 202.657501
0.050961 203.708008
0.051297 205.221021
0.051633 206.002976
0.051968 206.781791
0.052305 207.486037
0.052641 208.025903
0.052977 208.779014
0.053312 209.221160
0.053620 201.640191
0.053955 206.559623
0.054292 209.535768
0.054627 211.092861
0.054963 211.741617
0.055300 212.839179
0.055636 213.467337
0.055971 214.254993
0.056306 214.743145
0.056639 215.290124
0.056949 211.811030
0.057285 215.647788
0.057623 216.358305
0.057959 217.170525
0.058296 217.849415
0.058633 218.155463
0.058967 218.742251
0.059306 218.899493
0.059641 219.949893
0.059981 220.169681
0.058539 179.573767
0.056867 153.009414
0.055182 131.909364
0.053500 111.947858
0.051820 92.884659
0.050140 74.723520
0.048460 57.854649
0.046783 46.565386
0.045111 32.461222
0.043435 18.011180
0.041875 6.741510
0.040199 -2.655690
0.038516 -11.568891
0.036833 -19.352975
0.035154 -27.517480
0.033473 -35.421987
0.031795 -42.605907
0.030117 -48.937915
0.028439 -54.453972
0.026765 -59.172112
0.025483 -61.536202
0.024144 -64.170316
0.022800 -66.251298
0.021457 -68.474677
0.020114 -70.012491
0.018769 -71.762045
0.017428 -72.931990
0.016090 -74.320202
0.014749 -75.381111
0.013412 -76.549020
0.012146 -76.831663
0.010807 -78.576322
0.009463 -79.636138
0.008118 -80.560982
0.006775 -81.176433
0.005429 -82.807832
0.004090 -83.713151
0.002749 -84.659616
0.001411 -85.902174
0.000070 -87.210158
-0.000579 -86.417943
-0.001246 -87.196157
-0.001924 -87.612972
-0.002597 -88.608761
-0.003269 -89.113374
-0.003941 -89.613649
-0.004612 -90.039589
-0.005282 -90.772897
-0.005952 -91.357609
-0.006623 -92.225876
-0.006971 -91.522797
-0.007304 -93.178580
-0.007638 -92.410711
-0.007980 -83.374593
-0.008311 -86.253669
-0.008645 -88.174330
-0.008979 -90.349467
-0.009313 -91.381909
-0.009648 -92.580463
-0.009983 -93.826658
-0.010299 -89.677648
-0.010627 -92.695963
-0.010964 -93.696247
-0.011300 -95.282559
-0.011633 -95.762991
-0.011972 -92.621022
-0.012306 -94.915850
-0.012643 -95.834087
-0.012978 -96.520242
-0.013313 -97.519200
-0.013625 -96.394418
-0.013958 -98.232766
-0.014294 -99.232051
-0.014633 -95.105386
-0.014967 -97.942156
-0.015301 -100.084415
-0.015638 -100.701804
-0.015975 -98.922197
-0.016308 -101.341140
-0.016642 -102.513733
-0.016961 -100.394637
-0.017292 -103.206972
-0.017628 -104.116610
-0.017967 -99.815589
-0.018300 -102.884193
-0.018637 -104.307481
-0.018973 -104.209553
-0.019307 -105.382246
-0.019643 -106.831743
-0.019979 -107.488805
-0.020291 -104.714017
-0.020624 -107.620145
-0.020961 -109.340724
-0.021299 -109.711783
-0.021633 -111.077975
-0.021970 -112.092345
-0.022307 -111.451773
-0.022640 -112.336185
-0.022977 -111.544901
-0.023312 -113.719540
-0.023621 -113.050369
-0.023955 -114.683063
-0.024288 -112.691996
-0.024626 -114.658725
-0.024962 -116.730883
-0.025302 -116.346073
-0.025636 -118.360950
-0.025972 -119.058314
-0.026307 -118.662366
-0.026642 -119.437457
-0.026954 -118.528858
-0.027288 -121.104350
-0.027627 -116.083034
-0.027960 -119.177908
-0.028296 -121.465931
-0.028633 -122.523923
-0.028970 -121.878888
-0.029306 -124.145062
-0.029644 -123.566161
-0.029978 -124.878449
-0.030288 -123.127680
-0.030622 -125.976930
-0.030961 -127.641988
-0.031295 -127.529442
-0.031635 -122.528833
-0.031969 -125.497425
-0.032306 -127.116258
-0.032639 -128.891701
-0.032976 -129.608793
-0.033312 -130.081975
-0.033622 -121.248328
-0.033957 -125.020851
-0.034292 -125.429017
-0.034627 -124.747666
-0.034967 -124.617722
-0.035300 -126.530057
-0.035637 -128.637648
-0.035972 -130.816409
-0.036306 -132.315938
-0.036642 -133.270100
-0.036955 -133.609688
-0.037289 -136.165147
-0.037623 -136.697786
-0.037960 -138.100332
-0.038297 -138.998454
-0.038633 -140.152400
-0.038970 -141.437981
-0.039306 -142.606010
-0.039641 -143.993294
-0.039977 -145.142526
-0.040287 -144.237892
-0.040623 -147.183115
-0.040958 -148.305040
-0.041294 -149.760937
-0.041633 -151.337423
-0.041969 -152.507190
-0.042305 -153.900103
-0.042640 -155.354226
-0.042976 -156.823776
-0.043312 -158.269332
-0.043621 -158.384285
-0.043955 -161.137225
-0.044288 -162.238292
-0.044627 -163.646125
-0.044962 -165.180974
-0.045299 -166.587404
-0.045635 -167.932941
-0.045972 -169.219921
-0.046307 -170.659895
-0.046641 -172.007887
-0.046950 -171.562743
-0.047284 -174.697458
-0.047620 -175.545155
-0.047958 -176.784895
-0.048294 -178.277145
-0.048631 -179.412026
-0.048967 -180.487632
-0.049305 -181.579594
-0.049641 -182.554844
-0.049977 -183.686458
-0.050282 -182.761551
-0.050616 -185.684132
-0.050954 -186.828357
-0.051292 -187.874877
-0.051627 -189.093934
-0.051964 -189.882271
-0.052301 -190.797422
-0.052638 -191.643582
-0.052974 -192.506944
-0.053310 -193.405120
-0.053617 -191.829853
-0.053950 -195.018169
-0.054285 -195.710255
-0.054625 -196.577348
-0.054961 -197.279533
-0.055298 -197.521044
-0.055635 -198.415603
-0.055970 -199.374488
-0.056306 -200.023882
-0.056641 -200.844519
-0.056950 -198.901368
-0.057285 -201.536899
-0.057620 -202.590240
-0.057960 -203.227676
-0.058296 -204.018707
-0.058632 -204.523784
-0.058968 -205.183270
-0.059305 -205.738358
-0.059640 -205.841232
-0.059979 -204.928748
-0.058542 -181.494756
-0.056859 -166.318917
-0.055178 -136.753202
-0.053497 -113.917533
-0.051819 -92.754506
-0.050139 -73.206225
-0.048460 -56.073956
-0.046785 -39.230379
-0.045111 -26.404108
-0.043433 -14.170375
-0.041877 -1.468496
-0.040197 8.876105
-0.038514 18.176062
-0.036833 26.754972
-0.035152 34.042781
-0.033471 40.724811
-0.031794 46.383582
-0.030106 51.846207
-0.028431 56.177928
-0.026757 60.027750
-0.025508 61.449462
-0.024163 63.712239
-0.022816 65.567903
-0.021470 67.159684
-0.020126 68.737943
-0.018785 70.001001
-0.017441 71.697482
-0.016100 72.969444
-0.014758 74.057270
-0.013420 75.770930
-0.012167 75.933594
-0.010824 76.459470
-0.009476 78.044105
-0.008132 78.849635
-0.006788 79.635041
-0.005445 80.461046
-0.004102 81.204998
-0.002763 82.098367
-0.001421 82.442043
-0.000080 83.311963
0.000572 81.770470
0.001246 82.208043
0.001918 83.011978
0.002593 83.346561
0.003265 83.844066
0.003936 84.481038
0.004607 84.984213
0.005280 85.954205
0.005949 86.635436
0.006619 83.881504
0.006960 84.758367
0.007295 86.414862
0.007632 86.472824
0.007967 84.710138
0.008303 86.023045
0.008639 87.685587
0.008974 87.789845
0.009308 87.900806
0.009645 88.633500
0.009979 89.351948
0.010288 89.672753
0.010625 90.027624
0.010961 90.126501
0.011298 90.630478
0.011631 90.818734
0.011971 89.679130
0.012306 92.088954
0.012644 91.477559
0.012978 92.789387
0.013312 92.448539
0.013623 92.937992
0.013959 93.709583
0.014294 94.173843
0.014629 90.125067
0.014967 91.813493
0.015302 93.380449
0.015638 94.053697
0.015977 94.177303
0.016309 94.202483
0.016642 94.726079
0.016953 96.082801
0.017288 95.019577
0.017627 95.996749
0.017961 97.330751
0.018299 97.273240
0.018634 97.865297
0.018970 98.344371
0.019306 99.251132
0.019641 97.706097
0.019976 99.130148
0.020288 98.343910
0.020624 98.941919
0.020964 100.997496
0.021297 96.108803
0.021635 98.644513
0.021970 101.060883
0.022306 101.226961
0.022639 102.667795
0.022977 103.358649
0.023313 104.749555
0.023621 104.830611
0.023957 104.972289
0.024294 107.216348
0.024635 99.359275
0.024966 104.772170
0.025301 107.014185
0.025637 107.890250
0.025972 108.201751
0.026308 109.284302
0.026643 110.740026
0.026955 110.754043
0.027290 112.935777
0.027627 108.347922
0.027965 109.987315
0.028300 111.658781
0.028635 113.530627
0.028972 114.067521
0.029306 115.734993
0.029642 116.313032
0.029978 117.463656
0.030288 117.059518
0.030624 118.232350
0.030961 120.731460
0.031297 120.688141
0.031633 121.918092
0.031970 122.227421
0.032307 123.473968
0.032641 123.352692
0.032977 124.488773
0.033312 125.416599
0.033624 125.419486
0.033960 128.235105
0.034295 128.189612
0.034631 129.930951
0.034967 130.776841
0.035303 131.606675
0.035638 132.989219
0.035973 133.939978
0.036309 133.212005
0.036644 135.306908
0.036951 135.145633
0.037287 138.161768
0.037623 138.369520
0.037961 140.036028
0.038297 141.306889
0.038633 142.621296
0.038970 143.350908
0.039306 144.580972
0.039641 144.301363
0.039976 146.321832
0.040291 146.242872
0.040626 149.316830
0.040962 149.597244
0.041299 151.085415
0.041635 152.643628
0.041971 153.833290
0.042306 155.039222
0.042644 155.807702
0.042977 157.278164
0.043315 158.590229
0.043624 158.751357
0.043959 162.164021
0.044295 163.083854
0.044631 164.206772
0.044967 165.833708
0.045302 167.204028
0.045638 168.178640
0.045973 169.247712
0.046309 170.620688
0.046643 171.606798
0.046952 169.943338
0.047288 173.932320
0.047624 174.673263
0.047961 176.405278
0.048298 177.857841
0.048633 178.596814
0.048969 180.339649
0.049305 180.933499
0.049642 182.371489
0.049974 183.956473
0.050283 182.462961
0.050621 185.931611
0.050957 186.676488
0.051294 188.427583
0.051631 189.747062
0.051967 190.646427
0.052303 191.662510
0.052639 193.063018
0.052975 194.106235
0.053311 194.951925
0.053620 187.771996
0.053954 192.284311
0.054290 196.400900
0.054627 197.146121
0.054964 198.261500
0.055299 199.580998
0.055634 200.541943
0.055971 201.093451
0.056305 202.242909
0.056641 202.554642
0.056948 192.402950
0.057285 198.701408
0.057622 202.521832
0.057958 203.762342
0.058296 204.791731
0.058631 205.734761
0.058968 206.574098
0.059304 207.204520
0.059641 208.158118
0.059975 208.518376
0.058546 165.392919
0.056874 140.114762
0.055189 120.818272
0.053506 101.952884
0.051826 83.920802
0.050145 66.887585
0.048465 51.335741
0.046786 40.398514
0.045112 27.532720
0.043439 15.083307
0.041894 5.191367
0.040218 -4.055685
0.038532 -11.819850
0.036849 -18.655548
0.035167 -25.408667
0.033486 -31.605438
0.031806 -37.422454
0.030127 -42.856333
0.028451 -47.526098
0.026774 -51.995896
0.025496 -53.871114
0.024158 -56.627633
0.022811 -59.428393
0.021465 -60.970125
0.020123 -63.075665
0.018778 -64.900872
0.017437 -66.163491
0.016097 -67.754909
0.014755 -68.867941
0.013417 -70.261791
0.013335 -65.836536
0.013335 -65.825867
0.013335 -65.813972
0.013336 -65.802826
0.013335 -65.805121
0.013335 -65.802099
0.013335 -65.827219
0.013335 -65.821464
0.013335 -65.797037
0.013335 -65.792835
0.012184 -71.241997
0.010840 -71.695633
0.009497 -71.627379
0.008144 -73.612640
0.006799 -74.626972
0.005453 -75.663814
0.004112 -76.264729
0.002767 -77.254091
0.001428 -78.148280
0.000085 -79.148662
-0.000568 -78.482724
-0.001241 -79.100822
-0.001915 -80.050194
-0.002587 -80.484965
-0.003262 -81.229750
-0.003935 -81.313545
-0.004606 -82.043516
-0.005276 -82.293587
-0.005948 -83.128288
-0.006618 -83.328510
-0.006950 -81.941767
-0.007283 -83.447487
-0.007621 -83.133271
-0.007955 -84.152286
-0.008292 -84.324441
-0.008629 -84.945114
-0.008967 -85.239098
-0.009304 -85.624996
-0.009639 -85.947226
-0.009975 -86.083465
-0.010288 -85.746040
-0.010622 -87.270355
-0.010958 -87.115382
-0.011294 -87.727457
-0.011633 -88.026304
-0.011968 -87.022940
-0.012304 -88.282748
-0.012640 -88.505137
-0.012977 -89.162662
-0.013312 -89.692676
-0.013623 -89.280822
-0.013957 -91.027980
-0.014292 -90.864843
-0.014627 -91.714030
-0.014963 -92.081640
-0.015300 -92.497585
-0.015636 -93.099187
-0.015972 -93.637579
-0.016308 -85.186005
-0.016643 -88.308136
-0.016957 -89.583679
-0.017289 -91.406216
-0.017627 -93.324586
-0.017967 -92.174214
-0.018301 -93.099235
-0.018637 -94.672743
-0.018972 -95.629626
-0.019311 -91.464431
-0.019642 -93.820547
-0.019978 -95.796915
-0.020298 -95.345205
-0.020629 -97.463807
-0.020964 -99.002019
-0.021304 -94.840064
-0.021634 -96.944772
-0.021972 -98.027933
-0.022307 -98.761865
-0.022643 -98.173788
-0.022978 -100.278390
-0.023314 -101.485151
-0.023622 -100.715975
-0.023960 -100.049936
-0.024293 -102.527496
-0.024632 -101.735353
-0.024966 -103.138085
-0.025300 -104.615238
-0.025638 -102.777061
-0.025972 -105.421307
-0.026309 -104.359367
-0.026643 -105.980180
-0.026949 -104.014844
-0.027284 -106.904343
-0.027626 -105.439916
-0.027958 -107.794529
-0.028295 -107.345766
-0.028631 -110.189145
-0.028967 -110.816353
-0.029303 -110.681191
-0.029640 -111.286159
-0.029974 -111.666582
-0.030284 -111.342284
-0.030619 -113.663559
-0.030955 -111.639110
-0.031292 -113.637446
-0.031627 -115.720763
-0.031965 -116.168263
-0.032301 -116.236082
-0.032639 -115.212466
-0.032975 -115.927748
-0.033309 -117.262718
-0.033620 -116.859526
-0.033955 -118.213603
-0.034289 -119.716328
-0.034630 -116.571358
-0.034961 -119.610047
-0.035299 -121.270421
-0.035635 -120.730331
-0.035970 -123.201711
-0.036307 -122.738401
-0.036641 -123.718932
-0.036950 -122.780692
-0.037286 -124.584716
-0.037622 -125.167898
-0.037957 -126.774067
-0.038294 -127.961051
-0.038631 -128.994118
-0.038968 -128.313038
-0.039304 -129.453734
-0.039642 -130.055053
-0.039975 -131.195597
-0.040285 -127.618040
-0.040621 -130.599726
-0.040956 -131.893689
-0.041294 -131.272792
-0.041629 -131.165698
-0.041967 -128.654554
-0.042303 -126.920332
-0.042639 -130.317999
-0.042975 -132.158137
-0.043311 -134.224162
-0.043619 -133.802109
-0.043954 -136.203990
-0.044288 -137.209055
-0.044623 -138.778832
-0.044963 -139.932230
-0.045300 -141.467551
-0.045635 -142.551609
-0.045971 -143.878656
-0.046306 -145.133720
-0.046640 -146.617288
-0.046951 -146.787021
-0.047286 -149.376800
-0.047621 -150.369690
-0.047958 -152.171185
-0.048295 -153.375591
-0.048633 -154.646149
-0.048968 -156.194720
-0.049305 -157.480228
-0.049640 -156.685430
-0.049977 -159.368769
-0.050285 -159.646825
-0.050620 -162.599881
-0.050955 -163.613831
-0.051293 -165.156093
-0.051630 -166.706889
-0.051967 -167.872337
-0.052303 -169.298210
-0.052639 -170.744837
-0.052975 -172.001845
-0.053311 -173.305456
-0.053616 -172.669441
-0.053950 -175.773978
-0.054286 -176.797402
-0.054624 -178.200565
-0.054961 -179.306312
-0.055297 -180.575925
-0.055633 -181.496608
-0.055969 -182.833527
-0.056305 -183.984639
-0.056640 -185.286829
-0.056948 -184.546531
-0.057282 -187.577055
-0.057617 -188.291301
-0.057956 -189.016122
-0.058294 -189.977928
-0.058628 -191.032281
-0.058967 -192.223315
-0.059303 -193.347425
-0.059639 -193.498894
-0.059976 -193.378077
-0.058544 -171.087259
-0.056860 -156.438678
-0.055179 -127.837038
-0.053497 -105.558344
-0.051818 -85.948739
-0.050138 -67.401601
-0.048463 -50.329846
-0.046785 -35.449129
-0.045109 -22.334094
-0.043433 -11.313160
-0.041866 -0.054158
-0.040185 9.380365
-0.038504 17.777254
-0.036824 25.498198
-0.035142 32.046345
-0.033466 37.964205
-0.031787 43.129583
-0.030112 47.770157
-0.028436 51.682459
-0.026762 54.843577
-0.025479 56.064959
-0.024138 58.338984
-0.022794 59.906878
-0.021450 61.210196
-0.020108 62.639819
-0.018767 63.814646
-0.017427 64.975633
-0.016088 66.285663
-0.014747 66.733351
-0.013409 68.532460
-0.012147 68.877608
-0.010806 70.251519
-0.009461 71.356754
-0.008118 72.342570
-0.006776 73.210343
-0.005434 74.222526
-0.004092 74.856752
-0.002751 74.369213
-0.001413 76.614898
-0.000072 77.046488
0.000082 74.343639
0.000074 74.143244
0.000067 73.972514
0.000060 73.816680
0.000054 73.685805
0.000048 73.559011
0.000043 73.466527
0.000038 73.376169
0.000033 73.283890
0.000031 73.217401
0.000573 70.148826
0.001245 65.584129
0.001918 62.735633
0.002592 58.967752
0.003265 55.838755
0.003936 52.848807
0.004608 49.754304
0.005279 46.884281
0.005949 44.355224
0.006620 41.912346
0.006960 40.392334
0.007294 39.598429
0.007632 37.732019
0.007967 37.205436
0.008302 35.817145
0.008640 34.715616
0.008973 33.780632
0.009309 32.842512
0.009646 31.225514
0.009979 30.572732
