-0.000548 -4.735886
-0.001179 -9.489189
-0.001808 -14.022766
-0.002447 -18.289759
-0.003076 -22.466608
-0.003706 -26.408970
-0.003191 -20.329695
-0.002559 -15.487027
-0.001932 -10.808860
-0.001308 -6.323982
-0.000679 -1.841641
-0.000050 2.479709
0.000564 6.487158
0.001195 10.388228
0.001826 14.618571
0.002438 18.707068
0.003068 22.996075
0.003696 27.127909
0.003185 21.119846
0.002555 16.558483
0.001924 12.018470
0.001304 7.800844
0.000675 3.827375
0.000046 -0.156945
-0.000568 -4.224154
-0.001198 -8.558083
-0.001828 -12.893387
-0.002446 -17.232552
-0.003076 -21.624660
-0.003706 -26.070373
-0.003191 -20.252683
-0.002557 -15.501925
-0.001927 -10.856538
-0.001310 -6.523238
-0.000679 -2.118079
-0.000049 2.116110
0.000562 6.006596
0.001191 9.787196
0.001821 13.845081
0.002442 17.993558
0.003072 22.408015
0.003702 26.788155
0.003186 20.904615
0.002555 16.373034
0.001925 11.893224
0.001306 7.744124
0.000675 3.981497
0.000046 0.017802
-0.000570 -4.043524
-0.001199 -8.347912
-0.001828 -12.659140
-0.002445 -16.960487
-0.003076 -21.367792
-0.003706 -25.883896
-0.003191 -20.170823
-0.002560 -15.424348
-0.001930 -10.795406
-0.001311 -6.432089
-0.000680 -2.100570
-0.000050 2.083776
0.000562 5.917046
0.001193 9.608842
0.001822 13.638173
0.002442 17.762906
0.003070 22.151155
0.003700 26.595150
0.003191 20.839987
0.002559 16.316866
0.001929 11.846878
0.001306 7.712984
0.000676 4.056660
0.000047 0.122974
0.000751 6.346679
0.001593 11.514130
0.002434 17.263396
0.003257 23.125274
0.004097 29.181727
0.004937 34.629890
0.004246 26.908571
0.003406 20.712113
0.002569 14.772560
0.001740 9.265124
0.000900 4.508882
0.000059 -0.578213
-0.000761 -5.964158
-0.001601 -11.634272
-0.002440 -17.392498
-0.003259 -23.040571
-0.004100 -28.769202
-0.004937 -33.837087
-0.004248 -25.926937
-0.003409 -19.609430
-0.002570 -13.651914
-0.001742 -7.940439
-0.000900 -2.323034
-0.000060 2.981797
0.000752 7.734695
0.001594 12.708483
0.002435 18.026475
0.003260 23.456366
0.004097 29.119976
0.004936 34.794947
0.004247 27.316290
0.003407 21.222079
0.002567 15.310999
0.001736 9.804932
0.000897 5.111617
0.000058 0.241275
-0.000765 -4.992867
-0.001606 -10.514151
-0.002443 -16.132881
-0.003266 -21.576280
-0.004104 -27.348527
-0.004942 -32.989041
-0.004252 -25.720413
-0.003411 -19.457458
-0.002571 -13.542372
-0.001745 -7.866264
-0.000902 -2.282642
-0.000063 2.990669
0.000759 7.725119
0.001598 12.608433
0.002438 17.866709
0.003255 23.200723
0.004095 28.837362
0.004935 34.605224
0.004251 27.263663
0.003411 21.222058
0.002571 15.358707
0.001739 9.937667
0.000900 5.303904
0.000061 0.477674
-0.000757 -4.658580
-0.001599 -10.205019
-0.002442 -15.798562
-0.003261 -21.207364
-0.004100 -26.960164
-0.004939 -32.704819
-0.004250 -25.488643
-0.003410 -19.290269
-0.002572 -13.402628
-0.001746 -7.771382
-0.000906 -2.232175
-0.000065 2.997351
0.000756 7.662586
0.001599 12.542530
0.002439 17.792414
0.003258 23.073853
0.004100 28.697019
0.004936 34.496302
0.005761 39.842215
0.006601 44.736741
0.007443 49.183470
0.006751 40.577399
0.005910 34.425804
0.005070 28.390267
0.004244 22.748351
0.003401 17.161593
0.002567 11.899498
0.001742 7.363882
0.000900 3.014342
0.000062 -1.800754
-0.000760 -6.880666
-0.001601 -12.201775
-0.002439 -17.653976
-0.003262 -22.998763
-0.004103 -28.463532
-0.004941 -34.014972
-0.005765 -38.025496
-0.006605 -39.816200
-0.007445 -40.888920
-0.006752 -32.293681
-0.005912 -26.011702
-0.005070 -20.024879
-0.004239 -14.376944
-0.003402 -8.839734
-0.002562 -3.504263
-0.001746 1.368999
-0.000904 6.123294
-0.000064 10.706410
0.000761 15.500177
0.001599 20.466162
0.002441 25.533902
0.003258 30.484394
0.004097 35.604187
0.004934 40.646696
0.005755 45.031872
0.006598 49.093236
0.007437 52.286631
0.006748 43.735562
0.005906 37.480287
0.005066 31.534565
0.004241 25.869044
0.003402 20.316039
0.002563 15.075262
0.001737 10.269130
0.000895 5.940933
0.000058 1.623347
-0.000759 -2.925869
-0.001600 -8.050963
-0.002439 -13.233355
-0.003257 -18.177093
-0.004098 -23.124289
-0.004936 -27.404113
-0.005761 -31.172996
-0.006601 -35.349138
-0.007441 -39.457978
-0.006744 -30.774201
-0.005905 -24.548495
-0.005064 -18.630059
-0.004240 -13.080114
-0.003403 -7.679115
-0.002563 -2.429021
-0.001736 2.368406
-0.000896 6.892411
-0.000057 11.431049
0.000763 16.138401
0.001603 21.016694
0.002444 25.845446
0.003258 30.527921
0.004096 35.206497
0.004937 39.516751
0.005760 43.067570
0.006598 47.107331
0.007439 51.204106
0.006751 43.152812
0.005910 36.918434
0.005070 31.037211
0.004243 25.418744
0.003403 19.954010
0.002566 14.822050
0.001743 10.179108
0.000902 5.882521
0.000062 1.602384
-0.000763 -3.027299
-0.001602 -8.106052
-0.002441 -13.175371
-0.003261 -17.971707
-0.004100 -22.638431
-0.004939 -26.336297
-0.005765 -29.646422
-0.006604 -33.514769
-0.007445 -37.853644
-0.006751 -29.928620
-0.005910 -23.811287
-0.005070 -17.910968
-0.004241 -12.353808
-0.003403 -6.996278
-0.002564 -1.807213
-0.001747 2.815905
-0.000906 7.326235
-0.000064 11.865109
0.001009 17.916755
0.002130 24.254765
0.003250 30.382333
0.004346 35.671239
0.005466 40.634568
0.006582 45.981871
0.007676 51.151271
0.008797 54.838068
0.009917 55.678883
0.008992 44.585424
0.007872 36.542930
0.006750 28.948027
0.005651 21.939725
0.004532 15.232078
0.003415 9.187453
0.002319 3.741830
0.001199 -2.439659
0.000080 -9.105178
-0.001023 -15.554253
-0.002140 -21.510667
-0.003260 -25.765712
-0.003847 -27.554217
-0.004406 -29.093343
-0.004966 -30.901266
-0.005524 -33.020112
-0.006081 -35.514785
-0.006639 -38.041494
-0.007175 -39.299960
-0.007734 -40.121155
-0.008294 -41.273264
-0.008854 -41.900591
-0.009413 -42.535660
-0.009972 -43.389356
-0.009500 -36.980780
-0.008940 -32.674328
-0.008378 -28.581105
-0.007820 -24.660605
-0.007259 -20.788219
-0.006700 -17.091837
-0.006155 -13.585236
-0.005596 -10.012944
-0.005038 -6.599198
-0.004476 -3.178116
-0.003920 0.043250
-0.003364 3.100034
-0.002823 5.951340
-0.002263 8.857218
-0.001704 11.772565
-0.001144 14.741820
-0.000587 17.714469
-0.000028 20.591179
0.000508 23.079476
0.001067 25.795011
0.001625 28.365855
0.002187 30.768603
0.002743 32.905284
0.003304 34.968491
0.003847 36.729933
0.004406 38.514841
0.004966 40.067794
0.005523 41.562242
0.006084 43.003127
0.006638 44.350875
0.007177 45.618739
0.007738 47.207141
0.008296 48.781861
0.008858 50.418278
0.009413 52.232476
0.009973 53.611238
0.009504 47.511698
0.008942 42.557499
0.008382 38.598655
0.007821 34.674240
0.007262 30.939611
0.006698 27.221264
0.006156 23.801064
0.005596 20.311412
0.005039 17.025691
0.004479 13.863004
0.003922 10.842796
0.003362 8.015264
0.002821 5.379765
0.002264 2.540293
0.001705 -0.532124
0.001144 -3.720551
0.000586 -7.006542
0.000027 -10.170191
-0.000511 -13.074601
-0.001070 -16.093934
-0.001629 -18.729593
-0.002189 -20.814578
-0.002748 -22.594749
-0.003306 -24.127335
-0.003839 -25.398953
-0.004402 -26.492873
-0.004958 -27.496371
-0.005518 -28.482771
-0.006076 -29.472902
-0.006634 -30.814731
-0.007176 -32.407331
-0.007736 -34.233499
-0.008294 -36.296401
-0.008853 -38.475903
-0.009414 -40.641902
-0.009971 -42.103792
-0.009501 -35.970316
-0.008941 -31.715340
-0.008379 -27.680178
-0.007820 -23.774283
-0.007261 -19.941448
-0.006702 -16.265406
-0.006157 -12.784288
-0.005598 -9.275642
-0.005038 -5.899691
-0.004481 -2.545497
-0.003923 0.596524
-0.003364 3.564516
-0.002822 6.352667
-0.002264 9.235868
-0.001704 12.107163
-0.001144 14.860146
-0.000586 17.400453
-0.000027 20.013753
0.000512 22.249260
0.001073 24.697646
0.001630 26.972198
0.002191 29.058369
0.002748 31.034589
0.003306 32.758335
0.003846 34.182776
0.004404 35.907585
0.004964 37.517457
0.005522 39.111810
0.006079 40.542105
0.006638 41.922840
0.007179 43.171002
0.007740 44.916877
0.008298 46.632686
0.008859 48.410849
0.009415 50.370439
0.009973 52.293423
0.009501 46.250826
0.008940 41.358966
0.008379 37.401365
0.007821 33.562696
0.007260 29.842174
0.006700 26.170087
0.006154 22.799477
0.005596 19.349777
0.005038 16.121979
0.004478 13.025060
0.003921 10.074071
0.003363 7.318872
0.002821 4.706579
0.002261 1.785547
0.001702 -1.272450
0.001143 -4.440987
0.000585 -7.641459
0.000027 -10.728254
-0.000506 -13.519304
-0.001065 -16.164945
-0.001627 -18.469775
-0.002185 -20.259024
-0.002744 -21.805777
-0.003304 -23.085875
-0.003845 -24.137443
-0.004403 -25.121868
-0.004962 -26.031261
-0.005521 -27.002654
-0.006080 -28.070221
-0.006637 -29.481122
-0.007175 -31.086415
-0.007735 -32.852456
-0.008295 -34.879889
-0.008852 -37.016665
-0.009414 -39.438024
-0.009972 -41.430642
-0.009502 -35.487480
-0.008942 -31.266745
-0.008383 -27.232743
-0.007821 -23.352014
-0.007261 -19.524375
-0.006703 -15.879311
-0.006155 -12.372866
-0.005597 -8.912904
-0.005039 -5.560681
-0.004480 -2.238429
-0.003922 0.873652
-0.003365 3.818419
-0.002820 6.487754
-0.002261 9.301847
-0.001703 12.093373
-0.001142 14.708498
-0.000585 17.243940
-0.000027 19.671416
0.000761 22.992351
0.001599 26.341072
0.002439 29.209104
0.003280 31.797396
0.004117 34.227877
0.004953 36.562866
0.005766 38.764113
0.006607 40.919256
0.007444 43.092687
0.008282 45.560748
0.009120 48.258586
0.009956 51.253663
0.010387 51.820259
0.010804 52.734718
0.011224 53.300692
0.011645 54.223316
0.012062 54.958468
0.012482 55.820944
0.012886 56.578657
0.013305 57.551800
0.013723 58.266610
0.014142 59.074923
0.014562 60.126554
0.014979 61.053668
0.014251 52.586966
0.013409 46.255941
0.012570 40.455309
0.011730 34.850022
0.010890 29.511749
0.010052 24.316814
0.009239 19.555673
0.008401 14.881189
0.007561 10.513377
0.006721 6.395423
0.005884 2.282846
0.005046 -2.214674
0.004230 -6.760352
0.003391 -11.312480
0.002552 -15.375141
0.001714 -18.550495
0.000876 -20.733395
0.000039 -22.373528
-0.000766 -23.504224
-0.001604 -24.681757
-0.002443 -25.913118
-0.003282 -27.009812
-0.004118 -28.325074
-0.004957 -29.957749
-0.005767 -32.005273
-0.006607 -34.705308
-0.007445 -37.361809
-0.008283 -39.982930
-0.009121 -41.940071
-0.009959 -43.867667
-0.010388 -44.762045
-0.010807 -45.969509
-0.011227 -46.963407
-0.011645 -47.886477
-0.012064 -48.716932
-0.012484 -49.540797
-0.012886 -50.134028
-0.013305 -51.073644
-0.013724 -51.707228
-0.014142 -52.346831
-0.014562 -52.977103
-0.014979 -53.671451
-0.014249 -44.673840
-0.013409 -38.296392
-0.012566 -32.477854
-0.011729 -26.886073
-0.010891 -21.466830
-0.010052 -16.284932
-0.009238 -11.437535
-0.008397 -6.620342
-0.007557 -1.967761
-0.006720 2.285258
-0.005883 6.079479
-0.005045 9.724106
-0.004233 13.379973
-0.003397 16.995769
-0.002558 20.048843
-0.001718 22.941981
-0.000880 25.567054
-0.000045 27.775525
0.000757 29.776212
0.001597 31.838297
0.002439 33.738191
0.003278 35.440180
0.004116 36.926840
0.004952 38.216111
0.005765 39.360003
0.006604 40.385943
0.007444 41.328156
0.008283 42.775575
0.009120 44.349289
0.009956 46.087768
0.010387 46.721603
0.010807 47.680947
0.011227 48.461301
0.011646 49.564471
0.012064 50.681871
0.012485 51.824959
0.012882 52.840251
0.013304 54.086791
0.013722 55.322780
0.014142 56.725187
0.014559 58.234537
0.014977 59.635545
0.014245 50.834415
0.013405 44.852355
0.012565 39.091556
0.011724 33.577834
0.010888 28.288956
0.010049 23.297498
0.009235 18.674063
0.008396 14.157251
0.007556 9.940232
0.006718 5.911503
0.005881 1.815896
0.005042 -2.425913
0.004233 -6.511407
0.003394 -10.422132
0.002555 -13.807756
0.001716 -16.174809
0.000879 -17.931573
0.000042 -19.242148
-0.000773 -20.207622
-0.001610 -21.173407
-0.002450 -22.312657
-0.003288 -23.403740
-0.004125 -24.489011
-0.004962 -25.840371
-0.005771 -27.235031
-0.006609 -29.091127
-0.007448 -31.107356
-0.008286 -33.220168
-0.009123 -35.451908
-0.009961 -37.795051
-0.010392 -39.008047
-0.010811 -40.401081
-0.011231 -41.595049
-0.011650 -42.757585
-0.012069 -43.916366
-0.012487 -44.988042
-0.012892 -45.932938
-0.013310 -47.221451
-0.013728 -48.455053
-0.014147 -49.600493
-0.014564 -50.672923
-0.014982 -51.733114
-0.014249 -43.729205
-0.013409 -37.391827
-0.012568 -31.635614
-0.011728 -26.065008
-0.010889 -20.698864
-0.010052 -15.580792
-0.009231 -10.746949
-0.008393 -6.010655
-0.007555 -1.473831
-0.006716 2.466905
-0.005878 6.172031
-0.005040 9.810534
-0.004239 13.178174
-0.003400 16.500815
-0.002561 19.395371
-0.001720 22.147022
-0.000882 24.469576
-0.000045 26.542811
0.000757 28.391846
0.001597 30.419412
0.002437 32.241502
0.003277 33.843918
0.004113 35.197106
0.004951 36.412220
0.005382 36.375901
0.005801 37.137081
0.006221 37.508679
0.006640 37.898202
0.007061 38.441107
0.007481 38.888157
0.007885 39.464232
0.008305 40.176448
0.008723 40.960152
0.009141 41.765666
0.009561 42.695127
0.009979 43.774122
0.010384 44.467569
0.010803 45.441094
0.011224 46.498297
0.011644 47.338574
0.012061 48.457080
0.012481 49.657677
0.012887 50.401699
0.013306 51.915893
0.013724 53.386756
0.014142 55.117555
0.014561 56.731503
0.014979 58.267877
0.015385 59.499006
0.015803 60.760777
0.016224 62.009236
0.016645 63.164184
0.017063 64.189314
0.017482 65.489702
0.017884 66.250706
0.018303 67.620321
0.018722 68.867752
0.019140 70.067829
0.019559 71.231735
0.019977 72.352000
0.019246 63.243605
0.018407 57.079279
0.017566 51.105471
0.016727 45.451054
0.015888 40.026630
0.015050 34.789365
0.014238 29.959175
0.013397 25.074577
0.012558 20.424041
0.011718 16.068364
0.010882 11.929084
0.010044 8.056820
0.009238 4.550546
0.008398 0.676901
0.007559 -3.225149
0.006721 -7.182401
0.005882 -10.623207
0.005044 -13.789987
0.004231 -15.838981
0.003391 -17.365129
0.002553 -18.310838
0.001714 -19.139730
0.000876 -19.993518
0.000040 -20.746775
-0.000764 -21.642507
-0.001603 -22.461782
-0.002443 -23.393407
-0.003283 -24.495938
-0.004121 -25.610797
-0.004957 -27.112251
-0.005385 -27.767283
-0.005804 -28.852434
-0.006224 -29.784892
-0.006643 -30.765234
-0.007062 -31.726731
-0.007482 -32.649970
-0.007884 -33.301258
-0.008302 -34.414170
-0.008722 -35.378167
-0.009141 -36.341003
-0.009560 -37.355052
-0.009978 -38.372437
-0.010379 -39.076162
-0.010800 -40.254236
-0.011221 -41.255349
-0.011640 -42.217643
-0.012060 -43.225620
-0.012479 -44.236873
-0.012881 -45.032023
-0.013301 -46.259238
-0.013720 -47.639163
-0.014139 -48.903040
-0.014558 -49.987686
-0.014977 -50.599185
-0.015386 -51.263383
-0.015804 -52.393062
-0.016225 -53.213076
-0.016644 -53.948713
-0.017062 -54.644789
-0.017482 -55.374483
-0.017881 -55.518768
-0.018301 -56.712674
-0.018720 -57.525829
-0.019139 -58.245499
-0.019562 -58.237481
-0.019977 -59.539041
-0.019241 -50.932308
-0.018403 -44.602406
-0.017562 -38.640821
-0.016723 -33.109881
-0.015885 -27.744120
-0.015048 -22.620694
-0.014236 -17.852392
-0.013397 -12.954010
-0.012558 -8.363728
-0.011719 -3.938503
-0.010882 0.076337
-0.010045 3.711195
-0.009231 7.003043
-0.008391 10.548374
-0.007553 14.150067
-0.006716 17.449681
-0.005878 19.956122
-0.005039 22.270234
-0.004232 24.113220
-0.003393 25.700063
-0.002555 27.249605
-0.001717 28.624223
-0.000879 29.905722
-0.000041 30.861687
0.000755 31.500071
0.001597 32.315265
0.002436 32.822822
0.003275 33.213867
0.004114 33.639727
0.004954 34.192737
0.005389 34.224126
0.005808 34.651641
0.006227 35.158319
0.006647 35.538382
0.007064 35.967199
0.007482 36.438711
0.007887 36.931952
0.008306 37.568483
0.008724 38.241817
0.009143 39.202800
0.009562 39.921847
0.009979 40.753560
0.010389 41.450184
0.010809 42.360999
0.011227 43.152572
0.011645 43.995260
0.012064 44.946164
0.012482 45.861668
0.012888 46.340424
0.013307 47.798218
0.013725 48.617131
0.014143 49.884413
0.014562 50.565092
0.014980 51.412547
0.015382 52.314105
0.015802 53.696924
0.016223 55.192545
0.016642 56.508862
0.017061 58.157707
0.017481 59.389800
0.017886 61.168496
0.018305 63.117707
0.018724 65.107533
0.019143 66.816206
0.019561 68.534386
0.019979 70.245380
0.019245 61.447927
0.018403 55.288084
0.017565 49.479688
0.016726 43.920539
0.015888 38.587633
0.015050 33.441585
0.014231 28.644076
0.013393 23.957154
0.012555 19.459313
0.011715 15.305237
0.010878 11.335105
0.010041 7.666057
0.009234 4.329110
0.008396 0.536823
0.007558 -3.136741
0.006718 -6.542893
0.005880 -9.711471
0.005042 -12.123560
0.004231 -13.808321
0.003391 -14.914582
0.002553 -15.744539
0.001714 -16.550126
0.000877 -17.333251
0.000040 -18.053971
-0.000765 -18.833672
-0.001604 -19.757847
-0.002445 -20.601241
-0.003282 -21.582106
-0.004121 -22.806996
-0.004958 -24.078227
-0.005383 -24.462853
-0.005803 -25.375031
-0.006223 -26.148526
-0.006643 -26.981880
-0.007062 -27.761339
-0.007482 -28.567455
-0.007886 -29.162072
-0.008305 -30.166674
-0.008724 -31.094685
-0.009142 -31.943137
-0.009561 -32.742941
-0.009979 -33.540759
-0.010381 -34.067321
-0.010802 -35.081076
-0.011222 -35.923297
-0.011642 -36.760781
-0.012061 -37.592112
-0.012481 -38.453723
-0.012882 -39.069609
-0.013300 -40.224243
-0.013720 -41.258018
-0.014139 -42.247239
-0.014558 -42.718524
-0.014976 -43.778778
-0.015379 -44.498738
-0.015801 -45.659014
-0.016221 -46.694598
-0.016640 -47.917132
-0.017059 -49.038012
-0.017479 -50.102710
-0.017885 -50.927835
-0.018305 -52.561436
-0.018724 -54.054276
-0.019142 -54.956048
-0.019561 -56.360214
-0.019979 -57.654248
-0.019248 -49.739150
-0.018409 -43.497805
-0.017569 -37.622477
-0.016731 -32.143054
-0.015890 -26.813899
-0.015052 -21.661375
-0.014231 -16.921544
-0.013392 -12.134744
-0.012554 -7.585237
-0.011715 -3.280987
-0.010877 0.520085
-0.010042 4.057426
-0.009235 7.191432
-0.008396 10.652651
-0.007556 14.197707
-0.006718 17.289344
-0.005881 19.673955
-0.005043 21.923930
-0.004226 23.583361
-0.003389 25.120795
-0.002551 26.510182
-0.001713 27.671158
-0.000876 28.611786
-0.000039 29.495337
0.000903 30.040004
0.001912 30.563720
0.002921 31.152493
0.003928 31.857325
0.004935 32.538464
0.005940 33.300669
0.006458 33.506243
0.006964 34.173557
0.007469 34.815509
0.007971 35.501899
0.008474 36.001050
0.008975 37.053920
0.009463 38.152494
0.009966 38.864537
0.010469 40.196856
0.010973 41.018152
0.011475 42.100485
0.011976 43.091902
0.012456 44.102679
0.012960 45.107671
0.013464 46.225387
0.013967 47.504891
0.014470 48.678256
0.014974 49.597067
0.015453 50.695405
0.015958 52.296795
0.016462 53.805134
0.016965 55.788296
0.017468 57.953731
0.017970 59.563190
0.018463 62.063101
0.018967 64.437857
0.019469 66.744924
0.019973 68.988991
0.020472 70.979819
0.020974 72.523809
0.021459 74.102903
0.021963 76.129883
0.022465 77.863942
0.022970 79.507434
0.023471 81.043216
0.023973 82.526450
0.024461 83.681281
0.024964 85.388022
0.025465 86.780767
0.025971 87.947800
0.026473 89.344139
0.026975 90.756929
0.027455 91.106346
0.027960 92.963712
0.028463 94.345112
0.028967 95.532190
0.029469 96.563091
0.029973 97.516201
0.028639 82.669144
0.027129 71.681184
0.025615 61.232813
0.024103 51.564707
0.022595 42.357733
0.021086 33.747729
0.019616 25.992762
0.018109 18.627777
0.016597 12.113224
0.015088 6.101113
0.013579 0.740301
0.012071 -5.001889
0.010159 -11.474482
0.008144 -15.685746
0.006131 -17.608607
0.004118 -18.720521
0.002108 -20.090886
0.000099 -21.495860
-0.000920 -22.468589
-0.001927 -23.396122
-0.002934 -24.082227
-0.003941 -25.268807
-0.004947 -26.641962
-0.005950 -27.871962
-0.006473 -28.537663
-0.006976 -29.429659
-0.007478 -30.225065
-0.007979 -31.122954
-0.008481 -31.951345
-0.008982 -32.862892
-0.009463 -33.511318
-0.009966 -34.555191
-0.010469 -35.453519
-0.010973 -36.349229
-0.011474 -37.156033
-0.011976 -38.317336
-0.012464 -39.268029
-0.012968 -40.636818
-0.013470 -41.884290
-0.013973 -42.825778
-0.014476 -43.786916
-0.014978 -44.761591
-0.015460 -45.250274
-0.015964 -46.616328
-0.016467 -47.975892
-0.016970 -49.300339
-0.017473 -50.687119
-0.017975 -52.148545
-0.018453 -52.952997
-0.018960 -54.439325
-0.019462 -55.641483
-0.019966 -57.157345
-0.020469 -57.960312
-0.020973 -59.496283
-0.021461 -60.823651
-0.021962 -62.809840
-0.022467 -64.525813
-0.022970 -66.144280
-0.023473 -67.170154
-0.023974 -68.656162
-0.024460 -69.452371
-0.024964 -71.286471
-0.025468 -72.750976
-0.025970 -73.372970
-0.026473 -75.011219
-0.026975 -76.340685
-0.027461 -76.952897
-0.027966 -78.754323
-0.028469 -80.100823
-0.028970 -80.567733
-0.029474 -82.089066
-0.029977 -83.137573
-0.028643 -68.917665
-0.027130 -57.859409
-0.025619 -47.677588
-0.024107 -38.265967
-0.022599 -29.343178
-0.021090 -20.947525
-0.019613 -13.309223
-0.018106 -6.002072
-0.016597 0.453048
-0.015088 5.921065
-0.013579 11.138866
-0.012074 16.407099
-0.010157 21.377027
-0.008142 24.814890
-0.006131 27.009188
-0.004118 28.680894
-0.002108 29.702985
-0.000099 30.631554
0.000923 31.140062
0.001930 31.816660
0.002936 32.487155
0.003942 33.038497
0.004947 33.895964
0.005952 34.785104
0.006467 34.945723
0.006970 35.398090
0.007472 35.689892
0.007974 36.350547
0.008478 36.980648
0.008979 37.691881
0.009462 37.733344
0.009965 38.585537
0.010469 39.290051
0.010971 40.117212
0.011473 40.905133
0.011976 41.711218
0.012459 42.132728
0.012963 43.029814
0.013466 43.920460
0.013965 44.454691
0.014472 45.299866
0.014975 46.177141
0.015458 46.969919
0.015962 48.014966
0.016465 49.043796
0.016967 50.114987
0.017471 51.196667
0.017975 52.170135
0.018461 53.279744
0.018965 54.725225
0.019470 56.433842
0.019971 57.869381
0.020473 59.668223
0.020975 60.651326
0.021461 62.458905
0.021965 64.628381
0.022467 66.739187
0.022970 68.710972
0.023473 70.837406
0.023975 72.181063
0.024463 73.770054
0.024965 76.166199
0.025466 78.450326
0.025970 80.557786
0.026474 82.075703
0.026973 84.195459
0.027461 85.872869
0.027965 88.044379
0.028468 89.915113
0.028971 91.814757
0.029473 93.686838
0.029976 94.827009
0.028640 81.266526
0.027129 70.412517
0.025616 60.298173
0.024106 50.784984
0.022597 41.766864
0.021088 33.470226
0.019611 25.948253
0.018102 18.968571
0.016592 12.741097
0.015085 7.064813
0.013577 1.996275
0.012070 -3.109144
0.010142 -9.019761
0.008129 -12.577206
0.006118 -14.097729
0.004107 -14.988037
0.002097 -16.097929
0.000090 -17.342012
-0.000939 -18.195940
-0.001945 -19.112829
-0.002949 -19.951172
-0.003954 -20.667599
-0.004958 -21.647098
-0.005961 -22.730836
-0.006476 -23.265674
-0.006979 -23.993373
-0.007480 -24.700251
-0.007982 -25.350924
-0.008483 -25.654213
-0.008984 -26.427871
-0.009469 -27.002493
-0.009973 -27.987343
-0.010477 -28.799592
-0.010976 -29.643702
-0.011478 -30.567301
-0.011980 -31.316791
-0.012463 -31.829643
-0.012967 -32.801812
-0.013469 -33.659058
-0.013972 -34.521655
-0.014475 -35.048851
-0.014979 -36.001145
-0.015464 -36.653470
-0.015968 -37.731723
-0.016471 -38.733082
-0.016973 -39.740139
-0.017476 -40.770861
-0.017979 -41.642476
-0.018464 -42.234134
-0.018967 -43.694056
-0.019470 -44.787259
-0.019973 -45.379447
-0.020476 -46.746500
-0.020977 -48.460544
-0.021460 -49.389573
-0.021964 -51.204689
-0.022468 -52.990479
-0.022970 -54.869006
-0.023472 -56.281487
-0.023975 -58.293074
-0.024464 -59.850029
-0.024967 -62.239107
-0.025470 -64.371126
-0.025972 -65.904525
-0.026476 -68.122495
-0.026978 -70.247516
-0.027464 -72.023709
-0.027968 -74.334899
-0.028470 -76.415580
-0.028973 -77.638269
-0.029476 -79.561924
-0.029979 -81.283035
-0.028642 -67.753178
-0.027130 -56.739724
-0.025618 -46.636134
-0.024105 -37.344893
-0.022598 -28.535032
-0.021089 -20.234689
-0.019621 -12.748307
-0.018110 -5.688622
-0.016601 0.525872
-0.015094 5.889265
-0.013585 10.941378
-0.012077 16.050605
-0.010152 20.534181
-0.008139 23.426833
-0.006127 25.269532
-0.004114 26.493491
-0.002105 27.375589
-0.000096 28.312312
0.001015 28.804122
0.002134 29.779241
0.003254 30.440019
0.004373 31.188460
0.005489 32.125192
0.006609 32.942876
0.007180 33.107488
0.007739 33.647985
0.008300 34.270124
0.008858 34.962768
0.009415 35.561977
0.009974 36.253369
0.010512 36.392710
0.011072 37.214056
0.011631 38.165873
0.012191 39.046247
0.012749 39.896623
0.013307 40.830771
0.013848 41.225834
0.014403 42.363696
0.014965 43.559595
0.015523 44.246123
0.016082 45.334832
0.016641 46.600036
0.017179 47.307105
0.017737 48.758890
0.018296 50.097545
0.018856 50.758848
0.019415 52.704325
0.019974 54.439490
0.021003 57.970209
0.022124 62.125924
0.023244 66.041252
0.024363 70.794106
0.025482 74.873016
0.026597 79.848321
0.027179 82.103741
0.027738 84.632879
0.028297 87.134332
0.028856 89.015427
0.029414 91.361820
0.029973 93.604652
0.030505 94.989861
0.031064 97.296553
0.031625 98.953448
0.032185 100.524314
0.032744 101.693015
0.033302 103.169574
0.033841 104.013819
0.034401 105.903053
0.034961 107.337936
0.035518 108.551089
0.036079 108.948206
0.036636 110.370076
0.037173 110.740455
0.037733 112.414056
0.038292 113.571330
0.038852 114.510725
0.039412 114.957895
0.039970 116.104288
0.036809 87.361499
0.035130 75.864994
0.033451 65.077697
0.031773 54.764900
0.030098 45.032632
0.028476 36.378195
0.026797 27.979772
0.025118 20.547387
0.023441 13.781879
0.021765 7.632984
0.020089 2.290097
0.018471 -2.250033
0.016793 -7.070658
0.015113 -10.977415
0.013436 -13.511760
0.011761 -14.871984
0.010085 -15.765707
0.008469 -16.978818
0.006791 -17.835046
0.005112 -19.149205
0.003433 -20.225024
0.001758 -21.718648
0.000084 -22.755889
-0.001015 -23.587521
-0.002134 -24.591602
-0.003253 -25.243920
-0.004373 -26.230523
-0.005490 -27.388060
-0.006606 -28.489453
-0.007180 -28.392486
-0.007741 -29.366634
-0.008300 -30.090080
-0.008860 -30.786125
-0.009417 -31.431764
-0.009975 -32.054587
-0.010516 -31.786522
-0.011075 -33.166100
-0.011633 -33.974701
-0.012193 -34.299578
-0.012751 -34.851340
-0.013310 -35.776190
-0.013844 -36.312810
-0.014403 -37.291113
-0.014962 -38.514214
-0.015520 -39.849937
-0.016079 -41.173416
-0.016639 -41.750783
-0.017176 -42.604953
-0.017735 -44.277534
-0.018296 -45.773952
-0.018855 -47.405118
-0.019415 -49.179669
-0.019972 -50.928132
-0.020508 -51.744120
-0.021067 -53.936635
-0.021628 -55.922553
-0.022187 -57.824492
-0.022748 -59.019936
-0.023305 -61.150058
-0.023847 -62.844006
-0.024405 -65.002261
-0.024966 -67.194184
-0.025525 -68.508711
-0.026081 -70.634452
-0.026639 -72.606066
-0.027173 -74.034401
-0.027734 -76.202502
-0.028293 -78.342526
-0.028853 -79.402736
-0.029412 -81.268662
-0.029972 -83.043472
-0.030510 -83.990568
-0.031070 -85.334482
-0.031630 -85.685048
-0.032189 -86.434548
-0.032747 -87.916965
-0.033306 -88.522244
-0.033852 -89.179362
-0.034408 -90.749195
-0.034966 -92.130381
-0.035524 -93.327208
-0.036082 -94.462769
-0.036639 -95.522473
-0.037179 -95.791216
-0.037740 -97.374790
-0.038299 -98.474707
-0.038858 -99.485481
-0.039416 -100.393189
-0.039974 -101.271492
-0.036809 -72.230264
-0.035130 -60.707487
-0.033451 -50.132045
-0.031774 -40.429611
-0.030097 -31.173239
-0.028469 -22.794419
-0.026789 -14.656405
-0.025112 -7.196465
-0.023436 -0.569519
-0.021760 4.989520
-0.020085 9.896222
-0.018452 14.424125
-0.016776 18.845452
-0.015100 22.028343
-0.013425 24.489555
-0.011749 26.342081
-0.010076 27.936806
-0.008460 28.935403
-0.006783 30.104730
-0.005106 31.188812
-0.003430 32.093564
-0.001754 33.118746
-0.000080 33.960602
0.001012 34.498001
0.002132 35.058228
0.003252 35.678094
0.004367 36.377123
0.005488 37.020217
0.006604 37.716131
0.007179 37.997371
0.007738 38.712198
0.008297 39.105099
0.008857 39.706421
0.009415 40.212395
0.009973 40.918137
0.010508 41.295258
0.011068 41.783534
0.011628 42.648618
0.012188 43.335942
0.012748 43.895476
0.013306 44.545647
0.013348 43.756658
0.013347 43.723194
0.013345 43.693419
0.013344 43.674807
0.013343 43.642088
0.013730 44.646744
0.014289 45.567263
0.014849 46.348382
0.015407 47.098682
0.015965 47.808307
0.016522 48.085050
0.017168 48.757352
0.017728 50.005482
0.018288 51.063454
0.018849 51.922446
0.019409 53.184867
0.019967 54.258359
0.020507 55.149642
0.021067 56.563081
0.021627 57.940399
0.022186 59.417367
0.022746 60.189490
0.023304 61.989719
0.023842 63.249682
0.024402 65.361806
0.024961 67.210309
0.025518 69.155656
0.026077 70.923514
0.026634 72.007534
0.027175 73.575805
0.027736 75.946577
0.028295 77.744398
0.028855 79.681777
0.029413 81.735182
0.029972 82.869763
0.030505 84.436663
0.031065 86.647875
0.031625 88.685906
0.032185 90.799315
0.032746 91.943535
0.033303 94.238445
0.033839 95.629909
0.034397 98.107955
0.034958 100.079308
0.035516 102.061791
0.036075 103.848183
0.036633 105.105689
0.037172 106.489180
0.037734 108.567945
0.038291 110.218535
0.038852 111.867018
0.039410 113.206586
0.039968 114.706644
0.036805 86.123501
0.035128 74.710178
0.033449 64.244396
0.031768 54.164937
0.030095 44.684894
0.028464 36.299944
0.026785 28.214692
0.025108 21.081657
0.023433 14.651109
0.021756 8.765668
0.020082 3.671886
0.018469 -0.600584
0.016788 -5.162953
0.015111 -9.023339
0.013435 -11.592087
0.011759 -12.708971
0.010085 -13.550484
0.008454 -14.506687
0.006778 -15.461250
0.005100 -16.572388
0.003427 -17.693298
0.001749 -19.022023
0.000076 -20.027299
-0.001018 -20.802226
-0.002139 -21.729996
-0.003259 -22.246205
-0.004375 -23.406317
-0.005492 -24.371983
-0.006609 -25.367019
-0.007188 -25.208001
-0.007747 -25.785066
-0.008306 -26.166811
-0.008864 -27.048605
-0.009421 -27.594671
-0.009979 -28.123906
-0.010520 -28.341652
-0.011079 -28.985269
-0.011638 -29.430686
-0.012195 -29.829844
-0.012755 -30.471506
-0.013312 -30.947975
-0.013849 -31.347298
-0.014408 -32.447067
-0.014966 -33.171846
-0.015524 -34.144129
-0.016082 -35.189629
-0.016639 -36.118548
-0.017183 -36.322726
-0.017742 -37.483259
-0.018301 -38.599468
-0.018860 -39.657296
-0.019418 -40.707000
-0.019976 -41.838253
-0.020516 -42.091272
-0.021074 -44.156815
-0.021633 -45.657135
-0.022192 -46.717805
-0.022750 -48.353296
-0.023309 -50.131730
-0.023850 -51.661015
-0.024409 -53.606894
-0.024967 -55.304322
-0.025524 -56.518923
-0.026082 -58.608613
-0.026639 -60.399663
-0.027181 -62.059376
-0.027740 -64.108954
-0.028299 -66.260836
-0.028858 -67.585437
-0.029416 -69.596796
-0.029975 -71.520175
-0.030515 -73.032550
-0.031074 -75.284983
-0.031636 -75.738535
-0.032192 -78.455262
-0.032753 -79.745822
-0.033309 -81.524039
-0.033852 -82.550914
-0.034410 -83.860963
-0.034968 -85.004514
-0.035526 -86.608686
-0.036084 -87.752493
-0.036641 -89.249254
-0.037177 -90.397283
-0.037736 -92.736280
-0.038296 -94.503346
-0.038855 -96.072089
-0.039415 -97.535800
-0.039973 -98.911921
-0.038488 -82.951941
-0.036809 -70.740001
-0.035129 -59.270257
-0.033450 -48.876183
-0.031773 -39.291626
-0.030097 -30.166859
-0.028488 -22.199051
-0.026807 -14.245560
-0.025128 -7.084055
-0.023450 -0.834140
-0.021772 4.494061
-0.020096 9.222583
-0.018476 13.488724
-0.016797 17.667583
-0.015118 20.481318
-0.013440 22.493767
-0.011762 23.997641
-0.010088 25.210236
-0.008466 25.946458
-0.006788 26.840394
-0.005110 27.872551
-0.003433 28.854709
-0.001757 30.125942
-0.000083 31.237710
0.001080 31.932443
0.002280 32.702386
0.003480 33.463453
0.004679 34.198240
0.005877 35.152232
0.007073 35.938914
0.007696 36.186486
0.008294 36.460342
0.008894 37.357929
0.009491 38.036962
0.010089 38.418504
0.010686 39.048539
0.011259 39.342488
0.011859 39.956786
0.012459 40.676998
0.013058 41.335995
0.013658 42.042917
0.014257 42.753352
0.014830 43.238079
0.015431 44.175219
0.016030 45.077889
0.016631 45.357094
0.017227 46.237771
0.017826 47.268857
0.018397 47.704394
0.018997 49.057125
0.019597 50.246284
0.020196 51.324563
0.020795 52.535048
0.021394 53.919193
0.021973 54.466715
0.022573 56.138556
0.023173 57.854133
0.023771 59.667807
0.024372 61.506407
0.024968 62.593830
0.025548 64.437151
0.026148 66.544295
0.026747 68.554388
0.027344 70.684056
0.027942 72.614267
0.028541 73.981121
0.029118 75.843612
0.029718 78.040080
0.030317 80.240709
0.030916 82.439799
0.031514 83.784883
0.032112 86.010901
0.032692 87.835150
0.033291 90.367670
0.033889 92.536917
0.034488 94.751301
0.035087 96.491224
0.035683 98.785142
0.036262 100.253001
0.036859 102.775416
0.037460 104.872928
0.038059 106.928699
0.038658 108.824022
0.039259 110.470596
0.039838 111.569142
0.040436 113.529159
0.041035 115.385376
0.041633 116.731331
0.042233 117.336999
0.042830 118.482582
0.043402 118.846128
0.043999 120.707616
0.044600 121.578780
0.045199 122.704716
0.045798 123.246837
0.046398 123.896296
0.046973 123.783646
0.047573 125.487702
0.048173 126.108474
0.048772 126.310151
0.049371 126.945489
0.049967 127.738548
0.035302 29.884340
0.032308 17.779945
0.029933 9.591176
0.027537 2.425297
0.025142 -3.623144
0.022750 -8.991680
0.020359 -12.233225
0.017967 -13.989137
0.015102 -15.904770
0.012105 -17.579489
0.009112 -19.783054
0.006117 -22.053143
0.003129 -24.261389
0.000138 -26.067433
-0.001127 -27.000047
-0.002324 -28.141424
-0.003521 -28.816506
-0.004714 -29.877831
-0.005908 -31.109666
-0.007101 -32.203491
-0.007715 -31.831452
-0.008312 -32.648414
-0.008906 -33.297624
-0.009506 -33.775200
-0.010102 -34.447354
-0.010698 -35.114943
-0.011275 -35.508317
-0.011870 -36.608647
-0.012470 -37.501972
-0.013067 -37.890527
-0.013667 -38.925699
-0.014264 -39.721742
-0.014839 -40.087805
-0.015439 -41.536841
-0.016037 -42.706572
-0.016635 -43.990450
-0.017233 -45.509638
-0.017831 -46.546394
-0.018411 -47.784886
-0.019009 -49.557246
-0.019609 -51.288058
-0.020208 -52.977115
-0.020805 -54.511699
-0.021403 -55.804491
-0.021984 -57.271940
-0.022583 -59.207252
-0.023181 -60.950280
-0.023779 -62.609961
-0.024377 -63.823736
-0.024974 -65.653366
-0.025553 -66.901591
-0.026152 -68.996405
-0.026750 -70.639513
-0.027348 -71.890751
-0.027948 -73.582127
-0.028544 -75.374950
-0.029123 -76.533264
-0.029723 -78.306072
-0.030322 -79.533753
-0.030919 -80.947557
-0.031518 -82.063083
-0.032115 -83.180265
-0.032694 -84.029607
-0.033294 -85.552626
-0.033892 -86.927830
-0.034490 -87.921782
-0.035088 -89.271033
-0.035686 -90.728044
-0.036264 -91.720615
-0.036864 -93.599702
-0.037464 -95.185548
-0.038063 -96.541278
-0.038660 -97.448458
-0.039259 -98.933056
-0.039839 -99.455992
-0.040438 -101.224760
-0.041036 -102.380638
-0.041634 -103.379530
-0.042233 -104.211035
-0.042831 -105.078224
-0.043403 -104.867558
-0.044003 -106.343489
-0.044603 -107.199607
-0.045202 -107.922741
-0.045801 -108.609116
-0.046398 -109.246495
-0.046978 -108.963144
-0.047579 -110.345297
-0.048178 -111.001572
-0.048777 -111.631498
-0.049374 -112.134299
-0.049973 -112.417790
-0.038302 -33.025256
-0.035308 -19.040188
-0.032316 -7.063114
-0.029979 0.534718
-0.027583 7.076491
-0.025182 12.989510
-0.022785 18.135838
-0.020391 21.716467
-0.017994 24.661607
-0.015140 27.168449
-0.012140 29.556946
-0.009143 31.726696
-0.006148 33.907708
-0.003154 36.062016
-0.000160 37.534701
0.001097 38.010679
0.002295 38.967783
0.003494 39.811476
0.004691 40.658792
0.005887 41.575921
0.007083 42.605756
0.007699 42.792202
0.008296 43.329225
0.008895 44.007716
0.009493 44.638107
0.010091 45.183971
0.010687 45.798360
0.011267 46.070495
0.011866 46.734756
0.012465 47.391673
0.013064 47.955796
0.013660 48.664535
0.014261 49.072799
0.014837 49.640733
0.015437 50.407997
0.016035 51.287280
0.016633 51.942637
0.017232 52.738043
0.017827 52.745271
0.018409 53.444851
0.019008 54.603960
0.019606 55.633477
0.020205 56.639185
0.020803 57.518926
0.021401 58.656477
0.021976 59.409135
0.022578 60.932384
0.023176 61.188636
0.023775 63.010998
0.024373 64.506681
0.024971 65.957041
0.025549 67.159104
0.026148 68.914658
0.026747 70.525523
0.027346 72.101346
0.027944 73.132792
0.028542 74.722766
0.029119 76.024043
0.029717 77.916212
0.030316 79.799770
0.030915 81.384392
0.031513 83.128451
0.032112 84.107935
0.032689 85.406423
0.033289 87.444107
0.033888 89.398787
0.034487 90.916972
0.035084 92.678097
0.035681 94.138213
0.036261 95.379624
0.036861 97.412119
0.037462 98.617399
0.038060 100.359379
0.038659 101.876515
0.039258 103.554652
0.039836 104.386148
0.040435 106.423882
0.041034 107.983999
0.041633 109.113669
0.042231 110.666944
0.042829 112.153939
0.043406 112.688558
0.044004 114.786582
0.044603 116.284202
0.045203 117.250723
0.045801 118.495579
0.046398 119.683301
0.046973 119.859306
0.047572 121.997891
0.048172 122.950721
0.048767 123.744573
0.049369 124.852571
0.049967 125.694205
0.038295 45.310572
0.035299 31.273204
0.032310 19.537487
0.029923 11.757892
0.027528 5.155996
0.025135 -0.797481
0.022744 -6.298876
0.020352 -10.414971
0.017961 -12.761614
0.015106 -14.853622
0.012108 -16.731254
0.009114 -18.628671
0.006121 -20.421211
0.003130 -22.369403
0.000140 -24.160614
-0.001136 -24.702263
-0.002330 -25.608784
-0.003524 -26.190765
-0.004718 -27.159759
-0.005912 -28.056261
-0.007105 -28.676298
-0.007702 -28.504443
-0.008300 -29.094440
-0.008899 -29.568653
-0.009499 -29.935599
-0.010093 -30.697104
-0.010690 -31.138588
-0.011264 -31.160285
-0.011862 -32.047997
-0.012461 -32.496750
-0.013061 -32.885626
-0.013659 -33.750152
-0.014258 -34.597303
-0.014834 -34.620819
-0.015433 -35.733356
-0.016033 -36.555541
-0.016632 -37.302935
-0.017230 -38.071614
-0.017828 -38.921254
-0.018411 -39.115346
-0.019010 -40.415044
-0.019609 -41.660794
-0.020208 -43.081076
-0.020805 -44.461937
-0.021403 -45.835590
-0.021984 -46.739323
-0.022581 -48.374936
-0.023180 -49.979186
-0.023779 -50.963944
-0.024377 -52.536986
-0.024974 -54.206429
-0.025552 -55.330212
-0.026151 -57.182786
-0.026749 -58.779538
-0.027348 -59.937890
-0.027946 -61.543454
-0.028544 -63.262251
-0.029121 -64.349126
-0.029720 -66.464169
-0.030319 -68.171992
-0.030918 -69.143981
-0.031516 -70.912030
-0.032113 -72.611985
-0.032692 -73.679154
-0.033290 -75.629929
-0.033889 -77.334694
-0.034488 -77.684153
-0.035087 -79.515125
-0.035684 -80.867040
-0.036264 -81.316004
-0.036865 -83.079405
-0.037464 -84.315057
-0.038063 -85.322138
-0.038662 -86.637001
-0.039260 -87.909504
-0.039839 -88.992028
-0.040439 -90.746213
-0.041037 -92.287640
-0.041636 -93.789482
-0.042233 -95.138965
-0.042832 -96.555919
-0.043409 -97.189786
-0.044009 -99.200428
-0.044608 -100.587769
-0.045207 -101.834443
-0.045803 -103.009854
-0.046402 -104.236351
-0.046980 -104.536375
-0.047579 -106.328749
-0.048178 -107.412719
-0.048776 -108.483057
-0.049374 -109.324261
-0.049972 -110.310652
-0.038305 -32.295282
-0.035312 -18.812380
-0.032317 -7.451687
-0.029976 -0.333986
-0.027579 5.844186
-0.025180 11.274902
-0.022784 16.259573
-0.020387 19.550797
-0.017992 22.121733
-0.015142 24.216546
-0.012142 26.403826
-0.009143 28.523124
-0.006147 30.730236
-0.003154 32.847031
-0.000162 34.610519
0.001050 35.230344
0.002166 36.111201
0.003281 36.873807
0.004395 37.783398
0.005511 38.569630
0.006627 39.140287
0.007203 39.517495
0.007761 40.102458
0.008318 40.706988
0.008874 41.163409
0.009431 41.674492
0.009986 42.151671
0.010521 42.437952
0.011080 42.990255
0.011638 43.669544
0.012197 44.183663
0.012755 44.850098
0.013312 45.377493
0.013849 45.339654
0.014407 46.092914
0.014966 46.830213
0.015524 47.539625
0.016082 48.206866
0.016636 48.800188
0.017179 49.180287
0.017739 49.748964
0.018299 50.572142
0.018858 51.122967
0.019416 51.863582
0.019974 52.717115
0.020514 52.962421
0.021074 54.144501
0.021633 55.224208
0.022192 56.253877
0.022750 57.187281
0.023308 58.152135
0.023845 58.869788
0.024405 60.336014
0.024964 60.703055
0.025522 62.340408
0.026080 63.642094
0.026638 65.024891
0.027172 65.944579
0.027732 67.705252
0.028293 69.341602
0.028852 70.756434
0.029411 72.366235
0.029970 73.176641
0.030516 74.543659
0.031074 76.365586
0.031633 77.855495
0.032192 79.669585
0.032750 81.211097
0.033309 81.673059
0.033849 83.320222
0.034407 85.294946
0.034966 86.931788
0.035524 88.652509
0.036081 90.147898
0.036639 91.782955
0.037179 92.725944
0.037738 94.712327
0.038298 96.383895
0.038857 97.537708
0.039415 99.281622
0.039973 100.782985
0.040512 101.672326
0.041070 103.774647
0.041630 105.342613
0.042189 106.893658
0.042748 107.812545
0.043306 109.493806
0.043839 110.122468
0.044401 112.166696
0.044960 113.491036
0.045519 114.863795
0.046077 115.917310
0.046635 117.205296
0.047173 117.784359
0.047733 119.591745
0.048293 120.759802
0.048853 121.413218
0.049412 122.555604
0.049969 123.811077
0.050510 124.133791
0.051070 125.597072
0.051631 125.930956
0.052187 126.804549
0.052749 127.421140
0.053306 128.217479
0.053846 127.443473
0.054405 128.815223
0.054965 129.264665
0.055524 129.183074
0.056081 129.571077
0.056639 130.038952
0.057179 129.710646
0.057738 130.451495
0.058299 129.848173
0.058856 130.376034
0.059416 129.802400
0.059973 130.079951
0.049071 52.600704
0.046279 38.990932
0.043486 27.199182
0.040782 17.280243
0.037982 8.636946
0.035185 1.965225
0.032391 -4.057806
0.029596 -9.101639
0.026804 -12.166841
0.024601 -13.769858
0.022363 -15.044350
0.020129 -16.379351
0.017897 -17.782866
0.015664 -19.533743
0.013433 -20.889380
0.011268 -22.352679
0.009032 -23.741210
0.006796 -24.978847
0.004562 -26.361514
0.002330 -27.993249
0.000098 -29.297038
-0.001056 -29.779503
-0.002171 -31.023989
-0.003286 -31.659039
-0.004402 -32.626644
-0.005516 -33.744063
-0.006632 -34.674962
-0.007191 -34.115525
-0.007749 -35.059233
-0.008307 -35.900229
-0.008867 -36.424247
-0.009423 -37.336011
-0.009980 -38.007367
-0.010509 -37.850804
-0.011070 -38.963007
-0.011629 -39.694812
-0.012188 -40.799006
-0.012748 -41.627069
-0.013306 -42.188870
-0.013844 -42.661125
-0.014403 -43.836630
-0.014961 -45.058616
-0.015520 -46.135219
-0.016077 -47.331592
-0.016637 -48.704444
-0.017182 -49.209180
-0.017740 -50.740726
-0.018299 -52.003175
-0.018859 -53.457566
-0.019418 -54.813238
-0.019976 -55.814470
-0.020514 -56.553423
-0.021073 -58.215789
-0.021633 -59.734816
-0.022192 -61.092423
-0.022751 -62.216408
-0.023309 -63.105415
-0.023847 -64.078854
-0.024404 -65.840258
-0.024964 -67.280331
-0.025523 -68.627013
-0.026081 -69.915468
-0.026639 -70.675483
-0.027179 -71.450808
-0.027736 -73.334208
-0.028300 -74.710071
-0.028856 -76.005568
-0.029415 -76.340818
-0.029974 -77.964372
-0.030509 -78.650053
-0.031069 -79.964637
-0.031629 -81.149314
-0.032187 -82.310012
-0.032747 -82.838928
-0.033306 -83.937953
-0.033850 -84.321998
-0.034407 -85.877835
-0.034967 -86.643413
-0.035524 -87.704166
-0.036082 -88.548172
-0.036639 -89.586030
-0.037182 -90.252872
-0.037742 -91.802165
-0.038302 -92.917219
-0.038859 -93.964926
-0.039419 -94.984681
-0.039976 -96.007353
-0.040516 -96.289018
-0.041076 -97.822778
-0.041636 -98.548061
-0.042194 -99.753530
-0.042752 -101.019050
-0.043309 -101.866732
-0.043850 -101.608259
-0.044408 -103.359387
-0.044967 -104.698286
-0.045525 -104.995369
-0.046082 -106.146604
-0.046639 -106.826501
-0.047179 -107.346355
-0.047736 -108.533284
-0.048298 -107.545099
-0.048857 -106.374828
-0.049431 -91.884294
-0.049977 -94.059159
-0.050515 -96.764842
-0.051074 -99.796536
-0.051633 -102.216332
-0.052193 -104.142019
-0.052750 -105.292146
-0.053309 -106.716702
-0.053846 -107.331276
-0.054407 -108.986064
-0.054966 -109.978008
-0.055524 -110.825698
-0.056081 -111.071059
-0.056639 -111.923905
-0.057179 -111.897341
-0.057737 -113.239314
-0.058298 -113.877552
-0.058858 -113.339140
-0.059418 -114.258218
-0.059973 -114.390383
-0.051882 -54.587268
-0.049085 -40.332370
-0.046292 -27.391341
-0.043498 -16.788329
-0.040808 -9.125301
-0.038007 -1.645285
-0.035209 4.294658
-0.032410 9.348998
-0.029614 14.505264
-0.026821 18.478405
-0.024604 20.991342
-0.022368 22.730213
-0.020134 24.585464
-0.017900 26.324647
-0.015668 27.750836
-0.013435 29.324617
-0.012079 30.329451
-0.010740 31.137358
-0.009400 32.126075
-0.008061 32.802836
-0.006722 33.739906
-0.005383 34.490370
-0.004046 35.413544
-0.002709 36.192242
-0.001373 37.267287
-0.000038 38.087758
0.001038 38.501735
0.002155 39.525580
0.003271 40.426059
0.004387 41.416919
0.005503 42.489920
0.006619 43.575741
0.007203 43.817533
0.007760 44.456790
0.008316 44.970849
0.008874 45.522781
0.009431 45.746456
0.009986 46.525623
0.010516 46.655745
0.011075 47.446943
0.011634 48.315537
0.012192 48.831351
0.012751 49.406471
0.013309 49.960454
0.013849 50.334898
0.014407 51.099066
0.014967 51.828776
0.015523 51.821798
0.016082 52.659962
0.016639 53.317711
0.017180 53.607399
0.017739 54.334848
0.018299 55.123285
0.018858 56.002945
0.019416 56.781360
0.019974 57.078731
0.020512 57.620384
0.021070 58.786093
0.021630 59.963288
0.022191 60.891290
0.022748 61.931801
0.023307 62.959055
0.023841 63.527606
0.024401 65.109544
0.024961 66.441350
0.025519 66.812966
0.026077 68.384856
0.026634 69.596128
0.027176 70.326168
0.027736 71.924173
0.028295 73.413799
0.028855 74.546717
0.029412 75.977950
0.029972 76.034829
0.030517 77.623360
0.031076 79.027078
0.031635 80.624277
0.032194 81.778930
0.032751 83.137284
0.033312 84.631673
0.033849 85.176281
0.034407 86.982023
0.034966 88.435704
0.035524 89.055360
0.036083 90.554921
0.036640 91.915691
0.037178 92.234752
0.037736 94.028926
0.038295 95.332785
0.038856 96.601660
0.039413 97.683457
0.039973 98.470848
0.040514 99.269245
0.041073 100.958983
0.041633 102.223264
0.042191 103.447307
0.042749 104.435252
0.043308 105.532632
0.043846 105.527319
0.044404 107.553461
0.044963 108.672927
0.045521 109.384486
0.046080 110.293789
0.046636 111.113875
0.047179 111.570505
0.047737 113.308668
0.048298 114.085575
0.048852 115.005454
0.049415 115.664125
0.049973 116.787226
0.050512 117.057779
0.051072 118.269899
0.051633 119.459323
0.052191 119.811789
0.052749 120.451730
0.053307 121.405187
0.053845 121.052795
0.054404 122.520472
0.054963 122.704691
0.055522 123.553480
0.056080 124.067113
0.056639 124.301014
0.057176 124.105409
0.057736 125.212143
0.058296 125.233162
0.058855 125.378515
0.059413 125.855908
0.059973 125.380944
0.051870 66.343471
0.049073 51.622209
0.046280 38.606047
0.043487 27.169369
0.040803 17.825902
0.038002 9.357587
0.035203 2.693721
0.032406 -3.054283
0.029609 -8.290010
0.026817 -11.752887
0.024620 -13.196014
0.022384 -14.562349
0.020148 -15.730412
0.017912 -17.063075
0.015676 -18.319681
0.013445 -19.873267
0.011285 -21.042798
0.009047 -22.363038
0.006809 -23.674919
0.004570 -24.975179
0.002340 -26.427104
0.000107 -27.627198
-0.001034 -27.896065
-0.002154 -28.848484
-0.003271 -29.321207
-0.004387 -30.269696
-0.005502 -31.237209
-0.006618 -31.919250
-0.007186 -31.677275
-0.007743 -32.500630
-0.008304 -33.325855
-0.008863 -33.774475
-0.009421 -34.505080
-0.009977 -35.113814
-0.010518 -35.087499
-0.011078 -36.136148
-0.011637 -36.941622
-0.012195 -37.253707
-0.012755 -37.977849
-0.013312 -38.849710
-0.013852 -38.959250
-0.014411 -40.033133
-0.014969 -40.803646
-0.015527 -41.525955
-0.016084 -42.219730
-0.016641 -42.602419
-0.017184 -42.732906
-0.017743 -43.759413
-0.018301 -44.807832
-0.018863 -45.860906
-0.019418 -47.002985
-0.019979 -47.745709
-0.020518 -48.130050
-0.021076 -49.998258
-0.021636 -50.832054
-0.022195 -51.465413
-0.022753 -52.488901
-0.023311 -53.549846
-0.023852 -53.736776
-0.024409 -55.308395
-0.024967 -55.860436
-0.025526 -56.367873
-0.026085 -56.789725
-0.026641 -57.131985
-0.027178 -58.323627
-0.027738 -56.828852
-0.028298 -55.905905
-0.028857 -56.494414
-0.029415 -59.033603
-0.029973 -60.886102
-0.030509 -61.797361
-0.031069 -63.695714
-0.031628 -65.328863
-0.032188 -66.630165
-0.032747 -68.077669
-0.033306 -69.437299
-0.033850 -70.285478
-0.034409 -71.896841
-0.034967 -73.281780
-0.035524 -74.634584
-0.036082 -75.918494
-0.036639 -77.090803
-0.037183 -77.853465
-0.037742 -79.455070
-0.038301 -79.231118
-0.038863 -81.321777
-0.039418 -82.657312
-0.039976 -83.790130
-0.040516 -84.441183
-0.041075 -85.533201
-0.041634 -86.628020
-0.042193 -87.417675
-0.042751 -88.188947
-0.043309 -88.825433
-0.043852 -89.671223
-0.044410 -90.473627
-0.044976 -91.222408
-0.045536 -92.447352
-0.046093 -93.248533
-0.046648 -93.462571
-0.047179 -94.289399
-0.047737 -96.081532
-0.048297 -97.181590
-0.048856 -98.165635
-0.049415 -99.035535
-0.049973 -100.045053
-0.050512 -100.091347
-0.051071 -101.712374
-0.051630 -102.713762
-0.052190 -103.488065
-0.052749 -104.398938
-0.053308 -105.132558
-0.053847 -104.847662
-0.054406 -106.396856
-0.054965 -106.692096
-0.055524 -107.737919
-0.056081 -108.043662
-0.056639 -108.288659
-0.057176 -108.393509
-0.057736 -109.838290
-0.058296 -109.494136
-0.058856 -109.689889
-0.059414 -109.876669
-0.059973 -109.868498
-0.056806 -81.123627
-0.055125 -70.762902
-0.053448 -60.985739
-0.051773 -51.727384
-0.050097 -43.287479
-0.048421 -35.381379
-0.046748 -27.956593
-0.045075 -21.000246
-0.043403 -14.823280
-0.041779 -9.617075
-0.040102 -5.368185
-0.038426 -1.836674
-0.036752 1.086384
-0.035077 4.647063
-0.033404 7.537267
-0.031730 10.386323
-0.030058 12.931578
-0.028388 15.818207
-0.026717 17.370998
-0.025402 18.483669
-0.024064 20.065562
-0.022725 21.025154
-0.021387 22.017025
-0.020049 23.055828
-0.018713 23.867020
-0.017376 24.983066
-0.016040 25.990458
-0.014704 26.746528
-0.013369 27.688641
-0.012700 27.807510
-0.012030 28.270931
-0.011361 28.918279
-0.010693 29.206538
-0.010023 29.900783
-0.009355 30.178194
-0.008686 30.556650
-0.008020 30.725199
-0.007351 31.261463
-0.006683 31.770586
-0.006015 32.306320
-0.005348 32.684509
-0.004681 33.154376
-0.004013 33.463796
-0.003345 33.656996
-0.002679 34.319227
-0.002011 34.694595
-0.001343 35.046210
-0.000676 35.062256
