-0.000523 -3.672167
-0.001148 -9.920220
-0.001782 -16.977999
-0.002422 -24.251796
-0.003052 -31.426967
-0.003685 -33.309160
-0.003202 -25.264297
-0.002550 -17.416667
-0.001945 -10.618076
-0.001326 -5.013274
-0.000698 -0.884080
-0.000067 3.890542
0.000549 9.303622
0.001179 14.998234
0.001809 20.485462
0.002424 24.949397
0.003056 29.941694
0.003683 34.970206
0.003210 29.086569
0.002579 22.599796
0.001948 16.136389
0.001324 9.871632
0.000694 3.742463
0.000064 -1.305982
-0.000553 -4.836007
-0.001181 -10.174932
-0.001810 -16.800743
-0.002427 -23.450652
-0.003056 -29.821615
-0.003688 -35.144938
-0.003210 -27.951944
-0.002586 -20.255660
-0.001952 -12.969847
-0.001327 -6.906210
-0.000699 -2.381218
-0.000068 2.100771
0.000549 7.454111
0.001178 13.108843
0.001809 18.438331
0.002418 23.191386
0.003048 28.785850
0.003681 34.457730
0.003207 28.924248
0.002576 22.495009
0.001947 16.130092
0.001327 9.899561
0.000697 3.733747
0.000066 -1.352846
-0.000548 -4.731582
-0.001178 -9.976046
-0.001807 -16.656151
-0.002428 -23.388880
-0.003058 -29.755930
-0.003688 -35.176908
-0.003212 -28.097718
-0.002582 -20.386527
-0.001950 -13.120073
-0.001333 -7.069358
-0.000706 -2.526705
-0.000073 1.996875
0.000542 7.208081
0.001173 12.786180
0.001803 18.150917
0.002419 22.991687
0.003045 28.542927
0.003677 34.313333
0.003204 28.867859
0.002574 22.488370
0.001944 16.121133
0.001326 9.892335
0.000695 3.748633
0.000067 -1.345044
-0.000724 -6.091883
-0.001563 -13.891849
-0.002404 -23.099298
-0.003233 -31.284226
-0.004074 -38.353151
-0.004915 -41.295957
-0.004284 -31.815919
-0.003445 -22.128052
-0.002605 -12.582771
-0.001769 -6.287561
-0.000929 -1.147157
-0.000088 5.668472
0.000730 12.164471
0.001569 19.076169
0.002412 26.011019
0.003234 33.115872
0.004072 40.574881
0.004911 45.735036
0.004286 37.487278
0.003446 29.069833
0.002604 20.926807
0.001771 12.923105
0.000930 4.914225
0.000088 -1.979328
-0.000732 -6.763743
-0.001573 -14.529000
-0.002411 -23.099465
-0.003233 -30.638911
-0.004072 -37.336528
-0.004912 -41.261202
-0.004289 -32.040054
-0.003450 -22.399393
-0.002600 -12.713083
-0.001769 -6.895604
-0.000931 -1.623405
-0.000092 5.091811
0.000721 11.537312
0.001564 18.366081
0.002406 25.329123
0.003232 32.480814
0.004070 38.461395
0.004909 45.100517
0.004275 37.069590
0.003434 28.702364
0.002593 20.598177
0.001769 12.694047
0.000929 4.739456
0.000084 -2.042422
-0.000000 -1.128817
-0.000000 -1.127171
-0.000000 -1.131462
-0.000723 -8.232248
-0.001563 -17.393681
-0.002407 -23.284951
-0.003235 -29.431855
-0.004075 -35.217349
-0.004915 -40.275460
-0.004288 -29.608899
-0.003448 -18.856115
-0.002605 -10.765167
-0.001773 -7.288751
-0.000934 -1.456277
-0.000092 5.981942
0.000724 13.353527
0.001566 20.552920
0.002407 26.003525
0.003231 32.211632
0.004069 38.459545
0.004907 45.137942
0.004282 36.505235
0.003441 27.374492
0.002599 18.929422
0.001769 12.176554
0.000929 5.262797
0.000086 -1.318004
-0.000730 -8.292049
-0.001571 -17.313418
-0.002413 -23.108928
-0.003235 -29.177107
-0.004075 -34.898814
-0.004914 -40.026413
-0.005734 -44.464323
-0.006574 -47.695808
-0.007416 -51.583492
-0.006791 -40.131994
-0.005946 -29.275045
-0.005102 -19.887454
-0.004276 -13.462340
-0.003435 -8.930579
-0.002595 -4.105031
-0.001774 2.013246
-0.000932 8.518664
-0.000090 13.412090
0.000727 19.151215
0.001568 23.739819
0.002409 29.108074
0.003223 35.178062
0.004065 40.321702
0.004904 46.496519
0.005721 52.986110
0.006561 57.172877
0.007403 61.684638
0.006782 51.918591
0.005942 42.670849
0.005100 33.994185
0.004273 26.446058
0.003434 19.175472
0.002594 12.427001
0.001761 6.081485
0.000922 -1.228527
0.000079 -7.032647
-0.000736 -12.371442
-0.001573 -18.279562
-0.002415 -24.111823
-0.003233 -29.392911
-0.004071 -34.492769
-0.004911 -39.171396
-0.005733 -43.805824
-0.006573 -47.510331
-0.007415 -51.933427
-0.006790 -40.918780
-0.005944 -30.102149
-0.005100 -20.657135
-0.004275 -14.034539
-0.003433 -9.335757
-0.002594 -5.166454
-0.001770 0.655720
-0.000930 6.918897
-0.000088 11.752600
0.000727 17.513133
0.001569 21.732994
0.002410 26.838994
0.003225 32.519244
0.004065 37.375056
0.004906 43.084988
0.005729 48.960649
0.006570 54.824666
0.007412 60.764711
0.006785 51.716854
0.005944 42.488851
0.005100 33.797903
0.004271 26.299468
0.003433 19.035073
0.002593 12.271190
0.001766 6.274964
0.000926 -0.661460
0.000083 -6.669492
-0.000733 -12.036383
-0.001571 -17.791626
-0.002414 -23.499982
-0.003238 -28.801411
-0.004074 -33.965034
-0.004917 -38.572401
-0.005739 -43.091508
-0.006578 -47.027866
-0.007421 -51.553946
-0.006794 -40.804828
-0.005949 -30.029521
-0.005106 -20.622381
-0.004282 -13.948407
-0.003438 -9.368024
-0.002598 -5.291091
-0.001776 0.521238
-0.000935 6.789510
-0.000091 11.590670
0.000724 17.228602
0.001567 21.474686
0.002409 26.463352
0.003227 31.963014
0.004069 36.863824
0.004907 42.522613
0.005724 48.605290
0.006567 54.234682
0.007409 60.352556
0.006782 51.452075
0.005938 42.224558
0.005092 33.520505
0.004268 26.126840
0.003427 18.898361
0.002586 12.238883
0.001764 6.392056
0.000923 -0.719182
0.000079 -6.617781
-0.000976 -13.250515
-0.002096 -21.075428
-0.003217 -28.364204
-0.004324 -34.825208
-0.005439 -40.848478
-0.006558 -46.525453
-0.007659 -52.261961
-0.008781 -56.945376
-0.009897 -60.628141
-0.009047 -45.491543
-0.007922 -31.867717
-0.006799 -20.254576
-0.005692 -13.448315
-0.004571 -7.489163
-0.003453 -0.661665
-0.002352 5.704392
-0.001232 11.869029
-0.000112 18.107464
0.000482 21.560864
0.001042 23.987284
0.001602 27.061651
0.002161 30.041558
0.002723 33.107715
0.003284 36.259030
0.003814 39.754023
0.004370 42.266528
0.004931 45.551296
0.005491 48.933071
0.006050 52.528946
0.006611 56.258856
0.007149 60.440833
0.007707 63.289036
0.008267 66.236422
0.008827 68.549742
0.009387 70.315830
0.009949 71.672309
0.009526 64.092539
0.008966 57.695966
0.008403 51.585799
0.007841 45.691881
0.007279 40.035446
0.006718 34.585553
0.006180 30.544805
0.005620 25.671214
0.005060 20.978314
0.004500 16.397899
0.003942 12.028413
0.003380 8.006056
0.002839 3.213197
0.002281 0.629218
0.001720 -2.812248
0.001158 -6.195259
0.000601 -9.449772
0.000041 -12.565453
-0.000487 -16.707605
-0.001046 -18.984555
-0.001608 -22.147312
-0.002168 -25.193984
-0.002728 -28.138878
-0.003288 -31.013800
-0.003825 -34.319599
-0.004384 -36.236551
-0.004945 -38.720796
-0.005503 -41.270808
-0.006064 -43.688294
-0.006622 -45.982300
-0.007165 -49.083115
-0.007724 -50.856808
-0.008285 -53.304890
-0.008844 -55.705062
-0.009403 -57.987973
-0.009964 -60.041340
-0.009532 -51.778750
-0.008973 -44.651197
-0.008412 -37.827386
-0.007850 -31.489169
-0.007287 -25.649928
-0.006726 -19.966346
-0.006181 -16.402903
-0.005622 -13.579142
-0.005060 -11.025567
-0.004500 -7.796424
-0.003942 -4.933094
-0.003383 -1.077879
-0.002844 2.662863
-0.002283 5.004716
-0.001724 8.032264
-0.001164 11.007998
-0.000604 13.908631
-0.000044 16.896744
0.000485 20.065886
0.001044 22.352510
0.001604 25.258051
0.002161 28.165155
0.002724 31.076710
0.003285 33.992373
0.003827 37.324197
0.004385 39.495328
0.004943 42.319436
0.005502 45.205121
0.006060 48.171550
0.006619 51.256303
0.007162 54.872057
0.007719 57.446786
0.008278 60.674719
0.008838 63.927905
0.009397 67.153493
0.009957 69.915374
0.009525 62.880088
0.008967 56.473486
0.008403 50.320737
0.007839 44.500623
0.007280 38.907657
0.006718 33.618459
0.006177 29.555239
0.005615 24.801591
0.005058 20.195066
0.004498 15.558092
0.003938 11.430720
0.003380 7.238112
0.002845 2.815833
0.002287 0.543797
0.001725 -2.828302
0.001165 -6.109546
0.000604 -9.325328
0.000044 -12.420376
-0.000492 -16.478171
-0.001051 -18.622326
-0.001612 -21.636102
-0.002173 -24.584611
-0.002731 -27.444539
-0.003293 -30.204629
-0.003837 -33.409556
-0.004393 -35.246763
-0.004953 -37.750250
-0.005512 -40.133554
-0.006196 -43.025549
-0.006924 -45.954885
-0.007652 -49.112295
-0.008379 -52.201975
-0.009108 -55.444725
-0.009834 -58.638089
-0.009519 -50.408942
-0.008960 -43.317333
-0.008400 -36.545414
-0.007839 -30.351124
-0.007279 -24.616329
-0.006717 -19.023944
-0.006179 -15.977811
-0.005621 -13.126269
-0.005062 -10.708607
-0.004501 -7.604473
-0.003942 -4.649389
-0.003383 -0.680351
-0.002843 3.010526
-0.002282 5.217604
-0.001725 8.235582
-0.001166 11.211732
-0.000605 14.103646
-0.000044 17.094746
0.000489 20.307399
0.001048 22.524952
0.001607 25.361079
0.002168 28.217088
0.002726 31.046263
0.003287 33.816846
0.003821 36.965115
0.004378 39.057342
0.004938 41.783935
0.005497 44.555040
0.006057 47.393848
0.006615 50.343941
0.007149 53.778860
0.007707 56.172993
0.008268 59.320031
0.008827 62.571603
0.009389 65.882815
0.009949 68.996865
0.009526 62.282836
0.008967 55.899463
0.008403 49.716185
0.007840 43.900090
0.007278 38.354818
0.006717 33.044338
0.006173 29.000000
0.005613 24.267666
0.005053 19.756138
0.004494 15.334303
0.003933 11.323867
0.003375 7.542120
0.002834 3.014684
0.002278 0.592700
0.001714 -2.735776
0.001155 -5.980048
0.000595 -9.126826
0.000035 -12.165875
-0.000734 -18.303164
-0.001573 -20.989768
-0.002414 -25.360384
-0.003256 -29.491259
-0.004098 -33.384795
-0.004937 -37.118163
-0.005752 -40.498165
-0.006590 -44.003798
-0.007430 -47.309324
-0.008270 -50.900891
-0.009108 -54.576180
-0.009947 -58.259979
-0.010384 -60.359615
-0.010801 -60.801008
-0.011220 -61.875219
-0.011639 -62.771620
-0.012057 -63.661227
-0.012477 -64.388373
-0.012868 -65.697044
-0.013289 -61.491908
-0.013708 -63.705227
-0.014129 -64.465045
-0.014550 -63.521265
-0.014970 -61.999137
-0.014261 -50.597792
-0.013424 -40.573009
-0.012584 -31.390333
-0.011744 -23.065295
-0.010904 -17.637995
-0.010063 -13.206495
-0.009249 -10.115255
-0.008411 -6.102150
-0.007574 -0.790936
-0.006736 4.711714
-0.005896 8.677646
-0.005059 12.938800
-0.004250 17.551217
-0.003415 20.977920
-0.002577 24.933310
-0.001738 28.771330
-0.000899 32.508260
-0.000060 36.118554
0.000739 40.224514
0.001576 42.580636
0.002415 45.709551
0.003255 48.712913
0.004095 51.587363
0.004935 54.363416
0.005015 53.067769
0.005013 53.041703
0.005011 53.028988
0.005010 52.987850
0.005009 52.974940
0.005008 52.963455
0.005729 57.694440
0.006567 59.479377
0.007406 62.740279
0.008248 66.333474
0.009090 68.503762
0.009930 69.301555
0.010379 70.042482
0.010797 70.147861
0.011212 71.417443
0.011635 72.121026
0.012054 72.832369
0.012473 73.600869
0.012872 74.745119
0.013710 60.113317
0.014129 63.559031
0.014548 66.829999
0.014967 69.674313
0.014270 60.331766
0.013432 50.986155
0.012588 42.107220
0.011748 34.410795
0.010906 27.819124
0.010067 21.507845
0.009267 15.420427
0.008427 9.535171
0.007582 4.366076
0.006745 -0.183772
0.005904 -4.621922
0.005064 -8.730645
0.004263 -12.504613
0.003426 -16.626416
0.002583 -20.616261
0.001742 -24.385416
0.000900 -27.884299
0.000063 -31.111498
-0.000741 -33.808027
-0.001579 -36.816181
-0.002421 -39.459737
-0.003260 -41.499640
-0.004101 -43.314982
-0.004937 -45.333902
-0.005741 -46.466485
-0.006580 -47.994536
-0.007422 -48.852998
-0.008262 -49.218632
-0.009100 -49.713623
-0.009941 -50.507604
-0.010369 -45.623148
-0.010789 -49.133359
-0.011207 -50.041940
-0.011629 -51.149162
-0.012050 -52.416087
-0.012471 -53.307563
-0.012869 -42.668522
-0.013289 -44.919181
-0.013706 -48.123103
-0.014126 -50.725940
-0.014547 -52.103719
-0.014965 -53.351524
-0.014263 -43.019753
-0.013426 -33.428017
-0.012586 -24.929258
-0.011745 -17.370732
-0.010905 -13.052776
-0.010064 -9.106501
-0.009253 -5.201342
-0.008418 0.421269
-0.007577 4.662213
-0.006738 8.783761
-0.005898 13.156728
-0.005058 17.326664
-0.004249 21.666680
-0.003415 24.952516
-0.002575 28.702969
-0.001736 32.325666
-0.000895 35.816398
-0.000056 38.984487
0.000730 42.811989
0.001566 44.798272
0.002409 47.719387
0.003250 50.625210
0.004092 53.118312
0.004932 54.630870
0.005748 55.316570
0.006581 56.658834
0.007422 58.456535
0.008260 57.602198
0.009100 60.330460
0.009941 62.402613
0.010367 55.800595
0.010787 58.564971
0.011208 61.600395
0.011631 63.793832
0.012049 56.584904
0.012468 60.358405
0.012868 63.691679
0.013289 61.932582
0.013707 65.106512
0.014127 67.346741
0.014546 69.280034
0.014966 62.591926
0.014273 53.962336
0.013433 44.849666
0.012589 36.285039
0.011748 29.305948
0.010908 22.831649
0.010067 16.645107
0.009264 10.875735
0.008425 6.311640
0.007580 1.533615
0.006742 -2.660451
0.005902 -6.685333
0.005063 -10.482145
0.004265 -14.077766
0.003426 -18.159752
0.002583 -21.753265
0.001742 -25.286459
0.000903 -28.585692
0.000063 -31.535920
-0.000731 -34.154035
-0.001572 -36.098695
-0.002414 -38.057197
-0.003254 -39.832646
-0.004097 -41.375728
-0.004935 -42.777703
-0.005373 -42.183331
-0.005794 -42.106858
-0.006210 -43.512925
-0.006631 -43.434945
-0.007051 -43.991591
-0.007470 -43.554864
-0.007870 -45.256622
-0.008288 -43.548525
-0.008707 -45.274581
-0.009128 -36.456264
-0.009548 -39.570443
-0.009967 -42.291780
-0.010369 -44.036383
-0.010791 -44.152358
-0.011209 -45.355350
-0.011629 -45.817246
-0.012050 -47.033259
-0.012470 -47.814287
-0.012869 -42.543274
-0.013286 -45.420610
-0.013706 -47.724664
-0.014126 -49.437331
-0.014546 -50.790112
-0.014966 -52.027053
-0.015366 -52.504490
-0.015784 -54.073697
-0.016208 -54.635145
-0.016629 -55.661478
-0.017047 -56.764371
-0.017468 -57.418602
-0.017868 -57.666383
-0.018288 -58.245984
-0.018708 -59.186941
-0.019130 -59.469259
-0.019548 -61.090267
-0.019966 -61.674458
-0.019261 -50.251166
-0.018424 -40.584189
-0.017584 -31.841408
-0.016745 -23.525790
-0.015903 -18.192339
-0.015062 -13.801785
-0.014250 -10.611552
-0.013414 -6.940264
-0.012575 -2.001418
-0.011734 3.305263
-0.010896 7.223398
-0.010058 11.371564
-0.009254 15.923552
-0.008419 19.141980
-0.007579 22.911167
-0.006738 26.490549
-0.005899 29.855985
-0.005060 33.121832
-0.004254 36.254750
-0.003418 38.810249
-0.002579 41.726987
-0.001738 44.761064
-0.000896 47.408623
-0.000058 50.122038
0.000743 51.533497
0.001578 53.531294
0.002420 54.949070
0.003258 53.176073
0.004102 54.931243
0.004941 56.345193
0.005375 52.417266
0.005794 54.576596
0.006214 56.239693
0.006637 55.874758
0.007057 57.505808
0.007475 58.770593
0.007883 44.029613
0.008293 47.345971
0.008711 51.257297
0.009130 54.303840
0.009549 56.171399
0.009970 58.602945
0.010366 60.441356
0.010787 57.418540
0.011207 60.701139
0.011627 62.759549
0.012048 54.663984
0.012467 58.456888
0.012866 61.652458
0.013286 63.462250
0.013714 58.045438
0.014125 60.504772
0.014545 63.682199
0.014964 66.167573
0.015373 63.359807
0.015789 66.230427
0.016209 68.636828
0.016632 69.135622
0.017049 70.752993
0.017467 69.999749
0.017868 72.739761
0.018288 73.615707
0.018711 72.578223
0.019127 75.058414
0.019548 76.302813
0.019968 76.418190
0.019270 66.293149
0.018431 57.080931
0.017587 48.121729
0.016748 40.160257
0.015906 32.936201
0.015067 25.992875
0.014262 19.817430
0.013421 13.833051
0.012580 9.529095
0.011741 5.098642
0.010899 0.537797
0.010062 -3.383233
0.009261 -7.585492
0.008419 -10.838064
0.007578 -14.563427
0.006739 -18.189607
0.005899 -21.493715
0.005059 -24.958814
0.004271 -27.506416
0.003428 -30.374861
0.002587 -32.753856
0.001743 -34.801953
0.000903 -36.050465
0.000065 -37.895100
-0.000736 -38.638554
-0.001577 -40.111233
-0.002418 -40.444390
-0.003258 -41.566592
-0.004098 -42.109688
-0.004938 -41.913249
-0.005373 -42.826749
-0.005793 -39.502193
-0.006213 -42.080591
-0.006633 -42.219720
-0.007053 -41.798880
-0.007471 -42.622364
-0.007864 -43.241537
-0.008289 -36.132508
-0.008706 -39.645918
-0.009124 -42.046774
-0.009544 -42.903777
-0.009966 -43.432357
-0.010365 -44.165419
-0.010784 -43.560465
-0.011206 -44.128628
-0.011626 -45.012296
-0.012047 -40.693539
-0.012468 -43.415914
-0.012871 -44.455675
-0.013291 -45.456982
-0.013711 -45.643150
-0.014130 -47.192283
-0.014554 -46.878604
-0.014969 -48.486799
-0.015367 -50.134285
-0.015787 -50.234745
-0.016210 -50.692830
-0.016630 -52.243239
-0.017050 -53.887454
-0.017470 -54.845676
-0.017870 -56.423214
-0.018290 -57.214986
-0.018710 -58.208585
-0.019130 -58.989439
-0.019550 -60.441740
-0.019969 -60.811832
-0.019264 -49.796293
-0.018426 -40.315184
-0.017585 -31.703035
-0.016745 -23.358495
-0.015903 -18.034592
-0.015064 -13.813450
-0.014251 -10.608340
-0.013415 -6.936219
-0.012576 -1.693988
-0.011736 3.223284
-0.010897 6.884718
-0.010058 10.862938
-0.009250 15.020454
-0.008415 18.477944
-0.007574 21.902202
-0.006735 25.372380
-0.005895 28.552162
-0.005057 31.661859
-0.004245 34.373704
-0.003414 37.097355
-0.002574 40.017087
-0.001734 42.326644
-0.000893 45.344889
-0.000053 47.344234
0.000737 50.251015
0.001574 51.693681
0.002417 51.514677
0.003259 52.022256
0.004098 53.542156
0.004936 51.250993
0.005380 52.734860
0.005796 53.447505
0.006217 54.036745
0.006635 55.002633
0.007054 56.089659
0.007474 43.567824
0.007870 47.135284
0.008288 49.444334
0.008708 52.436984
0.009128 54.052782
0.009547 55.381398
0.009970 55.514488
0.010368 55.956265
0.010790 53.735989
0.011209 56.862627
0.011632 52.546319
0.012049 55.719883
0.012469 58.260918
0.012870 56.910894
0.013288 59.338917
0.013713 54.645678
0.014128 57.818012
0.014547 60.599384
0.014966 62.792334
0.015377 51.722832
0.015788 54.526286
0.016208 57.929475
0.016628 60.976775
0.017047 63.647075
0.017469 65.085804
0.017873 64.821249
0.018289 66.978483
0.018710 69.311181
0.019131 70.279369
0.019548 72.376648
0.019967 74.125029
0.019273 64.271723
0.018430 55.190086
0.017589 46.264054
0.016746 38.472351
0.015906 31.275401
0.015068 24.478806
0.014265 18.577432
0.013424 12.789754
0.012583 8.694599
0.011742 4.438761
0.010901 -0.031244
0.010063 -3.821306
0.009259 -7.552101
0.008418 -10.892377
0.007577 -14.565319
0.006737 -18.196318
0.005896 -21.307898
0.005060 -24.852859
0.004266 -27.318558
0.003425 -30.055256
0.002584 -32.226613
0.001743 -34.378876
0.000897 -34.249035
0.000064 -37.131477
-0.000878 -38.224416
-0.001889 -38.532615
-0.002899 -39.489903
-0.003908 -39.844923
-0.004916 -40.829280
-0.005924 -40.327451
-0.006265 -42.317683
-0.006565 -42.062757
-0.006875 -32.628683
-0.007170 -36.649999
-0.007476 -38.596147
-0.007774 -39.712324
-0.008077 -40.334791
-0.008379 -40.320557
-0.008683 -40.386334
-0.008982 -42.000360
-0.009261 -37.089246
-0.009561 -40.449012
-0.009864 -40.556238
-0.010167 -41.759498
-0.010470 -41.798773
-0.010773 -42.575051
-0.011076 -42.649533
-0.011383 -42.411885
-0.011679 -43.238937
-0.011982 -43.375687
-0.012282 -36.882858
-0.012567 -41.125277
-0.012870 -42.190915
-0.013175 -43.558056
-0.013474 -44.220168
-0.013776 -44.885421
-0.014078 -44.949445
-0.014382 -43.603261
-0.014682 -45.288594
-0.014984 -47.278140
-0.015268 -47.856654
-0.015569 -48.176360
-0.015870 -49.469155
-0.016174 -50.101437
-0.016476 -51.057554
-0.016779 -51.204210
-0.017079 -52.403761
-0.017380 -53.231659
-0.017682 -54.280548
-0.017983 -54.944518
-0.018269 -55.887189
-0.018568 -56.516906
-0.018871 -58.082088
-0.019175 -57.443761
-0.019476 -59.459886
-0.019774 -59.945386
-0.020081 -60.001016
-0.020381 -61.617945
-0.020682 -61.990917
-0.020984 -62.583422
-0.021260 -62.570809
-0.021562 -63.552846
-0.021864 -64.348912
-0.022167 -64.094071
-0.022471 -65.586817
-0.022773 -65.833450
-0.023078 -66.540614
-0.023377 -67.037536
-0.023679 -67.405377
-0.023980 -67.880797
-0.024268 -67.892668
-0.024573 -67.460649
-0.024870 -69.434557
-0.025173 -70.149141
-0.025477 -69.520987
-0.025778 -70.771557
-0.026079 -69.958138
-0.026380 -71.192582
-0.026682 -71.743440
-0.026985 -72.379567
-0.027268 -71.177989
-0.027567 -72.830075
-0.027869 -72.787550
-0.028172 -73.528470
-0.028474 -73.506628
-0.028776 -74.236157
-0.029077 -74.457840
-0.029379 -75.114152
-0.029681 -75.011351
-0.029983 -75.578641
-0.029200 -62.559021
-0.028297 -52.053995
-0.027391 -42.085734
-0.026482 -34.750417
-0.025574 -28.175411
-0.024668 -21.849419
-0.023762 -15.689722
-0.022856 -12.320662
-0.021952 -8.820395
-0.021048 -4.668188
-0.020190 -0.027660
-0.019288 4.889512
-0.018380 8.560954
-0.017475 12.513810
-0.016567 15.718211
-0.015662 18.536232
-0.014755 21.774413
-0.013852 25.179532
-0.012947 28.529623
-0.012043 31.597946
-0.010918 34.864899
-0.009715 38.453786
-0.008506 41.537453
-0.007296 44.553039
-0.006088 47.109345
-0.004878 49.137872
-0.003673 51.234023
-0.002468 52.814394
-0.001260 53.403978
-0.000055 54.624800
0.000545 54.688525
0.001145 55.570415
0.001748 56.518772
0.002354 57.659461
0.002958 49.767280
0.003561 54.140271
0.004166 56.167428
0.004769 57.689259
0.005372 51.171257
0.005972 55.731727
0.006276 55.636900
0.006574 57.004335
0.006876 56.806353
0.007179 57.939977
0.007488 50.853531
0.007782 52.061125
0.008083 54.405336
0.008385 56.104226
0.008686 57.335021
0.008986 58.246117
0.009264 57.077773
0.009561 58.976951
0.009867 54.719753
0.010167 57.313929
0.010470 58.737750
0.010773 59.828848
0.011075 60.839241
0.011380 52.949820
0.011677 55.482598
0.011980 57.655925
0.012259 59.630023
0.012561 61.914157
0.012864 62.017658
0.013167 57.335544
0.013470 59.541783
0.013772 61.462880
0.014078 61.857531
0.014378 63.548132
0.014680 62.668410
0.014981 64.275864
0.015261 65.349627
0.015562 58.995352
0.015864 60.938864
0.016167 63.094018
0.016470 65.047811
0.016782 61.711536
0.017075 61.502568
0.017377 63.566948
0.017678 65.572546
0.017981 67.070265
0.018263 68.086198
0.018566 68.761780
0.018865 69.718855
0.019168 70.918535
0.019474 70.554546
0.019777 72.504078
0.020077 73.731828
0.020379 74.529854
0.020679 75.736014
0.020985 75.837428
0.021265 76.721304
0.021567 78.121114
0.021865 78.801147
0.022172 79.489362
0.022477 79.837441
0.022779 80.586361
0.023079 81.220433
0.023380 81.918141
0.023684 81.691157
0.023985 82.247542
0.024263 82.500636
0.024563 83.846190
0.024870 83.491022
0.025169 84.258237
0.025472 84.855055
0.025773 85.271869
0.026076 85.951610
0.026380 86.293310
0.026684 85.817949
0.026985 86.686948
0.027265 86.738530
0.027566 87.691839
0.027869 87.917981
0.028172 88.109718
0.028476 88.140579
0.028778 88.421377
0.029081 88.725822
0.029380 89.136083
0.029682 89.483741
0.029984 89.861209
0.029215 77.935564
0.028304 67.931914
0.027395 58.728534
0.026487 49.665658
0.025580 40.932402
0.024671 34.627731
0.023764 28.164537
0.022861 22.161141
0.021955 16.440686
0.021051 11.435981
0.020203 6.667650
0.019294 2.215580
0.018386 -0.669988
0.017481 -4.526903
0.016573 -8.235100
0.015666 -12.031718
0.014761 -14.889384
0.013856 -18.094737
0.012948 -20.083079
0.012045 -23.053448
0.010925 -26.552219
0.009716 -29.571357
0.008506 -32.278556
0.007295 -33.863159
0.006088 -36.029792
0.004881 -37.761380
0.003674 -38.731355
0.002468 -39.407470
0.001263 -40.205237
0.000051 -40.379604
-0.000533 -38.692672
-0.001136 -39.245306
-0.001741 -40.283391
-0.002347 -39.378835
-0.002954 -40.549030
-0.003555 -41.883170
-0.004159 -41.210642
-0.004761 -41.797689
-0.005368 -37.972131
-0.005972 -41.126000
-0.006263 -42.362622
-0.006565 -41.516698
-0.006867 -41.966666
-0.007171 -42.603541
-0.007476 -43.030517
-0.007775 -42.705069
-0.008076 -42.287570
-0.008379 -42.911991
-0.008681 -43.162791
-0.008984 -42.356212
-0.009260 -42.825987
-0.009561 -44.621576
-0.009867 -44.330744
-0.010167 -44.493790
-0.010470 -43.454512
-0.010773 -45.333556
-0.011075 -45.159311
-0.011377 -44.660542
-0.011679 -45.143659
-0.011981 -44.965119
-0.012270 -45.448554
-0.012572 -45.772635
-0.012872 -39.090931
-0.013176 -41.034390
-0.013477 -43.010903
-0.013779 -44.384931
-0.014080 -45.337370
-0.014382 -45.855573
-0.014683 -45.913388
-0.014985 -47.605615
-0.015270 -46.408882
-0.015570 -48.101321
-0.015872 -48.727544
-0.016173 -49.153531
-0.016476 -49.504295
-0.016778 -50.566728
-0.017082 -50.628570
-0.017381 -51.722839
-0.017682 -52.570172
-0.017984 -52.761115
-0.018263 -53.779144
-0.018562 -53.687689
-0.018866 -54.860081
-0.019169 -55.293014
-0.019471 -56.088290
-0.019775 -56.960794
-0.020076 -56.989035
-0.020379 -58.142717
-0.020681 -58.984869
-0.020982 -59.337045
-0.021265 -60.345779
-0.021567 -60.482796
-0.021868 -61.423438
-0.022171 -62.205591
-0.022473 -62.872801
-0.022775 -63.488530
-0.023078 -63.947630
-0.023379 -64.807539
-0.023682 -65.523667
-0.023983 -66.160185
-0.024270 -65.785851
-0.024572 -67.084745
-0.024874 -67.053113
-0.025176 -67.750840
-0.025477 -68.394078
-0.025779 -68.843968
-0.026079 -69.415072
-0.026382 -70.071724
-0.026684 -70.636803
-0.026985 -70.879042
-0.027271 -71.513259
-0.027573 -71.634089
-0.027875 -72.594461
-0.028176 -72.679290
-0.028477 -72.818904
-0.028780 -73.506779
-0.029082 -74.026861
-0.029382 -74.026199
-0.029684 -74.634016
-0.029985 -75.122775
-0.029199 -61.427169
-0.028297 -51.439546
-0.027390 -41.777340
-0.026482 -34.757846
-0.025574 -28.448223
-0.024668 -22.384474
-0.023762 -16.678214
-0.022856 -11.614706
-0.021951 -9.582728
-0.021047 -5.997486
-0.020200 -1.613421
-0.019296 3.361243
-0.018388 7.168994
-0.017481 11.079025
-0.016573 14.493462
-0.015667 17.071436
-0.014761 19.563272
-0.013856 22.887464
-0.012950 25.999862
-0.012046 28.814813
-0.010924 32.105418
-0.009720 35.513744
-0.008514 38.686356
-0.007302 41.092996
-0.006094 43.218887
-0.004884 45.230279
-0.003676 46.540706
-0.002472 48.581305
-0.001264 49.914304
-0.000059 51.062238
0.000540 51.330290
0.001146 49.748028
0.001746 51.360047
0.002349 52.096268
0.002955 52.576258
0.003559 53.427894
0.004167 53.394131
0.004767 54.381508
0.005371 55.186304
0.005972 55.925566
0.006290 54.795543
0.006587 56.313264
0.006897 44.236006
0.007188 48.162576
0.007488 49.806725
0.007789 51.849093
0.008091 53.137897
0.008392 54.096946
0.008694 54.369373
0.008993 55.280646
0.009265 55.260234
0.009564 46.899441
0.009869 47.957690
0.010172 49.939495
0.010473 52.014024
0.010776 53.179710
0.011077 54.402335
0.011380 54.944973
0.011682 55.789551
0.011983 56.505798
0.012265 53.271839
0.012569 54.579892
0.012870 55.741246
0.013173 56.498889
0.013476 56.789857
0.013778 57.350875
0.014085 52.420661
0.014380 54.779197
0.014682 56.797591
0.014982 57.647288
0.015267 58.685171
0.015568 59.828539
0.015870 58.061310
0.016173 59.597521
0.016475 60.603853
0.016781 52.630171
0.017079 54.489793
0.017382 56.871118
0.017682 58.608461
0.017983 60.168985
0.018271 61.379116
0.018578 56.267443
0.018875 59.245244
0.019176 61.038722
0.019478 62.449846
0.019782 61.450752
0.020082 63.198685
0.020383 64.274534
0.020685 56.683217
0.020985 59.273188
0.021267 61.522942
0.021571 62.931615
0.021871 64.358682
0.022174 65.634051
0.022477 62.808516
0.022777 64.768229
0.023079 66.209114
0.023382 66.386904
0.023683 68.023123
0.023985 69.196832
0.024261 69.994762
0.024565 71.413755
0.024865 71.752725
0.025168 72.905618
0.025473 73.263790
0.025773 74.540784
0.026076 75.571852
0.026378 76.570494
0.026681 77.270635
0.026983 78.255907
0.027263 79.037782
0.027565 80.871446
0.027868 80.702229
0.028171 81.953360
0.028472 82.951925
0.028774 83.790964
0.029076 84.607299
0.029379 85.407935
0.029680 86.216610
0.029985 86.273852
0.029215 75.265624
0.028304 65.422422
0.027395 56.430280
0.026487 47.481684
0.025580 38.959250
0.024671 32.924778
0.023765 26.850079
0.022861 21.024039
0.021955 15.660444
0.021051 11.199336
0.020193 6.809246
0.019284 2.659246
0.018379 -0.090451
0.017472 -3.764272
0.016566 -7.464952
0.015660 -10.752443
0.014755 -13.397533
0.013851 -16.434557
0.012946 -19.071009
0.012040 -21.346606
0.010933 -24.637283
0.009722 -27.167254
0.008512 -30.218261
0.007302 -32.378687
0.006092 -33.612041
0.004883 -35.360016
0.003670 -36.666509
0.002463 -36.897288
0.001258 -36.646271
0.000052 -37.363479
-0.000595 -37.780454
-0.001266 -38.322417
-0.001939 -38.062524
-0.002609 -38.916391
-0.003287 -36.613147
-0.003952 -39.729889
-0.004624 -39.740546
-0.005290 -40.181081
-0.005964 -38.221009
-0.006634 -39.804657
-0.006970 -39.415936
-0.007304 -39.817376
-0.007638 -39.955906
-0.007974 -40.449368
-0.008310 -40.805887
-0.008645 -41.398392
-0.008979 -41.472634
-0.009315 -40.833485
-0.009650 -41.329071
-0.009985 -41.901077
-0.010293 -41.852831
-0.010629 -41.430194
-0.010964 -42.467847
-0.011300 -42.103596
-0.011637 -42.573557
-0.011974 -43.424046
-0.012309 -43.938939
-0.012645 -43.345460
-0.012983 -43.018559
-0.013315 -43.501354
-0.013625 -44.467021
-0.013961 -42.812295
-0.014295 -44.592292
-0.014633 -41.622965
-0.014969 -42.889500
-0.015309 -43.517766
-0.015639 -45.341558
-0.015975 -45.879332
-0.016317 -45.519960
-0.016647 -46.366773
-0.016961 -47.077228
-0.017296 -47.030201
-0.017633 -48.704148
-0.017970 -48.992597
-0.018306 -48.721919
-0.018641 -50.429044
-0.018977 -50.907191
-0.019312 -51.814927
-0.019646 -52.224946
-0.019982 -53.149560
-0.020288 -53.784691
-0.020625 -54.585326
-0.020961 -55.347446
-0.021298 -55.796775
-0.021634 -56.785942
-0.021971 -57.283614
-0.022307 -58.181567
-0.022642 -58.636658
-0.022979 -59.646519
-0.023316 -59.563027
-0.023628 -61.329304
-0.023963 -61.674974
-0.024297 -62.661242
-0.024635 -63.578736
-0.024970 -63.579341
-0.025307 -64.843558
-0.025642 -65.387273
-0.025977 -65.538152
-0.026312 -66.632529
-0.026646 -67.490843
-0.026964 -68.519024
-0.027291 -68.190871
-0.027627 -69.539010
-0.027963 -69.996256
-0.028300 -70.875991
-0.028635 -70.854999
-0.028973 -71.768875
-0.029312 -72.037187
-0.029645 -72.880902
-0.029979 -73.081952
-0.030293 -73.709595
-0.030627 -74.142711
-0.030963 -74.862344
-0.031300 -75.461897
-0.031638 -75.278339
-0.031973 -76.151858
-0.032309 -76.070243
-0.032645 -76.820563
-0.032981 -76.907478
-0.033315 -77.683321
-0.033627 -77.797507
-0.033960 -77.866312
-0.034295 -78.768885
-0.034632 -79.269369
-0.034968 -79.418609
-0.035304 -79.946463
-0.035639 -79.798364
-0.035975 -80.535187
-0.036310 -80.822800
-0.036645 -81.235492
-0.036959 -80.670812
-0.037295 -81.217401
-0.037631 -82.260906
-0.037967 -82.269806
-0.038303 -82.841456
-0.038639 -82.867483
-0.038975 -83.430252
-0.039311 -83.378521
-0.039645 -84.046050
-0.039981 -84.215346
-0.039110 -69.852594
-0.038108 -58.898615
-0.037100 -48.651736
-0.036089 -41.851785
-0.035082 -34.887587
-0.034075 -28.120615
-0.033067 -21.689161
-0.032063 -15.817712
-0.031056 -10.536167
-0.030051 -8.709579
-0.029115 -3.957535
-0.028112 1.355896
-0.027101 6.116328
-0.026093 9.877823
-0.025084 13.465032
-0.024077 16.380565
-0.023068 19.046301
-0.022064 22.602546
-0.021057 25.770802
-0.020053 29.014114
-0.019108 31.070454
-0.018106 34.129504
-0.017096 36.807028
-0.016088 38.975914
-0.015084 40.914156
-0.014073 42.597962
-0.013067 44.517353
-0.012060 45.592809
-0.011056 46.760800
-0.010053 47.428824
-0.009100 48.683204
-0.008089 49.580532
-0.007081 50.620612
-0.006076 51.018139
-0.005069 51.910167
-0.004062 52.750061
-0.003056 53.544973
-0.002052 54.378407
-0.001045 50.639138
-0.000044 54.482121
0.000580 54.239731
0.001250 54.070829
0.001922 55.538581
0.002597 55.942946
0.003270 56.815513
0.003942 57.281245
0.004615 57.951122
0.005286 58.270745
0.005960 46.472171
0.006624 50.586114
0.006962 52.655140
0.007298 54.208471
0.007633 55.121092
0.007970 55.136473
0.008306 56.179859
0.008643 51.528391
0.008976 53.631246
0.009312 54.981042
0.009647 56.190972
0.009983 57.104583
0.010300 57.713875
0.010638 58.296692
0.010973 51.026148
0.011306 53.088653
0.011641 55.028844
0.011975 56.514561
0.012313 57.048921
0.012649 58.468953
0.012984 59.682161
0.013321 57.431828
0.013628 59.135730
0.013963 60.060094
0.014299 61.065525
0.014633 61.754900
0.014973 55.562050
0.015308 57.734810
0.015641 59.668021
0.015977 61.136284
0.016315 61.522576
0.016650 62.587142
0.016955 62.889727
0.017294 59.079122
0.017626 61.608590
0.017962 63.341842
0.018299 64.321497
0.018638 64.907377
0.018974 57.801434
0.019309 60.255857
0.019645 62.514183
0.019979 64.035869
0.020291 65.175197
0.020626 66.324170
0.020961 66.928160
0.021302 65.039912
0.021636 66.889500
0.021972 67.790409
0.022307 68.501008
0.022642 69.118173
0.022979 69.733379
0.023313 70.327826
0.023629 70.792240
0.023967 71.210706
0.024299 72.312848
0.024634 72.789617
0.024975 72.709680
0.025309 73.763952
0.025643 74.557237
0.025978 75.499373
0.026312 76.404038
0.026645 77.247229
0.026961 77.764665
0.027297 78.566788
0.027631 79.877167
0.027971 80.342608
0.028306 81.385035
0.028640 82.259494
0.028974 82.879984
0.029311 83.902135
0.029646 84.750561
0.029984 85.197466
0.030293 85.526509
0.030628 86.281313
0.030964 87.141066
0.031300 87.747585
0.031637 88.425037
0.031976 88.608239
0.032310 89.301051
0.032645 89.938669
0.032980 90.526515
0.033315 90.845246
0.033621 90.664159
0.033957 92.118202
0.034292 92.382162
0.034630 92.791234
0.034966 93.324787
0.035302 93.749822
0.035643 93.639089
0.035975 94.230100
0.036310 94.498000
0.036645 94.841543
0.036955 94.645145
0.037292 95.248698
0.037628 96.079872
0.037965 96.447888
0.038301 96.808492
0.038637 97.202643
0.038977 96.905931
0.039314 97.558926
0.039647 98.036436
0.039982 98.249333
0.039125 85.210331
0.038112 74.519995
0.037103 64.423951
0.036094 54.593988
0.035085 45.265671
0.034078 38.913671
0.033072 32.123207
0.032065 25.691998
0.031060 19.954354
0.030052 14.419364
0.029128 9.544419
0.028115 5.301418
0.027106 1.145067
0.026097 -2.847729
0.025088 -5.938934
0.024080 -9.410135
0.023072 -12.516350
0.022066 -15.514713
0.021060 -18.064251
0.020055 -20.591848
0.019112 -22.197184
0.018102 -24.861059
0.017093 -26.853679
0.016086 -28.696003
0.015078 -30.240147
0.014070 -31.535644
0.013067 -32.998169
0.012059 -33.934114
0.011054 -35.299263
0.010049 -35.473788
0.009104 -35.849458
0.008097 -37.453629
0.007088 -36.122803
0.006082 -37.912357
0.005076 -38.902239
0.004064 -38.510517
0.003062 -39.132911
0.002054 -39.552594
0.001054 -40.637924
0.000047 -40.232437
-0.000590 -40.969453
-0.001263 -41.159031
-0.001935 -41.243847
-0.002607 -40.885099
-0.003278 -42.012037
-0.003953 -41.945076
-0.004621 -42.694302
-0.005290 -42.171956
-0.005961 -42.287766
-0.006633 -41.810886
-0.006959 -43.389252
-0.007294 -42.775453
-0.007630 -43.095445
-0.007966 -43.112494
-0.008302 -43.081127
-0.008643 -42.322902
-0.008975 -43.115387
-0.009312 -42.668995
-0.009645 -43.682712
-0.009985 -43.112569
-0.010295 -43.513004
-0.010630 -43.136246
-0.010967 -44.366048
-0.011304 -43.612492
-0.011639 -45.077725
-0.011975 -43.973332
-0.012310 -44.979643
-0.012647 -45.283703
-0.012981 -45.660148
-0.013316 -45.902022
-0.013625 -45.409821
-0.013961 -45.452847
-0.014295 -45.804008
-0.014632 -46.352451
-0.014968 -45.658459
-0.015306 -47.383018
-0.015640 -47.740051
-0.015975 -47.460604
-0.016311 -48.623337
-0.016646 -48.915984
-0.016957 -49.181538
-0.017294 -49.633323
-0.017629 -50.251232
-0.017966 -50.470630
-0.018302 -50.854659
-0.018639 -51.179764
-0.018974 -51.698295
-0.019310 -52.282858
-0.019643 -52.387414
-0.019980 -53.117083
-0.020292 -53.598013
-0.020627 -53.836653
-0.020964 -54.515374
-0.021301 -55.057393
-0.021637 -55.407955
-0.021973 -55.804781
-0.022309 -56.423239
-0.022645 -56.786737
-0.022980 -57.220495
-0.023315 -57.644490
-0.023634 -58.484549
-0.023969 -58.206857
-0.024304 -59.048978
-0.024639 -59.401840
-0.024974 -59.864666
-0.025309 -59.429722
-0.025644 -60.545676
-0.025979 -61.070461
-0.026314 -61.213656
-0.026649 -61.838733
-0.026960 -62.027510
-0.027294 -62.456038
-0.027630 -63.474851
-0.027967 -63.726678
-0.028303 -64.289947
-0.028638 -64.413708
-0.028975 -65.023769
-0.029311 -65.599444
-0.029645 -65.977055
-0.029981 -66.547693
-0.030300 -66.983117
-0.030635 -67.007279
-0.030972 -67.884769
-0.031306 -68.296370
-0.031643 -68.819333
-0.031978 -68.903923
-0.032313 -69.436139
-0.032648 -69.835222
-0.032985 -70.330978
-0.033321 -70.594688
-0.033627 -71.074218
-0.033963 -71.071356
-0.034299 -72.041637
-0.034634 -72.398365
-0.034970 -72.737889
-0.035306 -73.178935
-0.035642 -73.203929
-0.035976 -73.959852
-0.036312 -74.199299
-0.036644 -74.816074
-0.036965 -75.431405
-0.037299 -75.862983
-0.037634 -76.411281
-0.037970 -77.353240
-0.038307 -77.748678
-0.038643 -78.576772
-0.038979 -78.572448
-0.039313 -79.587492
-0.039650 -79.865543
-0.039983 -80.574749
-0.039112 -66.985613
-0.038110 -56.394752
-0.037101 -46.384134
-0.036090 -39.776827
-0.035083 -33.084455
-0.034076 -26.516253
-0.033068 -20.387332
-0.032064 -14.684118
-0.031055 -12.021542
-0.030052 -8.018648
-0.029106 -3.604403
-0.028104 1.604856
-0.027094 5.714505
-0.026087 9.649394
-0.025079 13.175574
-0.024075 15.775380
-0.023064 18.080461
-0.022060 21.319110
-0.021056 24.440845
-0.020051 27.266310
-0.019094 29.354389
-0.018092 32.130043
-0.017085 34.396489
-0.016078 36.385659
-0.015070 38.474592
-0.014064 40.075037
-0.013060 41.123314
-0.012053 42.625377
-0.011049 43.915679
-0.010046 45.248361
-0.009103 45.640610
-0.008100 46.369770
-0.007092 47.472440
-0.006084 48.061925
-0.005076 48.893550
-0.004069 49.694664
-0.003064 50.553052
-0.002058 51.030580
-0.001052 50.563607
-0.000045 51.993505
0.000586 51.669078
0.001257 51.754137
0.001929 51.847025
0.002603 52.983797
0.003275 53.244027
0.003947 53.942322
0.004618 54.221684
0.005289 54.862816
0.005959 55.136826
0.006629 45.235145
0.006976 45.404756
0.007311 47.175745
0.007645 49.290337
0.007979 50.860581
0.008315 51.491511
0.008650 51.548907
0.008985 53.094806
0.009320 52.541853
0.009654 53.424049
0.009989 53.399262
0.010298 54.052561
0.010637 47.710540
0.010968 49.476265
0.011304 51.338220
0.011640 52.581749
0.011977 53.654015
0.012312 54.402783
0.012649 54.012665
0.012984 54.958008
0.013318 55.714909
0.013626 56.472527
0.013963 56.683305
0.014298 57.529125
0.014633 49.962175
0.014969 52.029792
0.015305 53.868732
0.015641 55.284402
0.015976 56.484290
0.016312 57.017377
0.016648 57.778677
0.016681 56.681635
0.016680 56.645545
0.016678 56.622014
0.016676 56.575196
0.016676 56.546230
0.016675 56.520032
0.016673 56.491452
0.016672 56.481939
0.016807 57.599721
0.017142 56.578001
0.017476 57.557530
0.017814 58.745422
0.018151 59.552607
0.018488 58.860333
0.018823 60.041422
0.019159 60.651635
0.019494 61.199000
0.019829 61.752674
0.020292 55.725776
0.020628 57.508967
0.020964 59.381593
0.021300 60.696152
0.021637 61.915083
0.021977 58.514895
0.022311 60.743424
0.022645 62.250523
0.022981 63.165300
0.023315 63.911850
0.023627 64.250485
0.023962 60.553650
0.024298 62.706648
0.024634 64.039481
0.024973 64.411773
0.025307 65.269652
0.025643 65.860928
0.025981 60.230963
0.026312 63.041041
0.026645 64.787827
0.026965 66.229355
0.027300 66.532300
0.027635 67.593008
0.027972 67.633332
0.028306 68.644689
0.028642 69.112141
0.028979 69.676651
0.029312 70.430596
0.029648 71.012649
0.029985 71.042378
0.030295 71.947756
0.030631 72.409163
0.030967 73.570542
0.031303 74.302775
0.031637 75.235139
0.031974 75.859662
0.032312 76.514889
0.032647 77.348285
0.032979 78.094721
0.033317 79.193396
0.033634 79.908843
0.033970 80.198329
0.034303 81.420872
0.034639 82.358052
0.034973 83.301830
0.035309 83.941580
0.035645 84.902548
0.035980 85.559955
0.036314 86.547792
0.036649 87.405885
0.036959 87.878933
0.037296 88.548808
0.037629 89.525598
0.037970 90.316873
0.038304 90.999340
0.038639 91.607767
0.038975 92.436272
0.039309 92.855515
0.039646 93.595513
0.039981 94.288631
0.039121 81.066231
0.038111 70.608802
0.037100 60.687510
0.036092 51.005523
0.035083 42.230563
0.034076 35.863730
0.033070 29.222021
0.032063 23.589551
0.031058 17.683049
0.030053 12.314434
0.029099 7.841175
0.028090 4.321952
0.027082 0.796380
0.026076 -2.816928
0.025070 -6.099902
0.024063 -8.965586
0.023058 -11.966076
0.022052 -14.389485
0.021049 -16.982721
0.020045 -19.234447
0.019104 -20.949289
0.018094 -23.108432
0.017086 -24.812039
0.016079 -26.525116
0.015073 -27.962496
0.014066 -29.329052
0.013061 -30.804466
0.012056 -31.798376
0.011052 -32.859317
0.010045 -32.976545
0.009102 -34.089592
0.008092 -34.580888
0.007085 -35.701955
0.006076 -35.063047
0.005072 -36.230868
0.004064 -35.940975
0.003061 -37.442701
0.002056 -37.164701
0.001052 -38.145635
0.000045 -37.987617
-0.000626 -39.373855
-0.001347 -38.757320
-0.002069 -39.197540
-0.002788 -39.460222
-0.003510 -39.363293
-0.004230 -39.391518
-0.004947 -40.696225
-0.005665 -37.904789
-0.006385 -39.776414
-0.007101 -40.379614
-0.007474 -40.769042
-0.007832 -40.001592
-0.008191 -40.383938
-0.008548 -40.829387
-0.008907 -41.008278
-0.009268 -40.311241
-0.009628 -40.966575
-0.009983 -42.014997
-0.010340 -41.594120
-0.010699 -41.289509
-0.011031 -41.618144
-0.011391 -41.650535
-0.011752 -42.741034
-0.012112 -42.088785
-0.012471 -42.629874
-0.012830 -42.765745
-0.013191 -42.847489
-0.013549 -43.525287
-0.013908 -43.831445
-0.014268 -44.134453
-0.014597 -44.516760
-0.014958 -43.475184
-0.015318 -44.453818
-0.015679 -44.857893
-0.016039 -44.692877
-0.016399 -45.375419
-0.016759 -45.680667
-0.017118 -45.934811
-0.017477 -46.160874
-0.017841 -46.665090
-0.018179 -47.615162
-0.018538 -46.936018
-0.018900 -48.213690
-0.019258 -48.744524
-0.019617 -49.175194
-0.019976 -48.883442
-0.020336 -50.056094
-0.020694 -50.482119
-0.021052 -50.776641
-0.021412 -51.415731
-0.021746 -52.012082
-0.022107 -51.906601
-0.022466 -52.716652
-0.022826 -53.363660
-0.023185 -53.772531
-0.023545 -54.340862
-0.023904 -54.641783
-0.024264 -55.000596
-0.024625 -55.678650
-0.024984 -55.379589
-0.025316 -56.868552
-0.025682 -56.742383
-0.026038 -57.516461
-0.026397 -58.075948
-0.026756 -58.506455
-0.027117 -58.343578
-0.027476 -58.951283
-0.027834 -59.727302
-0.028192 -59.981556
-0.028552 -60.559601
-0.028893 -61.185251
-0.029252 -61.492464
-0.029611 -62.011385
-0.029971 -62.741797
-0.030330 -62.938259
-0.030689 -63.677767
-0.031050 -64.259562
-0.031407 -64.692124
-0.031766 -65.075800
-0.032124 -65.653120
-0.032463 -66.322379
-0.032820 -66.549276
-0.033180 -67.347478
-0.033540 -67.820257
-0.033900 -68.278663
-0.034259 -68.576067
-0.034618 -69.082910
-0.034977 -69.697744
-0.035336 -70.189630
-0.035694 -70.853468
-0.036031 -70.901584
-0.036391 -71.375674
-0.036750 -72.496261
-0.037112 -73.272615
-0.037471 -72.896251
-0.037831 -73.951387
-0.038191 -74.414660
-0.038549 -75.498452
-0.038908 -76.086923
-0.039268 -77.021588
-0.039600 -77.425826
-0.039962 -77.779378
-0.040321 -79.050302
-0.040682 -79.595340
-0.041043 -80.276564
-0.041401 -80.561826
-0.041761 -80.733565
-0.042119 -81.420614
-0.042481 -81.606069
-0.042838 -82.324296
-0.043173 -82.447168
-0.043532 -82.962360
-0.043892 -83.629632
-0.044252 -84.146719
-0.044612 -84.426600
-0.044972 -84.783602
-0.045330 -84.975943
-0.045690 -85.470878
-0.046049 -85.646470
-0.046409 -86.031920
-0.046744 -85.991930
-0.047104 -86.320427
-0.047464 -87.121344
-0.047822 -87.167291
-0.048184 -87.714750
-0.048543 -87.767101
-0.048903 -88.181585
-0.049262 -88.535001
-0.049621 -88.528879
-0.049980 -88.994069
-0.046610 -50.718291
-0.044803 -38.813108
-0.043007 -27.176804
-0.041207 -16.697978
-0.039407 -10.062486
-0.037612 -1.620154
-0.035815 5.933251
-0.034021 12.224634
-0.032227 16.815771
-0.030844 20.276231
-0.029410 24.449506
-0.027971 28.355628
-0.026534 31.428272
-0.025096 34.571912
-0.023659 37.301170
-0.022224 39.715709
-0.020788 41.742654
-0.019354 43.318477
-0.017921 44.975514
-0.016261 46.153616
-0.014466 47.841557
-0.012663 49.264685
-0.010861 50.517233
-0.009062 51.167967
-0.007264 52.184879
-0.005469 53.100907
-0.003670 53.740735
-0.001878 48.497175
-0.000083 53.281484
0.000628 53.550804
0.001346 53.694686
0.002068 54.494723
0.002789 54.930846
0.003510 48.472300
0.004228 51.843211
0.004948 52.669034
0.005667 54.243469
0.006387 50.997363
0.007102 53.410572
0.007459 53.161499
0.007818 54.563030
0.008176 54.472799
0.008537 54.047500
0.008897 54.950797
0.009257 55.371601
0.009616 55.793479
0.009977 52.347579
0.010336 54.014222
0.010694 55.180813
0.011024 55.725619
0.011385 56.429965
0.011744 56.855416
0.012105 57.131991
0.012466 57.526566
0.012827 57.932381
0.013187 58.068857
0.013548 58.390182
0.013907 58.753623
0.014267 59.027337
0.014604 59.291122
0.014967 53.054563
0.015323 55.010411
0.015682 56.461124
0.016044 57.416787
0.016403 58.826620
0.016762 59.743257
0.017124 59.912990
0.017482 60.535111
0.017840 60.904944
0.018173 61.163926
0.018534 59.711814
0.018891 61.601227
0.019252 61.978568
0.019613 62.350204
0.019973 62.695711
0.020331 63.072648
0.020691 63.435648
0.021055 59.574796
0.021410 61.529031
0.021748 63.114624
0.022106 63.510239
0.022468 63.453859
0.022826 64.347058
0.023185 64.819730
0.023545 65.254643
0.023904 65.621872
0.024264 66.139924
0.024628 58.413203
0.024983 61.571682
0.025309 63.202700
0.025668 65.811147
0.026029 65.924091
0.026391 66.691651
0.026751 67.319962
0.027111 67.817388
0.027474 66.866819
0.027832 67.884385
0.028191 68.487039
0.028548 69.065538
0.028888 69.642737
0.029246 69.470224
0.029606 70.572265
0.029964 71.067523
0.030327 71.494405
0.030686 72.012684
0.031045 72.633941
0.031404 73.358144
0.031767 73.629935
0.032124 74.339627
0.032462 74.957719
0.032821 75.299444
0.033179 76.375520
0.033540 77.152863
0.033900 77.824827
0.034261 78.346951
0.034619 79.236337
0.034977 80.128213
0.035336 80.870778
0.035694 81.914548
0.036038 82.782719
0.036395 83.227245
0.036754 84.535763
0.037113 85.283296
0.037476 86.148024
0.037833 87.002407
0.038195 87.720460
0.038554 88.497696
0.038912 89.390070
0.039271 89.801323
0.039606 90.414435
0.039965 91.078048
0.040324 92.227944
0.040686 92.539123
0.041045 93.310882
0.041405 93.779286
0.041763 94.539849
0.042123 94.686482
0.042482 95.522919
0.042843 96.111360
0.043171 96.100916
0.043532 96.621853
0.043891 97.494405
0.044252 97.839212
0.044612 98.338187
0.044974 98.350258
0.045334 98.889356
0.045692 99.366841
0.046051 99.471476
0.046409 100.032576
0.046741 99.746920
0.047101 100.364874
0.047461 101.070947
0.047822 101.459371
0.048182 101.810011
0.048542 102.190272
0.048905 102.127998
0.049265 102.837632
0.049622 103.293345
0.049981 103.683009
0.044816 49.160191
0.043011 37.977361
0.041213 26.194073
0.039415 16.939426
0.037618 7.025778
0.035824 0.379102
0.034027 -5.407841
0.032235 -10.612213
0.030843 -13.741351
0.029405 -16.871413
0.027966 -20.009690
0.026526 -22.652010
0.025090 -25.074621
0.023654 -27.181074
0.022215 -28.176688
0.020783 -30.547119
0.019350 -32.147473
0.017918 -33.481756
0.016240 -34.486456
0.014440 -35.424887
0.012642 -37.426438
0.010844 -37.826790
0.009045 -37.865839
0.007252 -39.485803
0.005457 -40.201972
0.003661 -40.823452
0.001868 -41.357491
0.000076 -42.223827
-0.000681 -37.559377
-0.001383 -40.301546
-0.002108 -40.268716
-0.002818 -41.168165
-0.003536 -42.105673
-0.004252 -41.530115
-0.004967 -42.460510
-0.005683 -42.624406
-0.006401 -42.925705
-0.007117 -43.210964
-0.007474 -42.850016
-0.007832 -42.244204
-0.008192 -43.322622
-0.008549 -42.921566
-0.008907 -42.592648
-0.009266 -42.746257
-0.009626 -43.675580
-0.009983 -43.574049
-0.010342 -44.183127
-0.010700 -43.980670
-0.011036 -44.643730
-0.011397 -43.427103
-0.011756 -44.537371
-0.012117 -45.047300
-0.012474 -44.503346
-0.012834 -44.883117
-0.013196 -44.563991
-0.013553 -45.513502
-0.013914 -44.799978
-0.014271 -45.372484
-0.014612 -46.477908
-0.014971 -46.304949
-0.015329 -46.409515
-0.015688 -46.823288
-0.016048 -47.007016
-0.016408 -47.212603
-0.016767 -46.845522
-0.017124 -47.345391
-0.017482 -47.730072
-0.017841 -48.031362
-0.018178 -48.381760
-0.018537 -48.397838
-0.018897 -48.846637
-0.019257 -49.105544
-0.019617 -49.324705
-0.019974 -49.695742
-0.020334 -49.757704
-0.020693 -50.038072
-0.021052 -50.599516
-0.021411 -50.886861
-0.021748 -51.143703
-0.022110 -51.521885
-0.022468 -51.809878
-0.022827 -52.065789
-0.023187 -52.391004
-0.023545 -52.732509
-0.023904 -52.828064
-0.024264 -53.174913
-0.024621 -53.521719
-0.024981 -53.927805
-0.025322 -54.269145
-0.025682 -54.295872
-0.026040 -54.882786
-0.026400 -55.062757
-0.026759 -55.479200
-0.027121 -53.730700
-0.027477 -55.759615
-0.027836 -56.186118
-0.028195 -56.401699
-0.028554 -56.801601
-0.028888 -56.853789
-0.029245 -57.000785
-0.029606 -57.785901
-0.029967 -58.012495
-0.030325 -58.446518
-0.030684 -58.688506
-0.031045 -58.796860
-0.031403 -59.333704
-0.031763 -59.693318
-0.032149 -60.271092
-0.032472 -60.593282
-0.032831 -60.659861
-0.033187 -61.345132
-0.033547 -61.718161
-0.033909 -61.842919
-0.034264 -62.279350
-0.034623 -62.762354
-0.034981 -62.873022
-0.035340 -63.395089
-0.035699 -63.774416
-0.036035 -64.022379
-0.036393 -64.249256
-0.036752 -64.948187
-0.037116 -65.201118
-0.037472 -65.610393
-0.037832 -65.846373
-0.038191 -66.312609
-0.038549 -66.660290
-0.038911 -67.071482
-0.039270 -67.161575
-0.039611 -67.481097
-0.039969 -67.748376
-0.040328 -68.485816
-0.040687 -68.556272
-0.041046 -69.113988
-0.041405 -69.264811
-0.041765 -69.851126
-0.042124 -70.134466
-0.042482 -70.621844
-0.042840 -71.090828
-0.043181 -71.842181
-0.043538 -72.373692
-0.043899 -73.145740
-0.044258 -73.499013
-0.044616 -74.243753
-0.044976 -75.065254
-0.045335 -76.006904
-0.045694 -76.570500
-0.046054 -77.394882
-0.046412 -78.174418
-0.046755 -78.927505
-0.047112 -79.159848
-0.047470 -80.278493
-0.047830 -80.717768
-0.048189 -81.630357
-0.048548 -82.146815
-0.048906 -82.817983
-0.049265 -83.335565
-0.049624 -83.794162
-0.049983 -84.450329
-0.046595 -47.363187
-0.044798 -35.719289
-0.043000 -24.489850
-0.041199 -14.549357
-0.039399 -8.890438
-0.037608 -0.101857
-0.035809 6.566064
-0.034016 12.519144
-0.032224 16.730521
-0.030843 19.864349
-0.029410 23.314808
-0.027973 27.182471
-0.026534 30.068991
-0.025095 32.609977
-0.023658 35.198092
-0.022224 37.163156
-0.020787 39.129951
-0.019354 40.732546
-0.017919 41.873233
-0.016244 43.500267
-0.014447 44.537430
-0.012650 45.619183
-0.010851 46.574796
-0.009051 47.419898
-0.007253 47.956348
-0.005459 48.723951
-0.003664 49.353775
-0.001870 50.128798
-0.000078 50.930965
0.000637 50.577377
0.001354 50.549827
0.002075 50.715876
0.002793 51.289571
0.003514 51.512405
0.004233 51.700020
0.004952 52.120666
0.005670 52.490607
0.006388 52.931659
0.007105 53.249480
0.007467 52.827588
0.007825 52.963651
0.008183 53.498408
0.008542 53.592447
0.008904 51.404344
0.009262 52.558989
0.009621 53.280412
0.009979 53.788442
0.010337 54.041612
0.010697 54.317469
0.011034 54.461553
0.011393 54.340496
0.011753 45.496825
0.012112 47.491933
0.012472 49.383178
0.012832 50.266405
0.013189 51.702692
0.013555 51.785746
0.013912 52.907175
0.014272 48.290936
0.014607 50.404359
0.014967 51.242580
0.015327 52.270339
0.015686 53.304739
0.016048 52.801632
0.016407 54.134119
0.016765 54.898571
0.017124 55.633736
0.017481 51.294161
0.017839 53.432528
0.017865 52.481636
0.017864 52.460860
0.017864 52.428697
0.017863 52.432694
0.017863 52.423368
0.017861 52.406679
0.018100 54.200018
0.018461 55.681865
0.018820 56.074901
0.019179 55.137003
0.019540 56.495712
0.019900 57.240415
0.020263 51.800273
0.020620 53.806748
0.020979 55.436915
0.021339 56.398566
0.021745 56.430236
0.022104 57.534792
0.022462 58.628500
0.022833 51.968242
0.023184 55.239079
0.023543 56.849364
0.023903 58.105172
0.024264 58.633959
0.024622 59.411959
0.024981 60.109421
0.025318 60.657523
0.025678 58.344733
0.026034 60.507671
0.026395 61.076922
0.026759 57.941049
0.027117 60.110303
0.027476 61.325553
0.027834 62.021604
0.028192 62.500296
0.028558 57.442701
0.028889 60.381937
0.029248 61.382860
0.029608 62.761427
0.029967 63.546045
0.030326 64.070042
0.030687 60.328160
0.031046 62.263761
0.031405 63.687462
0.031764 64.513508
0.032125 63.605306
0.032464 65.334486
0.032823 65.482680
0.033183 66.457462
0.033542 66.956269
0.033901 67.418867
0.034264 67.423192
0.034621 68.232369
0.034980 68.784121
0.035338 69.431708
0.035698 69.376992
0.036022 70.035113
0.036385 70.708722
0.036742 71.701753
0.037105 72.275543
0.037467 72.646801
0.037827 73.410540
0.038187 74.091392
0.038546 74.767510
0.038907 75.377660
0.039266 76.250120
0.039601 76.882447
0.039961 77.315979
0.040321 78.351711
0.040681 79.333862
0.041040 80.170069
0.041401 80.957082
0.041762 81.544734
0.042120 82.328532
0.042478 83.415562
0.042839 84.188353
0.043173 84.842934
0.043533 85.309942
0.043892 86.810793
0.044252 87.497275
0.044614 88.247098
0.044973 89.205521
0.045330 89.941644
0.045688 90.737149
0.046050 91.670099
0.046409 92.466587
0.046741 92.900769
0.047101 93.521375
0.047461 94.806543
0.047822 95.394620
0.048182 96.253168
0.048542 96.618870
0.048901 97.516556
0.049261 98.190257
0.049621 98.682911
0.049979 99.466097
0.044812 46.579287
0.043014 35.399312
0.041216 23.585884
0.039416 14.127634
0.037620 7.192914
0.035822 0.932871
0.034027 -6.175570
0.032234 -9.365152
0.030867 -12.746201
0.029425 -15.508405
0.027985 -18.384494
0.026544 -20.837599
0.025104 -22.623063
0.023669 -24.871105
0.022233 -26.561303
0.020795 -27.778897
0.019358 -29.475175
0.017928 -30.686911
0.016263 -31.716412
0.014465 -32.997510
0.012664 -33.852828
0.010862 -34.508966
0.009061 -34.802467
0.007266 -36.303074
0.005469 -36.684515
0.003672 -36.748501
0.001877 -37.734271
0.000083 -38.863556
-0.000599 -40.007120
-0.001274 -37.148280
-0.001943 -37.848494
-0.002622 -36.956832
-0.003288 -38.122923
-0.003957 -38.730204
-0.004626 -39.447628
-0.005296 -40.155227
-0.005965 -39.402644
-0.006634 -39.661030
-0.006965 -39.720503
-0.007300 -39.698957
-0.007636 -39.398843
-0.007973 -40.136968
-0.008307 -39.552471
-0.008644 -39.096624
-0.008978 -40.199422
-0.009313 -40.370010
-0.009649 -40.715917
-0.009983 -40.818718
-0.010294 -40.044700
-0.010632 -40.247289
-0.010967 -40.859115
-0.011302 -40.406871
-0.011638 -41.041479
-0.011974 -41.246296
-0.012310 -41.608177
-0.012645 -41.399111
-0.012981 -41.836409
-0.013316 -41.992817
-0.013635 -42.397844
-0.013971 -41.466649
-0.014305 -42.326804
-0.014641 -42.937430
-0.014979 -41.791483
-0.015311 -42.482535
-0.015645 -42.866881
-0.015980 -43.284698
-0.016314 -43.457798
-0.016649 -43.723579
-0.016961 -44.017304
-0.017297 -43.288005
-0.017632 -43.787027
-0.017968 -44.185494
-0.018305 -44.422964
-0.018643 -44.369732
-0.018976 -44.632865
-0.019312 -44.904253
-0.019645 -45.061752
-0.019982 -45.346535
-0.020300 -45.412611
-0.020637 -45.244481
-0.020971 -45.181983
-0.021306 -45.736184
-0.021644 -45.862021
-0.021979 -46.574062
-0.022313 -46.782790
-0.022648 -46.992379
-0.022984 -47.390106
-0.023318 -47.558227
-0.023635 -47.804330
-0.023971 -47.833122
-0.024306 -48.372633
-0.024641 -48.600011
-0.024975 -48.647995
-0.025311 -49.061951
-0.025647 -49.029858
-0.025979 -49.347698
-0.026314 -49.843394
-0.026649 -49.795127
-0.026966 -50.242842
-0.027301 -50.269122
-0.027637 -50.902236
-0.027971 -51.130633
-0.028311 -51.020645
-0.028643 -51.511573
-0.028979 -51.691506
-0.029314 -51.915254
-0.029649 -52.233367
-0.029984 -52.467832
-0.030293 -52.599381
-0.030629 -52.746084
-0.030965 -53.553350
-0.031301 -53.654027
-0.031637 -54.131969
-0.031973 -54.338542
-0.032309 -54.782179
-0.032645 -55.045012
-0.032980 -55.101059
-0.033315 -55.662461
-0.033631 -55.993773
-0.033966 -55.968715
-0.034301 -56.641594
-0.034637 -57.007347
-0.034973 -57.322924
-0.035307 -57.220754
-0.035643 -57.873384
-0.035978 -57.922553
-0.036312 -58.429940
-0.036646 -58.697167
-0.036962 -59.150367
-0.037298 -59.134916
-0.037633 -59.857260
-0.037970 -60.287659
-0.038306 -60.532489
-0.038641 -61.013059
-0.038976 -61.379028
-0.039312 -61.534490
-0.039646 -62.071082
-0.039983 -62.183842
-0.040295 -62.452507
-0.040630 -62.859828
-0.040966 -63.761178
-0.041302 -64.130601
-0.041638 -64.489933
-0.041973 -65.034807
-0.042308 -65.422013
-0.042645 -66.001772
-0.042979 -66.550076
-0.043316 -67.347490
-0.043630 -67.354588
-0.043965 -68.328589
-0.044301 -69.432231
-0.044635 -70.347903
-0.044971 -70.059300
-0.045306 -71.029714
-0.045641 -71.652162
-0.045977 -72.479657
-0.046311 -73.101646
-0.046646 -73.984260
-0.046963 -74.321888
-0.047302 -75.014263
-0.047634 -76.157209
-0.047969 -76.812575
-0.048306 -77.615840
-0.048642 -78.132115
-0.048977 -78.912988
-0.049312 -79.618134
-0.049647 -80.200775
-0.049983 -80.710960
-0.050297 -81.102465
-0.050633 -81.557051
-0.050967 -82.442516
-0.051303 -82.962310
-0.051639 -83.069102
-0.051975 -83.647504
-0.052311 -83.773613
-0.052645 -84.260922
-0.052981 -84.693534
-0.053317 -85.092823
-0.053626 -84.539960
-0.053961 -84.898392
-0.054297 -85.919626
-0.054633 -86.254567
-0.054968 -86.483304
-0.055304 -86.688369
-0.055638 -86.837018
-0.055975 -87.257360
-0.056310 -87.410966
-0.056645 -87.861656
-0.056959 -87.589575
-0.057296 -87.924252
-0.057633 -88.785898
-0.057968 -88.940537
-0.058306 -88.924747
-0.058639 -89.279568
-0.058976 -89.704190
-0.059310 -89.776941
-0.059650 -89.607280
-0.059981 -90.201786
-0.056833 -52.702988
-0.055154 -42.297612
-0.053474 -31.718574
-0.051794 -22.090784
-0.050120 -13.402445
-0.048439 -8.606002
-0.046765 -0.820023
-0.045088 5.659164
-0.043416 11.060736
-0.041817 14.528794
-0.040148 18.259562
-0.038470 21.684991
-0.036787 25.621741
-0.035109 28.391786
-0.033433 31.209064
-0.031759 33.494679
-0.030083 35.586392
-0.028409 37.517838
-0.026739 38.407851
-0.025455 39.860209
-0.024118 41.076937
-0.022775 42.147010
-0.021433 43.090396
-0.020090 43.997914
-0.018749 44.718004
-0.017410 45.480063
-0.016070 45.976494
-0.014731 46.695780
-0.013395 47.205950
-0.012128 47.528864
-0.010788 47.247898
-0.009445 48.603717
-0.008105 49.084981
-0.006760 49.514910
-0.005418 49.958888
-0.004076 50.769023
-0.002738 51.252742
-0.001397 51.450959
-0.000058 52.390551
0.000602 52.388925
0.001269 52.382939
0.001941 52.665948
0.002618 47.893001
0.003284 50.583857
0.003959 51.605747
0.004627 52.502817
0.005296 47.675435
0.005965 50.377118
0.006634 51.761821
0.006970 51.769930
0.007305 52.618726
0.007641 51.012192
0.007978 51.890492
0.008310 52.511598
0.008645 52.613425
0.008980 52.988620
0.009316 52.904080
0.009651 53.323297
0.009985 53.441377
0.010293 49.730769
0.010631 50.806309
0.010965 51.996729
0.011303 52.006440
0.011639 52.654623
0.011974 53.459779
0.012310 53.788637
0.012645 54.087029
0.012981 54.450647
0.013319 49.550218
0.013628 51.568688
0.013965 52.327372
0.014301 53.266929
0.014636 54.031242
0.014972 54.194187
0.015307 54.990687
0.015643 55.488006
0.015979 55.784016
0.016313 56.117596
0.016648 56.419986
0.016966 56.653476
0.017301 51.973112
0.017635 53.937291
0.017971 55.260788
0.018309 55.725587
0.018645 56.633102
0.018979 57.202769
0.019316 56.285546
0.019651 57.164002
0.019985 57.906340
0.020296 58.025966
0.020634 57.058068
0.020967 58.603109
0.021303 58.874037
0.021640 59.261766
0.021976 59.437148
0.022312 59.762697
0.022647 60.116361
0.022986 54.715933
0.023318 56.485652
0.023633 58.242133
0.023971 58.462290
0.024305 59.772670
0.024644 52.500418
0.024975 57.641647
0.025310 59.049419
0.025645 60.138210
0.025979 60.810577
0.026314 61.334480
0.026649 61.770615
0.026967 62.065453
0.027306 56.886714
0.027639 58.638895
0.027976 60.286707
0.028309 61.452586
0.028645 61.937865
0.028981 62.640900
0.029315 63.154130
0.029651 63.417077
0.029985 63.807624
0.030290 63.705529
0.030625 65.328970
0.030962 62.970547
0.031298 64.266396
0.031634 65.090217
0.031971 65.437154
0.032306 65.734570
0.032643 66.199406
0.032979 66.453755
0.033314 66.980374
0.033627 67.097901
0.033961 67.508935
0.034298 68.110410
0.034633 68.488703
0.034968 68.513843
0.035307 69.017113
0.035643 69.463737
0.035978 69.851258
0.036312 70.301155
0.036647 70.694128
0.036957 70.831689
0.037294 71.247665
0.037629 71.958573
0.037966 72.296106
0.038302 72.849440
0.038639 73.105326
0.038975 73.697019
0.039311 74.201676
0.039646 74.678603
0.039981 74.561619
0.040292 75.248768
0.040627 75.665677
0.040964 76.670011
0.041300 77.102068
0.041638 77.649281
0.041973 78.220978
0.042309 78.867891
0.042646 79.234705
0.042981 79.971099
0.043315 80.506165
0.043631 81.050623
0.043966 81.590348
0.044302 82.699698
0.044638 83.502780
0.044973 84.331152
0.045309 84.953428
0.045644 85.952271
0.045978 86.755807
0.046313 87.524864
0.046649 88.361276
0.046960 88.949419
0.047297 89.471901
0.047633 90.800207
0.047970 91.414162
0.048306 92.041155
0.048641 92.800141
0.048977 93.616442
0.049312 94.402478
0.049649 94.794092
0.049984 95.615499
0.050297 96.066569
0.050633 96.582887
0.050967 97.504725
0.051303 98.098544
0.051640 98.729891
0.051977 99.074839
0.052312 99.757620
0.052648 100.249448
0.052985 100.548176
0.053319 101.111779
0.053625 101.136699
0.053961 101.619067
0.054297 102.701046
0.054633 103.094279
0.054970 103.623685
0.055307 103.707209
0.055644 104.250967
0.055978 104.407003
0.056312 105.005061
0.056646 105.446059
0.056961 105.384859
0.057297 105.608993
0.057633 106.659790
0.057970 106.943778
0.058307 106.926997
0.058643 107.385354
0.058978 107.856262
0.059314 108.270795
0.059649 108.302589
0.059984 108.812033
0.055163 55.274254
0.053481 44.454735
0.051798 33.668321
0.050125 23.827676
0.048447 14.948236
0.046767 7.259198
0.045097 1.101597
0.043421 -4.624633
0.041858 -8.966636
0.040172 -12.890089
0.038491 -16.153727
0.036809 -18.982331
0.035129 -21.441094
0.033450 -23.810145
0.031773 -25.769875
0.030094 -27.254450
0.028424 -28.693491
0.026747 -30.179451
0.025475 -30.516297
0.024130 -31.372573
0.022784 -32.144397
0.021442 -33.002969
0.020099 -33.438103
0.018759 -34.076717
0.017416 -34.663439
0.016076 -34.729580
0.014737 -35.359526
0.013399 -36.243078
0.012135 -36.266418
0.010790 -36.868852
0.009449 -37.321301
0.008100 -36.177293
0.006761 -38.892629
0.005419 -39.190417
0.004080 -39.259899
0.002738 -39.640023
0.001399 -40.239570
0.000058 -40.896746
-0.000596 -40.235372
-0.001268 -39.864181
-0.001938 -40.492258
-0.002610 -39.948569
-0.003281 -40.664712
-0.003952 -40.921721
-0.004622 -40.817085
-0.005292 -41.504802
-0.005962 -42.026719
-0.006632 -41.480965
-0.006973 -41.926647
-0.007311 -40.735982
-0.007641 -41.176228
-0.007977 -41.431200
-0.008312 -41.294264
-0.008646 -41.797658
-0.008982 -42.239138
-0.009316 -42.047240
-0.009652 -42.409872
-0.009986 -42.250344
-0.010303 -42.919581
-0.010638 -42.040849
-0.010973 -42.760440
-0.011309 -43.070580
-0.011645 -42.818390
-0.011980 -43.251210
-0.012312 -43.293625
-0.012650 -43.611546
-0.012985 -43.614664
-0.013330 -43.837765
-0.013627 -43.873573
-0.013962 -43.551787
-0.014300 -43.769019
-0.014634 -44.134444
-0.014969 -44.178210
-0.015305 -44.285953
-0.015641 -44.567997
-0.015976 -44.443543
-0.016312 -44.772317
-0.016646 -44.670124
-0.016965 -45.119636
-0.017298 -44.602274
-0.017635 -45.263906
-0.017970 -45.194987
-0.018307 -45.424260
-0.018641 -45.452422
-0.018977 -45.630199
-0.019313 -45.169092
-0.019647 -45.731264
-0.019982 -45.841705
-0.020298 -46.214081
-0.020633 -45.483486
-0.020968 -46.163005
-0.021305 -46.417711
-0.021644 -46.400340
-0.021976 -46.376824
-0.022312 -46.372695
-0.022646 -46.797178
-0.022987 -46.767157
-0.023318 -46.838414
-0.023636 -47.302239
-0.023971 -46.616167
-0.024306 -47.469991
-0.024641 -47.648571
-0.024976 -47.435087
-0.025311 -47.765244
-0.025646 -47.980289
-0.025979 -47.797128
-0.026315 -48.197430
-0.026650 -48.464950
-0.026966 -48.612214
-0.027301 -48.522144
-0.027637 -48.991942
-0.027972 -49.037889
-0.028307 -49.283069
-0.028644 -49.521423
-0.028979 -49.596780
-0.029313 -49.643689
-0.029649 -49.931341
-0.029984 -49.870163
-0.030296 -50.279117
-0.030632 -50.184016
-0.030968 -50.670540
-0.031304 -50.525293
-0.031639 -50.972135
-0.031977 -50.951970
-0.032312 -51.224533
-0.032647 -51.399959
-0.032981 -51.623905
-0.033317 -51.806363
-0.033631 -51.860020
-0.033965 -51.873479
-0.034300 -52.359073
-0.034637 -52.627952
-0.034973 -52.824379
-0.035307 -53.123172
-0.035644 -53.128657
-0.035978 -53.578950
-0.036313 -53.701229
-0.036645 -54.046825
-0.036966 -54.307679
-0.037300 -54.167176
-0.037636 -54.726271
-0.037972 -55.036370
-0.038308 -55.207516
-0.038643 -55.307317
-0.038978 -55.663250
-0.039313 -55.920114
-0.039649 -56.138430
-0.039983 -56.473064
-0.040303 -56.760910
-0.040637 -56.694361
-0.040973 -57.162993
-0.041309 -57.569085
-0.041644 -57.793668
-0.041978 -58.147514
-0.042313 -58.435884
-0.042649 -58.500397
-0.042985 -58.822807
-0.043318 -59.258702
-0.043637 -59.484684
-0.043971 -59.659367
-0.044308 -59.974716
-0.044641 -60.670748
-0.044975 -61.169354
-0.045311 -61.272924
-0.045645 -61.737546
-0.045980 -62.108746
-0.046313 -62.648446
-0.046649 -62.975520
-0.046966 -63.339283
-0.047300 -63.678820
-0.047636 -64.427715
-0.047971 -64.861077
-0.048307 -65.005469
-0.048643 -65.533727
-0.048978 -65.977068
-0.049313 -66.410713
-0.049649 -66.957038
-0.049984 -67.440811
-0.050298 -67.663659
-0.050633 -68.126630
-0.050968 -69.013273
-0.051304 -69.669043
-0.051640 -69.876479
-0.051976 -70.478535
-0.052311 -70.948005
-0.052646 -71.573661
-0.052981 -72.037640
-0.053317 -72.699702
-0.053628 -72.835748
-0.053964 -73.507454
-0.054299 -74.402361
-0.054635 -75.108894
-0.054970 -75.755354
-0.055306 -76.371511
-0.055641 -76.759007
-0.055976 -77.592295
-0.056312 -78.018080
-0.056645 -78.816881
-0.056966 -79.200116
-0.057300 -79.430801
-0.057634 -80.642256
-0.057971 -80.954737
-0.058306 -81.775746
-0.058641 -82.325462
-0.058975 -82.629005
-0.059312 -83.387552
-0.059647 -83.561649
-0.059983 -84.233854
-0.056837 -49.141242
-0.055155 -38.853710
-0.053476 -28.735683
-0.051800 -19.578056
-0.050120 -11.647961
-0.048441 -7.731623
-0.046763 -0.338912
-0.045088 5.699107
-0.043420 10.879527
-0.043313 9.554005
-0.043315 9.536157
-0.043318 9.504032
-0.043318 9.495257
-0.043320 9.469327
-0.043322 9.452316
-0.043323 9.444511
-0.043324 9.418971
-0.043325 9.399833
-0.043326 9.388944
-0.043327 9.378501
-0.043328 9.360711
-0.043329 9.348703
-0.043285 9.770151
-0.043016 11.633398
-0.042747 12.806178
-0.042476 12.924568
-0.042209 13.623665
-0.041936 13.964184
-0.041667 14.638498
-0.041397 15.030286
-0.041130 15.651756
-0.040858 16.169789
-0.040588 16.688209
-0.040318 17.141199
-0.040050 17.685180
-0.039780 18.163846
-0.039512 18.676229
-0.039242 19.226337
-0.038973 19.877243
-0.038706 20.380555
-0.038434 20.934295
-0.038166 21.522853
-0.037897 22.079667
-0.037627 22.502243
-0.037361 23.027366
-0.037091 23.511852
-0.036821 23.569878
-0.036552 24.276737
-0.036287 24.669816
-0.036019 25.131287
-0.035749 25.481124
-0.035482 25.942802
-0.035213 26.273639
-0.034944 26.683916
-0.034676 27.077955
-0.034408 27.348965
-0.034139 27.785500
-0.033870 28.112336
-0.033603 28.435385
-0.033333 28.766936
-0.033065 29.166724
-0.032796 29.381691
-0.032527 29.682220
-0.032259 29.880435
-0.031989 30.354172
-0.031723 30.444290
-0.031455 30.825075
-0.031185 31.091946
-0.030916 31.370504
-0.030651 31.631614
-0.030383 31.874172
-0.030114 32.198067
-0.029845 32.475991
-0.029577 32.774040
-0.029309 33.020925
-0.029039 33.243176
-0.028772 33.555043
-0.028504 33.858497
-0.028235 34.036909
-0.027967 34.300105
-0.027700 34.487142
-0.027431 34.760144
-0.027162 34.937546
-0.026894 35.201304
-0.024688 36.892617
-0.022445 38.921261
-0.020204 39.976778
-0.017966 41.212471
-0.015728 42.416916
-0.013493 43.535016
-0.011331 44.285776
-0.009091 45.219865
-0.006850 46.193707
-0.004614 47.214097
-0.002378 47.514305
-0.000142 48.990744
0.001000 48.565911
0.002116 49.310273
0.003235 49.679072
0.004357 50.029761
0.005473 50.773908
0.006591 51.126621
0.007173 51.667237
0.007730 51.447404
0.008289 51.766545
0.008849 52.049721
0.009409 52.170778
0.009969 51.391609
0.010487 52.739213
0.011046 51.394506
0.011609 52.125517
0.012170 52.881816
0.012730 53.078567
0.013293 44.450080
0.013822 47.837434
0.014382 49.249669
0.014942 49.466523
0.015504 48.151363
0.016063 50.611405
0.016625 50.558082
0.017158 52.624116
0.017717 51.972122
0.018276 53.059789
0.018839 52.972804
0.019401 53.550627
0.019960 47.833879
0.020484 53.310702
0.021047 53.799360
0.021606 54.855119
0.022169 51.628882
0.022727 53.939498
0.023290 54.056747
0.023826 56.197175
0.024385 54.969847
0.024948 55.937468
0.025504 56.672331
0.026065 54.766697
0.026624 56.304647
0.027158 56.796110
0.027715 57.639642
0.028276 58.302100
0.028840 53.761058
0.029397 56.503863
0.029957 58.239807
0.030491 57.487370
0.031051 58.772812
0.031615 59.746112
0.032174 57.596449
0.032732 59.623719
0.033293 60.583769
0.033828 61.722253
0.034387 60.674247
0.034947 61.764551
0.035506 62.312552
0.036070 62.104227
0.036628 63.162041
0.037155 64.240261
0.037717 64.217441
0.038276 64.914431
0.038836 65.435906
0.039396 65.580047
0.039960 66.634477
0.040484 67.646716
0.041045 67.869646
0.041605 68.532255
0.042166 69.135868
0.042729 69.776232
0.043290 70.452898
0.043823 71.693010
0.044383 71.951557
0.044941 72.242038
0.045502 73.216026
0.046062 74.003651
0.046621 74.902485
0.047154 76.281323
0.047715 76.581696
0.048276 77.525230
0.048836 78.378974
0.049399 79.273352
0.049958 80.411747
0.050482 81.948304
0.051043 82.749248
0.051605 84.160517
0.052168 85.307794
0.052728 86.797449
0.053289 88.123137
0.053820 90.032348
0.054380 91.016807
0.054940 92.275040
0.055500 93.584384
0.056062 94.939667
0.056621 96.338270
0.057153 97.824125
0.057713 98.672881
0.058275 99.735278
0.058835 100.767443
0.059396 101.682125
0.059955 102.685752
0.049115 15.463066
0.046317 3.634269
0.043518 -5.321612
0.040854 -11.541298
0.038048 -16.434791
0.035246 -20.377672
0.032449 -23.781920
