0.000483 8.308824
0.001125 16.813762
0.001776 23.049222
0.002412 30.442626
0.003041 36.321127
0.003676 42.790653
0.003224 32.374872
0.002592 23.338122
0.001960 14.729317
0.001350 7.064430
0.000723 -0.707741
0.000088 -7.840510
-0.000524 -14.588979
-0.001155 -21.833584
-0.001789 -27.910660
-0.002398 -34.046263
-0.003029 -39.527706
-0.003663 -45.741125
-0.003209 -35.298602
-0.002585 -27.174359
-0.001953 -19.383904
-0.001336 -11.678218
-0.000712 -3.933039
-0.000080 3.463016
0.000539 10.388425
0.001165 16.534433
0.001795 22.940822
0.002413 30.222318
0.003039 36.414503
0.003672 43.346872
0.003224 33.756089
0.002590 24.787907
0.001959 16.312221
0.001351 8.662173
0.000715 0.939786
0.000084 -6.053300
-0.000525 -12.500956
-0.001159 -18.405039
-0.001791 -25.147570
-0.002400 -31.696723
-0.003030 -37.692119
-0.003664 -44.582910
-0.003212 -35.262771
-0.002586 -27.323912
-0.001955 -19.491312
-0.001336 -11.822607
-0.000712 -4.158823
-0.000081 3.120455
0.000538 9.965302
0.001166 16.649829
0.001796 22.489004
0.002414 29.783436
0.003041 35.979736
0.003672 43.037323
0.003227 33.744492
0.002593 24.823885
0.001963 16.362073
0.001350 8.682476
0.000718 1.124134
0.000087 -5.790184
-0.000523 -12.091622
-0.001158 -18.036240
-0.001788 -24.723194
-0.001336 -16.010902
-0.000701 -7.653146
-0.000076 0.175948
-0.000527 -8.070833
-0.001157 -16.505310
-0.001790 -24.386587
-0.001876 -24.741256
-0.001875 -24.736133
-0.001872 -24.744918
-0.002407 -31.314532
-0.003036 -37.190734
-0.003667 -44.224125
-0.003206 -35.011145
-0.002575 -27.167795
-0.001945 -19.326061
-0.001336 -11.664128
-0.000702 -3.956412
-0.000073 3.281614
0.000719 12.070582
0.001561 19.943288
0.002404 28.964205
0.003225 38.213856
0.004064 47.340990
0.004904 55.789100
0.004285 42.948192
0.003445 31.461230
0.002603 20.363523
0.001783 10.538698
0.000941 0.970452
0.000098 -6.699218
-0.000719 -15.098100
-0.001562 -23.166120
-0.002407 -31.457676
-0.001044 -10.838972
0.000647 9.113186
0.002333 26.924146
0.000290 -2.356473
-0.002232 -29.818325
-0.004749 -56.061880
-0.004280 -44.437573
-0.003439 -33.621294
-0.002596 -24.036929
-0.001779 -14.993909
-0.000937 -4.970705
-0.000094 4.437367
0.000720 13.064279
0.001564 20.009078
0.002409 28.815984
0.003225 37.598668
0.004065 46.661935
0.004908 55.467526
0.004277 42.998741
0.003440 31.534520
0.002599 20.635872
0.001777 10.851214
0.000939 1.612254
0.000094 -6.319876
-0.000724 -14.281401
-0.001562 -21.951466
-0.002406 -30.117403
-0.003227 -38.589914
-0.004065 -46.881306
-0.004908 -56.081018
-0.004281 -44.275812
-0.003438 -33.550180
-0.002595 -24.023800
-0.001780 -15.383783
-0.000936 -5.528525
-0.000092 3.807619
0.000720 12.425415
0.001564 19.745641
0.002407 28.463991
0.003227 37.057906
0.004070 46.208786
0.004912 55.163316
0.004272 42.854567
0.003435 31.422714
0.002595 20.567834
0.001773 10.780630
0.000935 1.859328
0.000092 -5.935891
-0.000730 -14.101213
-0.001569 -21.667867
-0.002411 -29.785541
-0.003230 -38.364941
-0.004067 -46.483849
-0.004907 -55.729316
-0.004281 -49.759558
-0.003441 -43.588524
-0.002597 -36.920053
-0.002490 -31.345743
-0.002491 -27.408248
-0.002493 -23.297844
-0.001786 -14.979680
-0.000940 -5.080979
-0.000095 4.170283
0.000718 12.629250
0.001561 19.980114
0.002409 28.664390
0.003223 37.351857
0.004064 46.370222
0.004908 55.371025
0.005719 63.773443
0.006564 70.327892
0.007409 77.839263
0.006772 63.596406
0.005934 52.117611
0.005092 41.112833
0.004271 31.977815
0.003435 21.940378
0.002594 13.423379
0.001771 5.316473
0.000931 -1.600319
0.000089 -8.459053
-0.000724 -16.315458
-0.001563 -23.775876
-0.002407 -31.512185
-0.003227 -39.906206
-0.004064 -47.644491
-0.004905 -56.707681
-0.005724 -65.601297
-0.006562 -72.889430
-0.007405 -80.232983
-0.006785 -66.852068
-0.005937 -55.711448
-0.005093 -45.275413
-0.004282 -35.785796
-0.003436 -26.916169
-0.002594 -18.773467
-0.001785 -10.932236
-0.000937 -1.513147
-0.000094 5.894891
0.000713 13.703928
0.001562 20.193383
0.002404 28.446935
0.003219 36.521898
0.004064 45.146502
0.004905 53.603588
0.005716 61.761669
0.006563 69.208723
0.007407 77.555671
0.006776 64.296241
0.005937 52.601371
0.005097 41.545682
0.004269 32.725609
0.003433 22.609410
0.002593 14.742541
0.001771 6.780239
0.000932 -0.912532
0.000090 -6.813661
-0.000729 -14.429269
-0.001567 -21.687365
-0.002409 -29.105421
-0.003229 -37.085413
-0.004066 -44.310351
-0.004907 -52.941341
-0.005727 -61.795786
-0.006565 -69.939167
-0.007407 -78.620492
-0.006791 -66.492756
-0.005943 -55.368768
-0.005100 -44.944529
-0.004285 -35.477923
-0.003440 -26.682763
-0.002600 -18.569052
-0.001785 -11.113372
-0.000940 -1.925969
-0.000097 6.046678
0.000719 12.312652
0.001562 19.670376
0.002406 27.843877
0.003222 35.804540
0.004064 44.489614
0.004906 53.005411
0.005720 61.303579
0.006565 68.624356
0.007408 77.096892
0.006775 63.998138
0.005935 52.209905
0.005096 41.002291
0.004276 30.994955
0.003439 22.870888
0.002597 15.059975
0.001774 7.061706
0.000935 -0.749148
0.000093 -6.568819
-0.000725 -14.057472
-0.001565 -21.190669
-0.002407 -28.537709
-0.003227 -36.466899
-0.004065 -43.648207
-0.004906 -52.198286
-0.005725 -61.117663
-0.006564 -69.206086
-0.007406 -78.030463
-0.006786 -66.052757
-0.005940 -55.003248
-0.005097 -44.602810
-0.004282 -35.185561
-0.003438 -26.381827
-0.002597 -18.308145
-0.002147 -14.541386
-0.001726 -10.355659
-0.001304 -5.843760
-0.000882 -1.291459
-0.000461 3.072685
-0.000039 6.033423
0.000479 10.921635
0.001039 14.734023
0.001602 19.833789
0.002163 25.212893
0.002724 30.698913
0.003284 36.273113
0.003816 42.398247
0.004376 47.309487
0.004936 52.926261
0.005497 58.388670
0.006058 63.381026
0.006616 68.756009
0.007146 74.674519
0.007708 79.554942
0.008270 84.610828
0.008830 89.247110
0.009391 93.321695
0.009951 96.948679
0.009521 84.974128
0.008960 76.464239
0.008398 68.633200
0.007838 61.068738
0.007276 53.793028
0.006717 46.835266
0.006184 40.671327
0.005623 35.772750
0.005064 32.288576
0.004503 26.526123
0.003944 21.208395
0.003384 15.769440
0.002852 10.362540
0.002291 5.026144
0.001730 0.637370
0.001173 -3.509816
0.000609 -7.562847
0.000049 -12.027741
-0.000477 -16.698495
-0.001039 -20.817996
-0.001600 -25.689352
-0.002161 -30.459573
-0.002722 -35.360808
-0.003282 -40.377893
-0.003809 -45.602209
-0.004370 -50.558413
-0.004931 -56.301859
-0.005492 -61.886795
-0.006053 -67.464138
-0.006611 -73.081496
-0.007138 -78.410004
-0.007700 -83.017731
-0.008262 -88.097573
-0.008825 -92.714427
-0.009385 -96.921876
-0.009945 -100.928788
-0.009518 -88.565290
-0.008957 -80.927559
-0.008396 -73.769755
-0.007835 -66.816575
-0.007275 -60.024478
-0.006715 -53.385714
-0.006188 -47.444599
-0.005627 -41.185078
-0.005066 -35.233507
-0.004506 -29.694267
-0.003947 -24.317102
-0.003386 -18.612237
-0.002854 -13.181400
-0.002292 -8.664697
-0.001732 -3.968251
-0.001170 0.652427
-0.000609 4.948959
-0.000049 9.027305
0.000481 13.633207
0.001041 17.243775
0.001604 22.144115
0.002165 27.291408
0.002728 32.505884
0.003286 37.766420
0.003815 43.435022
0.004376 48.034504
0.004936 53.301444
0.005497 58.400482
0.006059 63.173498
0.006617 67.888132
0.007146 73.297243
0.007706 77.671385
0.008266 82.786705
0.008829 87.677708
0.009391 92.239039
0.009951 96.319656
0.009521 85.152696
0.008961 76.625758
0.008399 68.777464
0.007838 61.230979
0.007277 53.984312
0.006717 47.101645
0.006185 40.977783
0.005623 37.536384
0.005063 31.843450
0.004503 26.323433
0.003944 20.783222
0.003383 15.107595
0.002848 10.188641
0.002288 6.062487
0.001728 1.384532
0.001168 -2.485520
0.000608 -6.153543
0.000049 -10.383193
-0.000481 -14.880522
-0.001042 -18.799537
-0.001602 -23.347013
-0.002163 -28.011832
-0.002724 -32.671709
-0.003283 -37.458287
-0.003813 -42.468175
-0.004373 -47.036745
-0.004935 -52.415293
-0.005494 -57.875945
-0.006054 -63.235227
-0.006614 -68.627195
-0.007145 -73.960546
-0.007706 -78.720664
-0.008265 -84.029669
-0.008828 -89.204799
-0.009389 -94.269299
-0.009949 -99.142273
-0.009517 -87.941459
-0.008957 -80.349108
-0.008396 -73.233683
-0.007833 -66.265365
-0.007274 -59.538695
-0.006714 -52.998781
-0.006183 -47.007396
-0.005623 -40.834580
-0.005062 -34.927632
-0.004502 -29.455884
-0.003942 -23.896142
-0.003384 -18.417850
-0.002848 -13.121319
-0.002287 -8.587566
-0.001727 -3.948534
-0.001167 0.540797
-0.000606 4.700134
-0.000046 8.637275
0.000481 13.120075
0.001041 16.593042
0.001603 21.345941
0.002163 26.416874
0.002725 31.493296
0.003286 36.684875
0.003817 42.357522
0.004378 46.879680
0.004939 52.045388
0.005500 57.125882
0.006059 61.916587
0.006618 66.609006
0.007146 71.756100
0.007706 76.151687
0.008269 81.290792
0.008829 86.117134
0.009391 90.949086
0.009951 95.303453
0.009522 84.738249
0.008965 76.224703
0.008401 68.384345
0.007839 60.846915
0.007278 53.577787
0.006717 46.711148
0.006184 41.032144
0.005624 37.394241
0.005064 32.160474
0.004504 26.505121
0.003944 20.845444
0.003385 15.056138
0.002850 10.041815
0.002288 5.983303
0.001730 1.326019
0.001169 -2.438040
0.000609 -5.991842
0.000049 -10.151261
-0.000479 -14.600605
-0.001040 -18.433335
-0.001602 -22.881863
-0.002162 -27.490462
-0.002724 -32.160788
-0.003284 -36.879353
-0.003815 -41.800515
-0.004375 -46.313342
-0.004935 -51.657297
-0.005494 -57.026848
-0.006055 -62.312243
-0.006614 -67.607705
-0.007142 -72.938455
-0.007703 -77.687528
-0.008264 -82.977940
-0.008827 -88.234207
-0.009387 -93.295340
-0.009947 -98.301906
-0.009521 -88.218545
-0.008960 -80.607027
-0.008398 -73.480420
-0.007837 -66.494698
-0.007276 -59.756785
-0.006716 -53.211968
-0.006185 -47.233495
-0.005625 -40.954565
-0.005064 -35.061115
-0.004504 -29.581876
-0.003944 -24.121662
-0.003385 -18.590025
-0.002857 -13.552867
-0.002294 -8.677986
-0.001733 -4.315981
-0.001172 0.063715
-0.000612 4.242112
-0.000050 8.162310
0.000713 14.189883
0.001557 20.282110
0.002400 27.792603
0.003241 35.504065
0.004082 43.356276
0.004923 51.124748
0.005718 59.064901
0.006562 65.454903
0.007404 72.726937
0.008248 80.295024
0.009086 87.707739
0.009926 94.648584
0.010360 97.174075
0.010781 100.495584
0.011204 102.112406
0.011623 104.134577
0.012043 105.971156
0.012463 107.679237
0.012857 108.368438
0.013280 109.408464
0.013700 110.362027
0.014120 110.775126
0.014542 111.740323
0.014961 112.800527
0.014272 96.233677
0.013433 84.430590
0.012592 73.230704
0.011751 62.573330
0.010910 53.701018
0.010070 46.734739
0.009269 39.356356
0.008431 31.068927
0.007589 22.533150
0.006749 15.369747
0.005909 8.246607
0.005070 1.723364
0.004268 -4.033731
0.003429 -8.559671
0.002587 -14.454764
0.001748 -20.555054
0.000908 -26.840334
0.000068 -33.300911
-0.000725 -40.143188
-0.001564 -46.792725
-0.002407 -54.176758
-0.003247 -61.665529
-0.004087 -68.908264
-0.004928 -75.888857
-0.005729 -82.600490
-0.006567 -87.906561
-0.007409 -93.759662
-0.008250 -99.094604
-0.009090 -103.805592
-0.009929 -107.749901
-0.010360 -108.483617
-0.010781 -111.064044
-0.011203 -112.271308
-0.011622 -113.327451
-0.012044 -114.446122
-0.012464 -115.498333
-0.012857 -115.139128
-0.013279 -117.316136
-0.013699 -118.309211
-0.014120 -119.267194
-0.014540 -119.778873
-0.014959 -120.112586
-0.014277 -103.828244
-0.013434 -93.221836
-0.012593 -82.998844
-0.011752 -73.007537
-0.010911 -63.553786
-0.010072 -53.997882
-0.009284 -45.290173
-0.008440 -35.987900
-0.007597 -29.261066
-0.006756 -22.058070
-0.005915 -14.941258
-0.005076 -8.141172
-0.004276 -1.671718
-0.003433 4.436377
-0.002592 9.495054
-0.001750 14.765739
-0.000911 20.704667
-0.000071 27.134964
0.000717 34.607530
0.001560 40.399773
0.002403 47.295585
0.003245 53.696345
0.004086 59.890947
0.004925 66.306362
0.005718 72.297395
0.006562 76.955926
0.007405 81.875736
0.008245 86.456120
0.009087 90.809705
0.009926 94.594010
0.010357 95.777130
0.010780 98.989181
0.011203 100.117531
0.011623 102.066994
0.012045 103.964218
0.012464 105.803020
0.012860 106.937207
0.013282 108.765122
0.013702 111.023315
0.014123 112.842109
0.014542 114.245002
0.014961 115.389839
0.014271 98.510048
0.013433 86.622115
0.012591 75.529012
0.011750 65.573777
0.010910 56.438577
0.010070 49.205262
0.009274 41.593163
0.008439 32.837550
0.007593 25.799676
0.006753 18.420374
0.005912 11.384610
0.005071 4.750689
0.004272 -1.540104
0.003433 -5.513600
0.002591 -10.277133
0.001751 -15.534925
0.000911 -21.033071
0.000070 -26.751567
-0.000725 -33.210596
-0.001566 -38.490981
-0.002408 -45.171303
-0.003248 -52.070934
-0.004088 -58.966610
-0.004930 -65.646747
-0.005726 -72.217069
-0.006564 -77.430633
-0.007407 -83.032046
-0.008248 -88.310617
-0.009088 -92.722952
-0.009927 -95.409784
-0.010363 -96.648997
-0.010784 -98.806153
-0.011205 -101.127910
-0.011626 -102.886099
-0.012045 -104.564881
-0.012465 -106.078678
-0.012860 -107.151490
-0.013282 -108.584457
-0.013701 -110.312647
-0.014121 -111.486022
-0.014542 -112.727262
-0.014961 -114.090831
-0.014280 -100.681682
-0.013437 -89.628041
-0.012595 -79.158139
-0.011753 -69.448687
-0.010912 -60.074596
-0.010074 -50.934914
-0.009273 -42.342474
-0.008426 -34.281572
-0.007590 -27.323856
-0.006749 -20.200496
-0.005908 -13.127582
-0.005068 -6.168661
-0.004282 0.407086
-0.003438 5.499438
-0.002596 10.585469
-0.001755 15.664320
-0.000914 21.773398
-0.000074 28.232936
0.000718 34.861652
0.001561 41.175504
0.002403 47.537563
0.003245 52.940836
0.004085 58.596938
0.004926 64.157023
0.005359 66.330019
0.005782 69.369880
0.006203 71.750657
0.006626 74.295424
0.007045 76.868143
0.007465 79.274616
0.007861 81.520640
0.008283 83.556103
0.008703 86.288711
0.009123 88.503234
0.009542 90.512879
0.009962 92.472257
0.010358 94.201402
0.010781 95.804272
0.011202 98.332661
0.011623 100.354296
0.012044 102.501671
0.012464 104.578381
0.012858 106.477975
0.013281 108.122725
0.013701 110.397981
0.014122 112.312593
0.014542 114.413024
0.014961 116.414144
0.015360 118.065853
0.015780 119.115687
0.016203 120.976442
0.016624 122.510345
0.017045 123.052401
0.017464 125.021513
0.017863 126.337837
0.018282 127.483557
0.018704 128.904819
0.019124 130.313694
0.019544 131.517774
0.019965 132.979524
0.019271 115.435236
0.018433 103.455537
0.017592 92.253474
0.016751 81.111845
0.015912 72.065263
0.015071 63.408016
0.014271 56.282175
0.013435 48.183182
0.012594 40.025741
0.011752 33.112936
0.010912 25.986645
0.010072 18.984848
0.009270 11.996269
0.008431 6.334923
0.007591 0.514164
0.006750 -4.238390
0.005910 -8.437093
0.005070 -12.994083
0.004266 -18.323876
0.003427 -22.723472
0.002585 -28.288173
0.001747 -33.946796
0.000907 -39.694108
0.000066 -45.803955
-0.000721 -52.382306
-0.001561 -57.591893
-0.002403 -63.358756
-0.003244 -68.776257
-0.004085 -73.651138
-0.004926 -77.718594
-0.005362 -78.682924
-0.005783 -81.232340
-0.006203 -82.276154
-0.006621 -83.562066
-0.007045 -85.060053
-0.007466 -86.495937
-0.007861 -87.706685
-0.008282 -89.152999
-0.008701 -90.849686
-0.009122 -92.243939
-0.009542 -93.591561
-0.009961 -94.953101
-0.010368 -88.136288
-0.010780 -91.769493
-0.011202 -95.221372
-0.011623 -97.541859
-0.012043 -99.749722
-0.012464 -101.681736
-0.010682 -74.706683
-0.008572 -50.395090
-0.006471 -30.630344
-0.004365 -12.801198
-0.002265 3.158288
-0.000167 15.646102
0.000729 22.046963
0.001570 27.916203
0.002410 34.441779
0.003251 40.968367
0.004092 47.245855
0.004932 52.708656
0.005367 55.374264
0.005790 57.823604
0.006209 60.989278
0.006629 63.660231
0.007050 66.261413
0.007469 68.780927
0.007864 71.259472
0.008287 73.141299
0.008706 75.801790
0.009126 77.764573
0.009545 80.014758
0.009965 81.721487
0.010364 83.571436
0.010786 85.404117
0.011207 87.327980
0.011627 88.961854
0.012047 90.682937
0.012467 92.406985
0.012863 94.024910
0.013283 95.121288
0.013704 97.400552
0.014124 99.044130
0.014543 100.971905
0.014962 102.707815
0.015361 105.031429
0.015783 106.435387
0.016203 108.915478
0.016625 111.034990
0.017045 113.331136
0.017465 115.767417
0.017864 118.163117
0.018284 120.303765
0.018706 123.064272
0.019125 125.464558
0.019544 127.891118
0.019965 130.220531
0.019271 114.907593
0.018432 102.727359
0.017591 91.657949
0.016750 80.724900
0.015910 70.783637
0.015070 62.697938
0.014268 55.463598
0.013430 48.532866
0.012589 40.852564
0.011747 32.479990
0.010908 25.845380
0.010070 18.886851
0.009273 11.922849
0.008430 6.412111
0.007590 0.743455
0.006748 -3.841221
0.005908 -8.020512
0.005070 -12.523508
0.004268 -17.915586
0.003427 -22.292918
0.002588 -27.780253
0.001748 -33.359411
0.000907 -39.101140
0.000067 -44.983006
-0.000718 -51.395169
-0.001559 -56.457347
-0.002403 -62.147902
-0.003243 -67.120090
-0.004084 -71.204122
-0.004925 -74.204556
-0.005361 -75.643985
-0.005783 -77.505144
-0.006203 -79.334206
-0.006626 -81.025894
-0.007045 -82.656155
-0.007465 -84.239394
-0.007861 -85.861033
-0.008282 -86.669941
-0.008698 -88.501311
-0.009122 -89.921699
-0.009542 -91.471778
-0.009962 -93.087708
-0.010364 -92.676214
-0.010782 -94.977396
-0.011203 -97.518734
-0.011624 -99.433959
-0.012045 -101.600446
-0.012464 -103.505254
-0.012856 -105.631921
-0.013279 -97.593159
-0.013698 -99.440262
-0.014118 -103.283023
-0.014536 -105.915488
-0.014960 -108.222334
-0.015355 -110.728289
-0.015777 -112.585100
-0.016198 -114.440713
-0.016622 -115.962249
-0.017040 -117.549008
-0.017461 -119.414077
-0.017855 -121.252538
-0.018280 -120.977286
-0.018697 -122.678427
-0.019120 -124.578954
-0.019541 -125.585268
-0.019960 -126.530422
-0.019278 -111.104804
-0.018436 -100.039144
-0.017591 -89.224915
-0.016753 -79.163765
-0.015912 -69.504342
-0.015071 -60.257731
-0.014280 -51.922769
-0.013437 -43.567147
-0.012593 -36.914765
-0.011754 -29.902986
-0.010913 -23.093721
-0.010072 -16.682737
-0.009276 -10.802662
-0.008434 -4.795215
-0.007592 0.662576
-0.006752 5.302016
-0.005911 9.954308
-0.005070 15.059094
-0.004282 20.371615
-0.003441 26.434182
-0.002598 32.689011
-0.001756 38.926656
-0.000916 44.920892
-0.000076 50.492388
0.000722 55.525803
0.001562 60.248771
0.002406 64.468919
0.003247 68.504756
0.004089 72.100217
0.004929 75.435594
0.005367 76.513237
0.005789 77.539599
0.006209 78.982214
0.006628 80.314957
0.007048 81.322784
0.007469 82.266270
0.007866 83.457797
0.008286 84.024330
0.008706 85.698611
0.009125 86.806388
0.009545 88.093003
0.009965 89.197087
0.010366 90.677516
0.010785 91.383907
0.011207 92.789366
0.011627 94.199791
0.012048 95.422142
0.012468 96.863699
0.012866 98.467747
0.013286 99.498320
0.013706 101.538488
0.014126 103.249108
0.014548 105.167368
0.014965 106.986307
0.015365 108.936488
0.015782 110.618241
0.016205 113.036692
0.016626 115.109440
0.017046 117.334427
0.017468 119.353316
0.017866 121.643016
0.018285 123.075795
0.018705 125.362506
0.019125 127.299904
0.019545 129.207265
0.019965 130.964338
0.019272 115.271433
0.018433 103.112807
0.017591 92.021585
0.016751 81.327303
0.015909 71.212471
0.015071 63.134994
0.014266 56.270948
0.013428 49.448732
0.012586 41.311806
0.011747 33.052163
0.010907 26.403439
0.010068 19.484679
0.009265 12.582334
0.008427 7.089936
0.007585 1.443047
0.006746 -3.193330
0.005906 -7.179374
0.005065 -11.365552
0.004264 -16.427926
0.003425 -20.579286
0.002585 -25.781383
0.001746 -31.198347
0.000906 -36.671102
0.000066 -42.088845
-0.000719 -48.155506
-0.001561 -53.062679
-0.002403 -58.525458
-0.003244 -63.383012
-0.004085 -67.393407
-0.004926 -70.637455
-0.005361 -71.593023
-0.005782 -73.762105
-0.006203 -75.074965
-0.006624 -76.460532
-0.007045 -77.933226
-0.007465 -79.270135
-0.007864 -80.732622
-0.008283 -81.453531
-0.008704 -83.005400
-0.009124 -84.151184
-0.009543 -85.347346
-0.009963 -86.578260
-0.010364 -84.795911
-0.010782 -86.704258
-0.011201 -88.837403
-0.011624 -90.452442
-0.012045 -91.662125
-0.012464 -92.912515
-0.012864 -94.200053
-0.013284 -95.549238
-0.013705 -97.683574
-0.014125 -99.251397
-0.014543 -100.868446
-0.014962 -102.112444
-0.015361 -103.771141
-0.015782 -105.177596
-0.016206 -107.349322
-0.016624 -108.920465
-0.017045 -110.371227
-0.017463 -111.707667
-0.017860 -113.647693
-0.018282 -115.496593
-0.018702 -117.331485
-0.019124 -119.384683
-0.019542 -121.003964
-0.019961 -122.712498
-0.019276 -108.491563
-0.018435 -97.159519
-0.017593 -86.428937
-0.016752 -76.475213
-0.015912 -66.891521
-0.015071 -57.678754
-0.014285 -49.504798
-0.013439 -41.395580
-0.012599 -34.919423
-0.011758 -28.020138
-0.010916 -21.581570
-0.010077 -14.993751
-0.009280 -8.593921
-0.008438 -3.536141
-0.007595 1.472756
-0.006754 5.801566
-0.005912 10.447153
-0.005074 15.468675
-0.004279 20.738084
-0.003439 26.946647
-0.002597 33.212284
-0.001754 39.283760
-0.000914 45.304919
-0.000074 50.816097
0.000863 56.297581
0.001873 62.031904
0.002885 67.124827
0.003894 71.225568
0.004904 75.004527
0.005912 78.131764
0.006430 78.745356
0.006936 79.460418
0.007441 80.905272
0.007946 82.345328
0.008451 83.614176
0.008954 84.839931
0.009429 85.970742
0.009933 87.013113
0.010439 88.703335
0.010945 90.374014
0.011450 91.879834
0.011955 93.566085
0.012436 95.171938
0.012942 97.020117
0.013447 99.100293
0.013953 101.351626
0.014456 103.607169
0.014959 105.874302
0.015433 108.871765
0.015937 110.382388
0.016444 112.939908
0.016948 115.367512
0.017452 117.772422
0.017956 120.165228
0.018432 121.035470
0.018936 123.861742
0.019441 126.621341
0.019947 129.088742
0.020452 131.013948
0.020955 132.870981
0.021472 102.135030
0.021936 108.873931
0.022442 113.170933
0.022947 118.705571
0.023452 123.978071
0.023956 127.224303
0.024429 130.205333
0.024936 131.348166
0.025439 135.218970
0.025945 138.030613
0.026449 140.419811
0.026952 141.862505
0.027433 141.605326
0.027936 145.540745
0.028442 147.994448
0.028947 150.026062
0.029451 152.292268
0.029955 153.893028
0.029212 132.284299
0.028307 119.035681
0.027398 106.194506
0.026491 94.106962
0.025582 85.330010
0.024677 75.888640
0.023770 66.657465
0.022866 57.930156
0.021961 49.479442
0.021055 43.353099
0.020219 36.928337
0.019312 28.563786
0.018403 20.546293
0.017495 14.683506
0.016585 8.706859
0.015680 3.495665
0.014773 -0.901229
0.013866 -5.011421
0.012963 -9.201288
0.012058 -13.695818
0.010939 -19.460151
0.009731 -26.843442
0.008522 -34.244619
0.007312 -41.541019
0.006102 -49.256273
0.004894 -56.349828
0.003688 -62.390696
0.002480 -66.756775
0.001276 -69.616955
0.000069 -72.332891
-0.000513 -74.653792
-0.001125 -70.015294
-0.001724 -72.121521
-0.002332 -74.125486
-0.002938 -75.805027
-0.003543 -76.753844
-0.004149 -78.288670
-0.004754 -79.213578
-0.005358 -80.249414
-0.005959 -81.756621
-0.006254 -81.151618
-0.006557 -82.659468
-0.006861 -82.837327
-0.007166 -83.646138
-0.007470 -84.210684
-0.007769 -84.149617
-0.008073 -85.551211
-0.008375 -85.725153
-0.008678 -86.623558
-0.008976 -85.817440
-0.009257 -87.359909
-0.009561 -88.972504
-0.009862 -89.223855
-0.010167 -89.402939
-0.010470 -90.677257
-0.010771 -90.619865
-0.011075 -92.044074
-0.011377 -93.281503
-0.011679 -93.323383
-0.011980 -94.652112
-0.012258 -94.880710
-0.012558 -96.448898
-0.012861 -95.957243
-0.013167 -97.779958
-0.013470 -98.232851
-0.013772 -98.997139
-0.014072 -99.549822
-0.014379 -101.344270
-0.014676 -101.442989
-0.014980 -102.830363
-0.015261 -104.101661
-0.015561 -105.974884
-0.015865 -106.292916
-0.016167 -107.474789
-0.016470 -108.977330
-0.016774 -109.032433
-0.017077 -111.070840
-0.017377 -110.989427
-0.017681 -113.057960
-0.017981 -113.701823
-0.018256 -114.181340
-0.018560 -116.988639
-0.018864 -117.523693
-0.019167 -118.683854
-0.019470 -119.029859
-0.019773 -121.187087
-0.020076 -122.045975
-0.020377 -123.067032
-0.020679 -124.002082
-0.020980 -124.969847
-0.021260 -125.687129
-0.021561 -127.399780
-0.021864 -128.304781
-0.022167 -129.433077
-0.022470 -130.359118
-0.022773 -131.261924
-0.023076 -132.258739
-0.023378 -133.612626
-0.023679 -133.805911
-0.023981 -134.950559
-0.024258 -135.058718
-0.024561 -137.135150
-0.024862 -138.011992
-0.025168 -138.983199
-0.025470 -140.438494
-0.025773 -140.838983
-0.026076 -142.342029
-0.026378 -143.271191
-0.026679 -144.580014
-0.026980 -144.820298
-0.027001 -141.478382
-0.027001 -142.607756
-0.027001 -142.962863
-0.027000 -143.030023
-0.027001 -143.837215
-0.027001 -143.729579
-0.027001 -144.478946
-0.027001 -144.677829
-0.027001 -144.734379
-0.027003 -145.301954
-0.026481 -131.978323
-0.025875 -122.032163
-0.025268 -112.437671
-0.024662 -103.291551
-0.024057 -94.280249
-0.023452 -85.457648
-0.022847 -76.862284
-0.022244 -68.635827
-0.021641 -60.639551
-0.021037 -53.108929
-0.020221 -46.067926
-0.019310 -39.110929
-0.018401 -31.736706
-0.017493 -24.904655
-0.016585 -18.449297
-0.015677 -12.309912
-0.014770 -6.666929
-0.013864 -1.471639
-0.012961 2.699822
-0.012058 6.292660
-0.010951 11.707475
-0.009742 17.886194
-0.008530 26.230741
-0.007319 34.089361
-0.006108 42.092302
-0.004898 49.769977
-0.003691 55.969773
-0.002485 62.218793
-0.001277 67.129199
-0.000071 70.858656
0.000519 71.500185
0.001126 72.420456
0.001733 73.923761
0.002339 74.856443
0.002944 75.856692
0.003548 76.566712
0.004153 77.445898
0.004757 78.073228
0.005359 78.906725
0.005963 79.511705
0.006265 79.091474
0.006568 80.006106
0.006871 80.134989
0.007173 80.623537
0.007475 81.304959
0.007777 81.857389
0.008079 82.350759
0.008380 82.798004
0.008682 83.363600
0.008984 84.072771
0.009262 84.600661
0.009565 84.871491
0.009870 85.259355
0.010171 85.857524
0.010472 86.588255
0.010774 87.071004
0.011077 87.706910
0.011379 88.376922
0.011681 89.184662
0.011982 89.902814
0.012263 90.694671
0.012566 85.950104
0.012868 87.821789
0.013171 89.811289
0.013473 91.024753
0.013774 91.257114
0.014077 92.994356
0.014379 93.798418
0.014680 94.404057
0.014982 95.755565
0.015258 96.228712
0.015559 97.545150
0.015867 96.791292
0.016167 97.970223
0.016470 99.778741
0.016772 100.197787
0.017074 101.276246
0.017377 102.567135
0.017677 103.464800
0.017979 104.217735
0.018262 104.106620
0.018564 104.884309
0.018866 107.103260
0.019169 107.520676
0.019472 109.271052
0.019775 109.133142
0.020077 110.945698
0.020378 111.451427
0.020680 112.049448
0.020980 111.701426
0.021260 113.914649
0.021563 113.799852
0.021866 114.897361
0.022170 115.782353
0.022473 117.729092
0.022773 115.568221
0.023076 118.420024
0.023379 120.264450
0.023679 120.998863
0.023982 121.228539
0.024263 123.347075
0.024567 123.954237
0.024867 124.447105
0.025171 125.764955
0.025473 127.922655
0.025774 127.932703
0.026077 129.873953
0.026379 129.932401
0.026680 131.605792
0.026983 133.276846
0.027261 133.966063
0.027563 135.150430
0.027864 137.132086
0.028168 139.251151
0.028470 140.275431
0.028773 142.103849
0.029074 143.210870
0.029378 145.125065
0.029679 146.767209
0.029981 148.641834
0.029210 131.630975
0.028305 118.439433
0.027397 105.624886
0.026489 93.691655
0.025581 84.669802
0.024676 75.334861
0.023769 66.269533
0.022864 57.628937
0.021959 49.252387
0.021054 43.218036
0.020202 36.807493
0.019298 28.875037
0.018390 20.964004
0.017484 14.998535
0.016575 9.252900
0.015670 4.265281
0.014765 0.079621
0.013859 -3.587534
0.012955 -7.379150
0.012051 -11.457445
0.010942 -16.840960
0.009733 -23.800691
0.008523 -30.964645
0.007313 -37.895661
0.006105 -45.102592
0.004895 -51.978955
0.003688 -58.060497
0.002480 -62.306371
0.001276 -65.440725
0.000069 -67.735985
-0.000527 -67.166844
-0.001129 -68.036764
-0.001735 -68.973954
-0.002341 -69.887612
-0.002945 -70.594480
-0.003550 -71.035012
-0.004155 -71.945752
-0.004757 -72.516720
-0.005361 -73.091598
-0.005963 -73.857607
-0.006258 -72.847713
-0.006560 -74.333046
-0.006864 -73.880120
-0.007166 -74.622626
-0.007468 -75.317205
-0.007772 -76.165420
-0.008075 -76.666134
-0.008377 -76.863806
-0.008678 -77.970830
-0.008982 -78.160034
-0.009263 -78.154590
-0.009563 -79.203139
-0.009866 -79.446667
-0.010169 -80.381483
-0.010471 -80.755420
-0.010774 -81.404905
-0.011078 -81.930518
-0.011379 -82.447417
-0.011680 -83.001199
-0.011982 -83.445576
-0.012262 -83.874173
-0.012564 -85.110278
-0.012866 -85.534790
-0.013169 -86.253084
-0.013472 -86.822160
-0.013775 -87.531077
-0.014076 -88.180788
-0.014378 -88.995528
-0.014680 -89.926749
-0.014980 -90.570788
-0.015262 -91.516853
-0.015563 -92.672135
-0.015865 -93.435219
-0.016170 -93.625576
-0.016473 -95.092922
-0.016774 -96.311784
-0.017076 -96.924170
-0.017378 -98.090863
-0.017680 -98.806726
-0.017981 -99.970629
-0.018263 -100.228070
-0.018564 -102.137420
-0.018866 -102.749374
-0.019171 -103.784143
-0.019473 -104.363288
-0.019775 -105.879752
-0.020077 -106.408050
-0.020378 -107.900652
-0.020681 -108.817840
-0.020982 -109.787267
-0.021260 -109.856987
-0.021564 -112.277747
-0.021865 -113.309990
-0.022171 -114.023215
-0.022473 -113.643598
-0.022774 -116.686470
-0.023076 -117.191216
-0.023378 -118.917533
-0.023677 -119.126366
-0.023981 -121.358314
-0.024259 -122.432128
-0.024562 -124.716785
-0.024865 -125.569218
-0.025169 -127.247672
-0.025471 -128.859697
-0.025776 -130.423927
-0.026076 -132.081913
-0.026378 -134.075035
-0.026681 -135.240051
-0.026979 -136.874340
-0.027262 -137.449183
-0.027565 -140.210672
-0.027868 -141.051960
-0.028169 -142.715336
-0.028472 -144.420064
-0.028777 -145.387930
-0.029079 -146.877430
-0.029379 -147.615041
-0.029682 -149.084706
-0.029983 -150.537869
-0.029221 -132.540155
-0.028312 -120.456555
-0.027402 -108.986259
-0.026493 -97.560600
-0.025585 -86.665872
-0.024678 -76.279023
-0.023772 -67.581843
-0.022866 -58.705008
-0.021960 -50.877935
-0.021056 -43.308692
-0.020211 -36.418194
-0.019301 -29.964442
-0.018394 -23.387093
-0.017486 -16.844752
-0.016579 -11.081727
-0.015672 -5.662947
-0.014766 -0.719327
-0.013860 2.880154
-0.012957 6.772851
-0.012053 10.699543
-0.010960 16.268047
-0.009747 23.637993
-0.008536 31.496798
-0.007324 39.259513
-0.006113 46.684799
-0.004901 53.374170
-0.003694 58.615864
-0.002486 63.140054
-0.001279 66.623398
-0.000072 68.965929
0.000578 69.455208
0.001252 69.704517
0.001926 71.059540
0.002597 72.330357
0.003270 73.169449
0.003941 73.990810
0.004613 74.770879
0.005284 75.473622
0.005954 76.208149
0.006623 77.044474
0.006965 77.133171
0.007302 77.201519
0.007637 77.846556
0.007973 78.174107
0.008308 78.953168
0.008643 79.557162
0.008979 80.151048
0.009312 80.648364
0.009648 80.964149
0.009982 81.530065
0.010286 81.912641
0.010621 82.570642
0.010959 82.609464
0.011296 83.007705
0.011636 84.391321
0.011969 85.110272
0.012305 85.856104
0.012640 86.572197
0.012976 87.394176
0.013312 88.200503
0.013622 88.591614
0.013958 90.194902
0.014294 89.881117
0.014630 91.113030
0.014966 92.001792
0.015301 92.855391
0.015637 93.890276
0.015973 94.449529
0.016307 95.548034
0.016643 96.395377
0.016957 97.457037
0.017294 98.195921
0.017630 99.393313
0.017967 100.472008
0.018302 101.234137
0.018638 102.362405
0.018974 102.515043
0.019309 103.668196
0.019645 105.135565
0.019979 105.534059
0.020291 106.379167
0.020627 106.712067
0.020963 108.533004
0.021300 109.333483
0.021636 110.416986
0.021973 111.209338
0.022308 111.970411
0.022644 113.834544
0.022979 115.037152
0.023314 115.571916
0.023625 115.679004
0.023961 117.260235
0.024297 118.533334
0.024633 119.361063
0.024969 120.565369
0.025305 122.934623
0.025640 123.808274
0.025973 124.133634
0.026310 126.435550
0.026644 127.917480
0.026958 128.073100
0.027294 129.997190
0.027633 130.936394
0.027968 134.277113
0.028303 136.211473
0.028639 137.796177
0.028974 140.499944
0.029310 142.091109
0.029645 143.968641
0.029980 146.268061
0.030294 147.197387
0.030629 148.637176
0.030967 151.210404
0.031301 152.560491
0.031639 154.731888
0.031974 156.022840
0.032309 157.235316
0.032645 157.855458
0.032980 160.101886
0.033316 161.092357
0.033627 160.949746
0.033962 162.702578
0.034299 165.050788
0.034634 166.488695
0.034970 167.584144
0.035306 169.422053
0.035641 170.319780
0.035975 170.777424
0.036311 172.732468
0.036646 170.692515
0.036955 170.672783
0.037291 174.213307
0.037627 175.624271
0.037964 178.087006
0.038300 178.406761
0.038636 179.607215
0.038973 180.992599
0.039307 181.864870
0.039643 183.337215
0.039978 183.472603
0.039120 160.915579
0.038116 146.846452
0.037108 133.010905
0.036097 120.928170
0.035090 110.059830
0.034083 99.316732
0.033076 88.925170
0.032070 78.859844
0.031065 69.195213
0.030058 59.969007
0.029108 51.955697
0.028105 43.270196
0.027097 35.711366
0.026088 31.837937
0.025082 23.731948
0.024076 15.472869
0.023069 8.934175
0.022066 3.390470
0.021059 -1.054525
0.020055 -4.845192
0.019123 -8.666420
0.018115 -11.482923
0.017106 -15.286158
0.016098 -19.583776
0.015090 -24.079245
0.014082 -28.893607
0.013077 -33.965145
0.012070 -39.191375
0.011063 -44.416420
0.010060 -49.558009
0.009131 -53.950695
0.008124 -57.715107
0.007115 -61.217621
0.006105 -64.035557
0.005094 -66.307694
0.004088 -67.947374
0.003081 -69.256455
0.002073 -70.250132
0.001070 -71.373194
0.000063 -72.583130
-0.000580 -72.052332
-0.001250 -73.027514
-0.001924 -73.787004
-0.002599 -75.025831
-0.003269 -75.791666
-0.003941 -76.549446
-0.004613 -77.202627
-0.005284 -77.554400
-0.005953 -78.845670
-0.006622 -79.657656
-0.006960 -78.920612
-0.007296 -79.235666
-0.007632 -79.609766
-0.007969 -80.177675
-0.008303 -80.818470
-0.008639 -81.096643
-0.008975 -81.543237
-0.009312 -82.110436
-0.009646 -82.585349
-0.009981 -83.000897
-0.010292 -82.715955
-0.010627 -84.393354
-0.010965 -85.094119
-0.011301 -85.325560
-0.011637 -85.736761
-0.011973 -86.398034
-0.012309 -87.371350
-0.012644 -88.276331
-0.012979 -88.498856
-0.013315 -89.083214
-0.013624 -89.020927
-0.013959 -90.705816
-0.014295 -91.131446
-0.014631 -91.822375
-0.014967 -92.492590
-0.015302 -93.385994
-0.015638 -94.492511
-0.015976 -94.555533
-0.016309 -95.432679
-0.016644 -96.434734
-0.016956 -97.033682
-0.017293 -98.125666
-0.017627 -98.547395
-0.017964 -99.632327
-0.018300 -100.773934
-0.018637 -101.982837
-0.018973 -102.412413
-0.019308 -103.642797
-0.019644 -104.902988
-0.019979 -106.317955
-0.020291 -106.334407
-0.020627 -107.476118
-0.020963 -109.235990
-0.021300 -109.903211
-0.021636 -111.830296
-0.021973 -112.449797
-0.022309 -113.642539
-0.022644 -114.772068
-0.022979 -116.051188
-0.023315 -117.191908
-0.023625 -118.074468
-0.023964 -119.088913
-0.024297 -120.803442
-0.024633 -122.074241
-0.024970 -124.123000
-0.025305 -125.634430
-0.025639 -127.366989
-0.025975 -128.971751
-0.026309 -130.759235
-0.026645 -132.592993
-0.026955 -132.898325
-0.027292 -135.343810
-0.027628 -137.181741
-0.027965 -139.161330
-0.028302 -140.975855
-0.028637 -142.812136
-0.028973 -144.627569
-0.029309 -146.227062
-0.029644 -147.882450
-0.029979 -149.659726
-0.030291 -149.926637
-0.030626 -152.787617
-0.030963 -153.813321
-0.031300 -155.156933
-0.031636 -156.736139
-0.031974 -157.321056
-0.032309 -158.676222
-0.032645 -160.272103
-0.032979 -161.528343
-0.033315 -163.077488
-0.033621 -162.313756
-0.033957 -165.178311
-0.034293 -166.272589
-0.034631 -167.397036
-0.034967 -168.672512
-0.035303 -169.933707
-0.035639 -171.182601
-0.035974 -172.042268
-0.036310 -172.723349
-0.036645 -173.690745
-0.036949 -172.194815
-0.037286 -175.179914
-0.037622 -175.497444
-0.037961 -176.457560
-0.038298 -177.253679
-0.038636 -178.344613
-0.038971 -179.379219
-0.039306 -180.268291
-0.039641 -181.038691
-0.039978 -182.346043
-0.039134 -161.888423
-0.038123 -148.194041
-0.037112 -135.398293
-0.036101 -122.769068
-0.035094 -110.331483
-0.034085 -99.324268
-0.033077 -89.372740
-0.032072 -79.512313
-0.031067 -69.936611
-0.030062 -60.829569
-0.029137 -53.128929
-0.028124 -45.699816
-0.027114 -37.980176
-0.026104 -30.865086
-0.025095 -24.015538
-0.024088 -17.583611
-0.023081 -11.587230
-0.022074 -6.161883
-0.021065 -0.739117
-0.020061 3.655070
-0.019118 6.660656
-0.018109 10.444925
-0.017100 14.358124
-0.016094 18.568998
-0.015085 23.174691
-0.014078 27.754692
-0.013071 33.078518
-0.012066 38.651250
-0.011061 44.191833
-0.010058 49.575674
-0.009112 53.637244
-0.008103 57.927245
-0.007095 61.135878
-0.006088 63.826251
-0.005080 65.755347
-0.004075 67.418060
-0.003068 68.740944
-0.002063 70.079119
-0.001058 70.976290
-0.000055 71.945370
0.000577 72.525325
0.001253 72.432764
0.001925 73.251469
0.002599 73.822015
0.003269 74.525718
0.003942 75.103310
0.004613 75.946741
0.005284 76.694290
0.005955 77.217086
0.006624 78.007329
0.006966 77.621942
0.007302 77.702046
0.007637 78.555731
0.007972 78.735355
0.008309 79.312016
0.008643 79.725026
0.008979 79.851517
0.009313 80.246902
0.009648 80.558325
0.009983 81.218611
0.010288 80.819604
0.010623 81.866344
0.010961 82.191660
0.011298 82.463602
0.011636 82.842988
0.011971 83.473309
0.012306 83.868821
0.012642 84.317347
0.012978 85.170246
0.013313 85.471677
0.013627 84.781703
0.013963 86.148091
0.014298 86.981509
0.014634 87.534251
0.014970 87.634213
0.015305 88.403654
0.015641 89.088064
0.015975 90.642782
0.016310 90.795083
0.016644 90.364615
0.016959 90.925214
0.017296 91.184433
0.017633 92.864023
0.017967 94.428188
0.018304 94.889497
0.018639 95.347597
0.018975 95.632800
0.019312 96.210416
0.019645 97.099272
0.019981 98.145183
0.020294 98.155706
0.020630 99.087229
0.020966 100.456372
0.021302 101.315445
0.021636 102.141832
0.021974 103.207580
0.022309 104.126599
0.022645 105.569234
0.022980 106.687662
0.023314 107.548800
0.023631 107.176874
0.023967 108.957369
0.024306 109.089385
0.024638 110.163939
0.024973 112.091919
0.025307 112.870779
0.025643 114.006646
0.025977 114.352291
0.026312 116.103376
0.026647 116.234286
0.026957 117.007814
0.027294 118.296775
0.027631 119.632482
0.027967 119.928934
0.028301 121.813456
0.028638 122.920383
0.028973 123.885816
0.029308 125.468068
0.029644 126.706787
0.029980 126.788780
0.030295 128.559942
0.030631 129.602035
0.030967 132.137618
0.031303 133.919794
0.031639 135.613389
0.031974 137.294818
0.032309 139.058774
0.032645 140.575393
0.032980 142.643234
0.033316 143.299627
0.033628 145.000408
0.033964 146.897488
0.034300 149.080749
0.034634 150.047747
0.034971 152.494908
0.035306 154.409378
0.035641 156.434876
0.035976 157.686720
0.036311 159.718390
0.036645 161.409585
0.036960 162.375534
0.037294 163.990543
0.037632 166.893348
0.037967 167.599580
0.038303 169.159795
0.038639 171.451340
0.038975 173.331997
0.039311 175.234681
0.039645 176.550446
0.039981 177.933168
0.039123 158.868870
0.038118 144.833310
0.037110 130.834375
0.036100 118.730164
0.035092 107.865366
0.034084 97.302281
0.033078 87.055984
0.032072 77.129741
0.031066 67.589379
0.030063 58.544774
0.029128 50.784845
0.028123 42.564024
0.027112 36.606321
0.026103 31.549325
0.025096 23.789940
0.024088 15.741553
0.023080 9.770730
0.022077 4.766187
0.021068 0.663060
0.020064 -2.877980
0.019128 -6.756658
0.018121 -9.242090
0.017112 -12.586902
0.016102 -16.155317
0.015094 -20.121791
0.014085 -24.461721
0.013078 -29.011273
0.012074 -33.551669
0.011069 -38.763765
0.010064 -43.598768
0.009114 -47.487613
0.008109 -52.095372
0.007101 -55.739584
0.006094 -58.236307
0.005085 -60.376658
0.004078 -62.057172
0.003071 -63.472572
0.002065 -64.439008
0.001063 -65.574102
0.000057 -66.359770
-0.000573 -66.128864
-0.001245 -66.807987
-0.001920 -67.859667
-0.002593 -68.699521
-0.003264 -69.008858
-0.003936 -69.800318
-0.004609 -71.103271
-0.005281 -71.728024
-0.005950 -72.336755
-0.006620 -72.866943
-0.006967 -72.235942
-0.007299 -72.679712
-0.007635 -73.404517
-0.007972 -74.009816
-0.008306 -74.465190
-0.008642 -74.822044
-0.008979 -75.386488
-0.009313 -75.946032
-0.009648 -76.041675
-0.009983 -76.155759
-0.010290 -75.636932
-0.010626 -76.990382
-0.010961 -77.221514
-0.011300 -77.525208
-0.011636 -77.897487
-0.011972 -78.526031
-0.012307 -78.931284
-0.012644 -79.556471
-0.012979 -79.944122
-0.013314 -80.024422
-0.013624 -79.588185
-0.013960 -80.874482
-0.014296 -80.948960
-0.014634 -81.762322
-0.014967 -82.451080
-0.015304 -83.136111
-0.015639 -83.582979
-0.015977 -84.076046
-0.016310 -84.773279
-0.016645 -85.411955
-0.016957 -85.579285
-0.017294 -86.455660
-0.017628 -86.979526
-0.017966 -88.148435
-0.018301 -88.862612
-0.018637 -89.384888
-0.018974 -90.415901
-0.019309 -91.352850
-0.019645 -92.087399
-0.019980 -93.046998
-0.020288 -93.077462
-0.020623 -94.603078
-0.020960 -95.125451
-0.021297 -95.996799
-0.021633 -97.399404
-0.021969 -98.310629
-0.022306 -99.365110
-0.022641 -100.451751
-0.022979 -101.238348
-0.023312 -102.237664
-0.023624 -102.397823
-0.023961 -103.778521
-0.024295 -105.038949
-0.024632 -106.156041
-0.024968 -107.347506
-0.025304 -108.004086
-0.025639 -109.215617
-0.025973 -110.013325
-0.026310 -111.359897
-0.026642 -112.667083
-0.026953 -113.541885
-0.027290 -114.907176
-0.027628 -115.886737
-0.027963 -117.293342
-0.028300 -118.563232
-0.028636 -120.096600
-0.028973 -121.650738
-0.029308 -122.388096
-0.029643 -124.224231
-0.029979 -125.746303
-0.030293 -126.478101
-0.030628 -128.266422
-0.030964 -130.422565
-0.031301 -132.035567
-0.031635 -133.791954
-0.031973 -135.725500
-0.032308 -137.569067
-0.032644 -139.506169
-0.032980 -141.266735
-0.033315 -143.253345
-0.033624 -143.714293
-0.033960 -146.284180
-0.034296 -148.628073
-0.034633 -150.526564
-0.034967 -151.011477
-0.035305 -153.754821
-0.035640 -155.783594
-0.035975 -157.703569
-0.036310 -159.612120
-0.036645 -161.401918
-0.036953 -162.157837
-0.037289 -164.904392
-0.037625 -166.220091
-0.037964 -168.295531
-0.038300 -169.901694
-0.038636 -171.037888
-0.038972 -172.144002
-0.039308 -174.244992
-0.039643 -175.465699
-0.039979 -176.975790
-0.039137 -159.207638
-0.038126 -145.592069
-0.037116 -132.662145
-0.036105 -120.075810
-0.035097 -107.717544
-0.034088 -97.216376
-0.033081 -87.084884
-0.032074 -77.314815
-0.031070 -67.881894
-0.030064 -59.142021
-0.029118 -51.363517
-0.028106 -44.113042
-0.027099 -36.608085
-0.026091 -29.561000
-0.025083 -22.888066
-0.024077 -16.681851
-0.023070 -10.820922
-0.022065 -6.181176
-0.021061 -1.029541
-0.020054 3.057561
-0.019111 6.059642
-0.018102 9.640865
-0.017095 13.286901
-0.016088 17.231606
-0.015080 21.339488
-0.014073 25.976936
-0.013068 31.064953
-0.012063 36.161988
-0.011058 41.698622
-0.010054 46.504315
-0.009130 50.515605
-0.008119 54.494798
-0.007110 57.350489
-0.006100 59.864603
-0.005091 61.543687
-0.004084 62.872791
-0.003078 64.152230
-0.002070 64.964180
-0.001066 66.057289
-0.000061 66.979804
0.000618 67.717361
0.001340 67.596516
0.002064 68.416784
0.002784 69.303897
0.003504 69.872055
0.004223 70.629345
0.004942 71.119497
0.005661 72.109210
0.006379 72.768957
0.007100 72.788184
0.007465 72.073367
0.007822 73.055319
0.008180 73.631655
0.008540 74.010367
0.008899 74.559917
0.009259 74.721263
0.009617 75.294155
0.009977 76.498606
0.010336 76.653111
0.010694 76.958787
0.011021 76.719892
0.011382 76.986060
0.011743 77.851322
0.012104 78.604483
0.012464 79.283287
0.012825 79.758780
0.013185 79.935091
0.013545 80.861096
0.013904 81.070581
0.014264 81.648752
0.014602 82.482040
0.014962 82.743427
0.015322 83.002025
0.015682 83.860178
0.016042 84.467853
0.016402 85.391182
0.016761 86.589796
0.017121 85.831011
0.017478 86.249405
0.017837 86.821408
0.018173 86.879685
0.018534 87.989944
0.018893 89.742933
0.019254 89.458446
0.019614 90.895798
0.019973 92.832288
0.020330 92.827901
0.020691 93.706336
0.021054 94.326868
0.021409 95.737653
0.021741 95.862964
0.022100 97.275020
0.022462 98.033055
0.022822 99.670191
0.023182 100.447102
0.023542 101.927143
0.023900 102.117024
0.024260 103.873038
0.024619 105.082129
0.024979 105.152025
0.025312 106.271188
0.025674 107.898701
0.026032 108.884766
0.026392 109.827491
0.026753 112.123006
0.027112 112.105611
0.027471 113.385874
0.027831 114.464267
0.028191 115.322200
0.028548 114.959137
0.028887 116.432361
0.029248 117.801996
0.029607 120.105848
0.029967 121.431576
0.030325 123.566873
0.030686 125.409142
0.031045 126.434372
0.031403 127.585733
0.031762 129.467275
0.032120 131.368584
0.032457 132.829767
0.032817 134.957360
0.033177 137.298096
0.033536 139.158853
0.033896 140.174369
0.034256 142.935134
0.034615 144.978982
0.034973 146.926888
0.035333 148.890491
0.035691 151.106280
0.036032 151.688832
0.036392 154.394388
0.036751 156.737878
0.037112 158.285705
0.037472 160.676761
0.037832 161.882631
0.038191 164.158772
0.038549 166.244475
0.038908 168.051112
0.039269 170.310887
0.039606 170.041032
0.039965 172.336384
0.040325 174.639622
0.040684 176.515785
0.041045 178.291319
0.041403 179.943603
0.041762 180.949271
0.042121 183.014130
0.042479 184.404776
0.042839 185.971991
0.043170 185.230332
0.043530 187.606494
0.043889 189.637023
0.044248 191.376913
0.044611 190.437518
0.044969 161.522816
0.045329 167.268405
0.045688 172.661003
0.046046 177.698962
0.046406 182.694928
0.046736 184.617228
0.047097 187.686895
0.047456 190.875236
0.047816 192.662106
0.048178 194.839277
0.048537 196.142862
0.048897 197.936945
0.049257 199.098483
0.049616 200.109447
0.049975 201.292674
0.048422 167.963085
0.046627 143.328706
0.044825 124.487424
0.043022 105.817616
0.041223 88.221142
0.039426 71.562643
0.037629 56.005265
0.035833 41.726869
0.034038 32.420492
0.032246 20.189555
0.030856 10.809786
0.029420 3.889767
0.027981 -2.097576
0.026542 -6.937303
0.025105 -11.256629
0.023669 -15.431243
0.022233 -19.935031
0.020799 -24.658502
0.019365 -29.912571
0.017930 -35.709461
0.016252 -42.743541
0.014456 -49.776976
0.012658 -55.601707
0.010858 -59.987163
0.009061 -62.923225
0.007263 -65.000534
0.005470 -67.078596
0.003676 -68.832842
0.001882 -70.728452
0.000090 -72.476739
-0.000640 -72.395185
-0.001357 -72.985556
-0.002077 -73.944759
-0.002797 -74.400675
-0.003515 -75.690390
-0.004233 -76.296320
-0.004951 -76.796987
-0.005670 -77.691636
-0.006386 -78.704697
-0.007105 -79.659982
-0.007470 -79.179386
-0.007828 -79.737984
-0.008185 -79.846925
-0.008545 -80.672687
-0.008904 -81.275401
-0.009263 -81.871222
-0.009622 -81.983617
-0.009980 -82.536016
-0.010339 -82.711917
-0.010695 -83.070981
-0.011033 -83.471072
-0.011392 -83.461399
-0.011751 -84.572042
-0.012112 -85.006649
-0.012471 -85.728979
-0.012832 -85.685420
-0.013192 -86.637875
-0.013550 -87.327618
-0.013910 -87.738853
-0.014269 -88.669182
-0.014602 -88.774461
-0.014963 -88.847889
-0.015320 -90.120743
-0.015679 -90.691412
-0.016040 -91.825029
-0.016400 -92.603166
-0.016761 -93.327911
-0.017119 -94.088171
-0.017478 -95.160598
-0.017837 -95.877330
-0.018173 -96.307301
-0.018533 -97.081874
-0.018891 -98.534153
-0.019252 -99.554565
-0.019612 -100.376664
-0.019972 -101.528184
-0.020330 -102.628892
-0.020690 -103.695506
-0.021049 -104.647450
-0.021409 -105.521722
-0.021735 -105.347690
-0.022094 -107.197368
-0.022454 -108.157774
-0.022816 -109.420113
-0.023176 -110.807294
-0.023536 -111.678584
-0.023897 -112.898041
-0.024258 -114.254032
-0.024615 -114.966279
-0.024976 -116.014576
-0.025307 -116.575985
-0.025668 -118.020375
-0.026027 -120.172074
-0.026390 -121.324785
-0.026749 -123.533307
-0.027109 -124.665737
-0.027469 -126.061652
-0.027827 -127.618097
-0.028188 -129.413295
-0.028547 -131.176585
-0.028884 -132.702828
-0.029245 -134.050546
-0.029603 -136.779860
-0.029965 -138.502931
-0.030324 -140.115284
-0.030683 -140.976927
-0.031043 -143.181748
-0.031403 -145.225559
-0.031761 -147.176352
-0.032120 -149.137154
-0.032449 -150.085508
-0.032811 -152.079141
-0.033172 -154.970509
-0.033532 -156.982007
-0.033892 -158.874284
-0.034252 -160.673077
-0.034610 -161.639767
-0.034970 -163.672370
-0.035330 -165.623856
-0.035690 -167.304242
-0.036020 -167.722394
-0.036382 -169.837542
-0.036743 -171.469237
-0.037103 -173.329222
-0.037486 -131.568329
-0.037825 -141.277816
-0.038186 -144.521463
-0.038545 -149.924326
-0.038905 -154.263660
-0.039264 -159.012720
-0.039591 -162.835584
-0.039952 -166.153294
-0.040312 -169.855105
-0.040675 -172.848331
-0.041034 -175.164812
-0.041395 -177.260390
-0.041755 -178.643457
-0.042115 -180.528444
-0.042475 -181.765499
-0.042833 -182.989082
-0.043161 -182.368919
-0.043524 -184.875750
-0.043884 -186.494484
-0.044245 -187.926549
-0.044606 -189.207489
-0.044967 -190.565323
-0.045329 -191.549224
-0.045686 -192.696724
-0.046045 -194.252554
-0.046405 -195.319736
-0.046736 -193.605621
-0.047098 -195.702789
-0.047458 -197.309713
-0.047819 -198.793890
-0.048179 -199.769457
-0.048540 -200.657245
-0.048900 -201.636688
-0.049259 -202.830012
-0.049618 -203.525120
-0.049977 -204.389409
-0.048440 -172.603581
-0.046635 -149.436529
-0.044828 -127.027111
-0.043027 -108.969813
-0.041229 -91.652689
-0.039428 -75.381924
-0.037631 -61.948663
-0.035833 -48.816612
-0.034040 -36.290288
-0.032246 -24.638192
-0.030873 -15.564229
-0.029433 -8.273193
-0.027989 -0.980886
-0.026552 5.060126
-0.025111 9.727848
-0.023676 13.847413
-0.022239 17.818593
-0.020803 22.032362
-0.019367 26.699866
-0.017935 31.797741
-0.016296 38.045984
-0.014489 45.378886
-0.012687 52.456864
-0.010885 58.338230
-0.009084 61.963950
-0.007286 64.345948
-0.005488 66.420592
-0.003692 68.246962
-0.001898 69.961356
-0.000105 71.300294
0.000644 71.204018
0.001361 71.388783
0.002081 71.803041
0.002799 72.601896
0.003518 72.938562
0.004235 73.398128
0.004954 74.052978
0.005671 74.403949
0.006386 75.352121
0.007106 75.995380
0.007462 75.303487
0.007821 75.181797
0.008180 75.745592
0.008540 76.106344
0.008900 76.723507
0.009258 77.030972
0.009618 77.289685
0.009978 76.224143
0.010335 77.704407
0.010694 77.407401
0.011027 77.571711
0.011392 77.860254
0.011749 79.161200
0.012110 78.863484
0.012470 79.867075
0.012829 80.541103
0.013189 80.813760
0.013548 80.526311
0.013907 80.814208
0.014267 81.387812
0.014603 82.063076
0.014964 82.673695
0.015324 83.484089
0.015683 83.593232
0.016044 83.597635
0.016404 84.177063
0.016761 85.016001
0.017120 85.460394
0.017481 85.648572
0.017839 85.947425
0.018174 87.195816
0.018534 87.410177
0.018893 88.119816
0.019253 87.873319
0.019613 89.512724
0.019974 88.805799
0.020331 90.871563
0.020692 91.545027
0.021053 91.081886
0.021456 93.107687
0.021858 92.329714
0.022261 92.495549
0.022664 92.719303
0.023065 92.910391
0.023468 93.133184
0.023870 93.360426
0.024272 93.525902
0.024673 93.528937
0.025014 88.777455
0.025011 90.589884
0.025009 91.528915
0.025008 91.838393
0.025006 92.553213
0.025004 92.433199
0.025006 89.940038
0.025004 90.530141
0.025003 90.816544
0.025003 91.053482
0.025308 93.750358
0.025669 98.183724
0.026029 101.441526
0.026390 102.626853
0.026750 103.656171
0.027111 103.807527
0.027470 104.814791
0.027828 105.990029
0.028188 107.108747
0.028547 108.080176
0.028887 108.491594
0.029246 109.896136
0.029607 110.525350
0.029966 111.033399
0.030325 113.303712
0.030685 114.702400
0.031044 115.971168
0.031404 117.805784
0.031762 118.111301
0.032121 119.066944
0.032457 120.234746
0.032816 121.592693
0.033176 123.979968
0.033537 125.656897
0.033895 126.863807
0.034255 128.272240
0.034615 129.133102
0.034974 132.043491
0.035334 131.736796
0.035690 134.405337
0.036032 134.943259
0.036392 136.855348
0.036752 139.407963
0.037114 140.800801
0.037473 142.453416
0.037832 144.513358
0.038191 146.181215
0.038548 147.621432
0.038910 149.660919
0.039268 151.353039
0.039605 151.832859
0.039966 154.357052
0.040324 156.622211
0.040683 128.924600
0.041043 135.520188
0.041403 140.643662
0.041761 145.617927
0.042120 149.256150
0.042478 153.062608
0.042838 156.622041
0.043173 158.641292
0.043531 160.304094
0.043893 163.324008
0.044252 165.364420
0.044612 166.968681
0.044973 169.100780
0.045330 170.836972
0.045689 156.531784
0.046048 161.969449
0.046409 166.800940
0.046743 169.309384
0.047103 171.873375
0.047463 174.358386
0.047823 176.557312
0.048182 178.260971
0.048542 180.170985
0.048901 181.881676
0.049260 183.787178
0.049619 185.592448
0.049978 186.935941
0.048424 156.007510
0.046627 132.043712
0.044826 113.541160
0.043023 95.592274
0.041223 78.835682
0.039427 63.221804
0.037630 48.672808
0.035835 35.717120
0.034040 28.736742
0.032248 15.893164
0.030868 9.396859
0.029431 3.086827
0.027992 -1.893049
0.026553 -5.994388
0.025114 -9.715162
0.023676 -13.229962
0.022241 -16.806569
0.020805 -20.632309
0.019371 -24.752735
0.017936 -29.723413
0.016255 -35.828469
0.014458 -42.954349
0.012659 -49.611451
0.010861 -54.057615
0.009063 -57.281597
0.007266 -59.255738
0.005470 -60.710988
0.003678 -62.060983
0.001884 -63.452583
0.000091 -64.878847
-0.000630 -64.004593
-0.001349 -64.890008
-0.002071 -65.517697
-0.002790 -66.157439
-0.003509 -66.749396
-0.004227 -67.324327
-0.004948 -68.118624
-0.005665 -68.382151
-0.006381 -69.005479
-0.007101 -69.646237
-0.007461 -68.847643
-0.007820 -70.122895
-0.008179 -70.012586
-0.008538 -70.328422
-0.008900 -70.627586
-0.009258 -71.047871
-0.009616 -71.375803
-0.009976 -71.528098
-0.010336 -71.940755
-0.010693 -72.130393
-0.011025 -72.017639
-0.011385 -72.724765
-0.011744 -72.494626
-0.012105 -73.027006
-0.012466 -73.645392
-0.012827 -73.770565
-0.013186 -74.198640
-0.013546 -74.464475
-0.013906 -74.976996
-0.014265 -75.010765
-0.014603 -75.115032
-0.014962 -75.746803
-0.015320 -76.316142
-0.015681 -76.869441
-0.016040 -77.367751
-0.016400 -77.862258
-0.016761 -78.448338
-0.017119 -78.734879
-0.017479 -79.273069
-0.017838 -80.279492
-0.018173 -80.432612
-0.018532 -81.236353
-0.018890 -82.323827
-0.019252 -83.122981
-0.019612 -83.995125
-0.019970 -84.572675
-0.020331 -85.410099
-0.020691 -86.452737
-0.021049 -87.444373
-0.021408 -88.580129
-0.021747 -89.229034
-0.022106 -89.551475
-0.022464 -91.053444
-0.022825 -92.064220
-0.023185 -92.864657
-0.023544 -93.491931
-0.023904 -94.749532
-0.024263 -96.133496
-0.024621 -96.892034
-0.024980 -97.547057
-0.025311 -97.935823
-0.025671 -98.804690
-0.026031 -100.227490
-0.026391 -100.942496
-0.026754 -102.540479
-0.027112 -103.139061
-0.027471 -104.266447
-0.027831 -105.216134
-0.028191 -106.153742
-0.028549 -107.208400
-0.028875 -107.694921
-0.029234 -110.686594
-0.029595 -111.522312
-0.029956 -112.871974
-0.030318 -115.098567
-0.030678 -116.744697
-0.031037 -117.168113
-0.031397 -119.753393
-0.031757 -120.438601
-0.032117 -122.093977
-0.032455 -123.224537
-0.032815 -125.330616
-0.033175 -127.936756
-0.033535 -129.656846
-0.033894 -131.502134
-0.034254 -133.252526
-0.034618 -122.296270
-0.034972 -128.060807
-0.035333 -131.180928
-0.035692 -134.303936
-0.036025 -135.880376
-0.036386 -137.802235
-0.036746 -140.402740
-0.037107 -142.336154
-0.037467 -144.303803
-0.037829 -118.175082
-0.038188 -123.709778
-0.038547 -127.515851
-0.038906 -132.461207
-0.039266 -135.946994
-0.039596 -139.035501
-0.039957 -142.461749
-0.040317 -145.303296
-0.040678 -147.406828
-0.041039 -149.586857
-0.041398 -151.574365
-0.041758 -153.546983
-0.042118 -155.831204
-0.042476 -157.720328
-0.042836 -159.725378
-0.043167 -160.561119
-0.043529 -162.576756
-0.043888 -164.990944
-0.044249 -166.918067
-0.044609 -169.013363
-0.044967 -170.950697
-0.045329 -172.260463
-0.045688 -173.644274
-0.046050 -161.971831
-0.046406 -167.516705
-0.046738 -170.759198
-0.047099 -173.245237
-0.047460 -176.297080
-0.047821 -177.796999
-0.048178 -179.444679
-0.048542 -181.534729
-0.048900 -183.150722
-0.049259 -184.602196
-0.049620 -186.351058
-0.049978 -188.342253
-0.048447 -161.033525
-0.046642 -138.251230
-0.044836 -116.280243
-0.043032 -98.596942
-0.041232 -81.908330
-0.039431 -69.447773
-0.037636 -55.956937
-0.035838 -42.796797
-0.034043 -30.356400
-0.032248 -19.383119
-0.030874 -10.634534
-0.029435 -4.083368
-0.027992 1.398442
-0.026552 6.617377
-0.025112 10.348161
-0.023676 13.692484
-0.022240 18.038089
-0.020805 21.589166
-0.019369 25.733183
-0.017936 30.303629
-0.016259 36.350675
-0.014458 43.359843
-0.012658 49.785765
-0.010859 54.615359
-0.009058 57.538115
-0.007265 59.550244
-0.005470 61.121761
-0.003676 62.422593
-0.001882 63.604467
-0.000092 64.762005
0.000579 63.090018
0.001252 63.736733
0.001924 64.738705
0.002597 65.044815
0.003270 65.757251
0.003942 66.096545
0.004612 66.439865
0.005283 66.988235
0.005954 67.623574
0.006624 67.432118
0.006970 67.587823
0.007306 67.434226
0.007642 67.881075
0.007976 68.098721
0.008311 67.753321
0.008645 68.356306
0.008980 68.873781
0.009316 69.013803
0.009649 69.444123
0.009985 69.697007
0.010294 69.842619
0.010630 69.609467
0.010966 70.193664
0.011302 70.441756
0.011639 70.705189
0.011973 70.774788
0.012312 70.710641
0.012645 71.410559
0.012979 71.858192
0.013315 72.452359
0.013630 72.697615
0.013967 71.886109
0.014302 73.355518
0.014638 73.881449
0.014972 73.608651
0.015307 74.462726
0.015643 75.675590
0.015978 75.666393
0.016312 75.926036
0.016645 76.392949
0.016959 76.604518
0.017295 76.960628
0.017631 77.421944
0.017968 78.645808
0.018305 78.361588
0.018639 79.014212
0.018974 79.600210
0.019308 80.966563
0.019645 81.156599
0.019981 81.627060
0.020290 82.373762
0.020627 83.864667
0.020963 83.687520
0.021300 84.874220
0.021636 85.510448
0.021973 86.269536
0.022307 87.425754
0.022645 87.489495
0.022980 88.094027
0.023316 89.558123
0.023626 90.094211
0.023962 91.639973
0.024299 91.162709
0.024633 92.675187
0.024971 89.505386
0.025306 89.485447
0.025640 92.777915
0.025976 92.632664
0.026309 94.617913
0.026645 95.425458
0.026951 95.244718
0.027289 97.257804
0.027626 98.227887
0.027961 99.284280
0.028299 100.477130
0.028637 101.332749
0.028971 103.209474
0.029306 104.300550
0.029642 105.059496
0.029978 106.872908
0.030292 106.553985
0.030628 108.789917
0.030964 110.168014
0.031300 111.995267
0.031637 111.839256
0.031973 114.440266
0.032307 116.124739
0.032644 103.901544
0.032979 108.557411
0.033318 108.127646
0.033627 110.447408
0.033963 113.377579
0.034298 116.706308
0.034635 117.257380
0.034967 119.589473
0.035305 121.361227
0.035640 123.366478
0.035974 115.176849
0.036309 120.331811
0.036645 123.162653
0.036956 125.771416
0.037292 127.298725
0.037628 129.598965
0.037964 131.453823
0.038300 133.198314
0.038636 135.148798
0.038973 137.391201
0.039309 112.936880
0.039644 119.851820
0.039979 124.804370
0.040292 128.746097
0.040627 132.756064
0.040964 135.813121
0.041300 138.706063
0.041636 140.847152
0.041972 143.121573
0.042308 144.403465
0.042643 146.399236
0.042980 147.824507
0.043314 148.634232
0.043625 150.074770
0.043961 152.530409
0.044297 154.942994
0.044633 156.836834
0.044967 159.297799
0.045304 145.526592
0.045639 150.945182
0.045974 155.352453
0.046309 158.759802
0.046644 161.302585
0.046958 162.428545
0.047294 164.558725
0.047632 167.201160
0.047967 169.282862
0.048302 171.432807
0.048639 172.882612
0.048975 175.112926
0.049309 176.552924
0.049645 178.451668
0.049979 179.920006
0.050293 179.670861
0.050627 182.293515
0.050963 184.761266
0.051300 186.095943
0.051636 187.783499
0.051971 189.398371
0.052307 191.056819
0.052643 186.330935
0.052978 190.760537
0.053314 192.341855
0.053628 191.667395
0.053962 194.288314
0.054297 196.375127
0.054635 197.516951
0.054975 199.246372
0.055303 200.214653
0.055638 201.444422
0.055983 202.183478
0.056312 203.188476
0.056642 204.277346
0.056957 202.377678
0.057290 204.518997
0.057627 206.318939
0.057912 207.078114
0.057955 206.199679
0.057954 206.293449
0.057955 206.515311
0.057957 206.135042
0.057956 206.421541
0.057957 206.660705
0.057956 190.830669
0.057956 180.958217
0.057919 170.509220
0.055351 140.299157
0.053488 120.745763
0.051637 103.600276
0.049804 87.350352
0.047987 72.200043
0.046186 58.164922
0.044402 45.234270
0.042011 32.144991
0.040317 23.174415
0.038621 17.671514
0.036930 7.047762
0.035238 0.486124
0.033550 -4.581043
0.031864 -8.664185
0.030180 -12.700896
0.028497 -16.541788
0.026816 -20.259790
0.025486 -22.806522
0.024145 -26.620023
0.022801 -30.341798
0.021457 -34.426885
0.020106 -38.300999
0.018767 -42.992318
0.017426 -46.842028
0.016086 -50.574140
0.014748 -53.562328
0.013407 -55.798356
0.012152 -57.140916
0.010810 -58.873706
0.009465 -59.914816
0.008119 -60.839462
0.006777 -61.728827
0.005435 -62.543889
0.004094 -63.471638
0.002755 -64.458225
0.001415 -65.422533
0.000073 -66.094047
-0.000385 -64.261448
-0.000815 -64.228101
-0.001247 -64.239126
-0.001680 -64.463261
-0.002112 -64.448876
-0.002544 -64.467539
-0.002975 -64.604326
-0.003406 -64.745952
-0.003838 -64.761150
-0.004269 -64.982789
-0.004700 -65.070871
-0.005130 -65.181214
-0.005561 -65.168483
-0.005991 -64.898949
-0.006421 -65.404881
-0.006667 -65.102026
-0.006667 -65.397977
-0.006665 -65.554328
-0.006667 -66.015590
-0.006667 -66.263187
-0.006666 -66.135433
-0.006667 -66.593821
-0.006666 -66.632765
-0.006666 -66.784426
-0.006666 -66.714663
-0.006666 -66.744171
-0.006664 -66.009164
-0.006665 -65.901581
-0.006665 -65.889102
-0.006666 -65.844536
-0.006850 -67.595286
-0.007066 -68.993209
-0.007283 -69.758023
-0.007500 -68.660773
-0.007716 -69.014068
-0.007933 -69.685811
-0.008149 -69.664690
-0.008366 -69.991214
-0.008581 -70.261061
-0.008798 -70.361380
-0.009014 -70.210945
-0.009230 -70.142298
-0.009445 -70.140804
-0.009662 -69.931820
-0.009876 -69.988551
-0.010186 -70.659112
-0.010403 -70.569668
-0.010620 -70.998545
-0.010836 -71.149683
-0.011053 -71.547384
-0.011270 -71.816468
-0.011486 -72.174242
-0.011702 -72.666165
-0.011918 -72.571915
-0.012134 -73.186434
-0.012350 -71.952298
-0.012565 -71.702242
-0.012780 -71.683888
-0.012997 -71.788077
-0.013211 -71.565741
-0.013622 -73.686614
-0.013957 -74.166694
-0.014294 -74.616798
-0.014631 -75.462713
-0.014966 -75.446793
-0.015303 -76.184665
-0.015639 -76.731396
-0.015973 -77.613283
-0.016308 -77.569048
-0.016644 -77.135872
-0.016957 -77.779497
-0.017294 -78.265819
-0.017630 -79.127525
-0.017966 -79.882364
-0.018302 -81.089237
-0.018638 -82.039175
-0.018976 -82.632999
-0.019309 -83.328466
-0.019645 -83.964344
-0.019979 -84.859778
-0.020294 -84.714506
-0.020631 -85.607840
-0.020967 -87.129035
-0.021302 -87.819233
-0.021638 -88.470861
-0.021975 -89.258503
-0.022309 -90.087850
-0.022645 -90.482060
-0.022980 -91.623928
-0.023312 -92.993114
-0.023628 -92.624321
-0.023965 -94.082917
-0.024300 -94.927027
-0.024635 -96.027637
-0.024971 -96.831789
-0.025306 -97.934134
-0.025640 -98.705227
-0.025976 -99.665413
-0.026336 -101.063322
-0.026724 -101.565927
-0.027113 -93.549518
-0.027501 -95.157639
-0.027890 -95.369339
-0.028279 -98.327638
-0.028667 -101.496457
-0.029055 -103.486320
-0.029442 -105.290549
-0.029830 -106.796492
-0.030043 -107.031854
-0.030039 -107.490043
-0.030036 -107.821436
-0.030033 -108.112283
-0.030029 -108.661823
-0.030014 -107.564641
-0.030012 -107.481363
-0.030011 -107.412803
-0.030009 -107.334319
-0.030009 -107.280202
-0.030008 -107.213193
-0.030007 -107.155921
-0.030007 -107.118133
-0.030007 -107.078726
-0.030005 -107.025225
-0.030287 -109.868462
-0.030624 -113.189123
-0.030960 -114.169464
-0.031297 -115.890178
-0.031633 -117.723452
-0.031970 -119.413755
-0.032306 -120.481114
-0.032642 -107.602933
-0.032977 -111.118603
-0.033312 -115.439853
-0.033625 -117.921597
-0.033962 -120.172421
-0.034298 -122.789152
-0.034634 -124.504482
-0.034969 -126.114074
-0.035305 -127.709274
-0.035639 -129.566015
-0.035974 -131.348361
-0.036309 -132.985160
-0.036644 -109.891080
-0.036954 -113.174365
-0.037290 -117.260286
-0.037627 -121.358145
-0.037964 -125.411587
-0.038300 -128.254079
-0.038636 -131.523151
-0.038972 -133.939707
-0.039307 -135.672240
-0.039642 -137.598607
-0.039978 -139.393294
-0.040291 -140.146387
-0.040628 -142.601742
-0.040963 -144.484840
-0.041300 -146.297985
-0.041636 -147.936020
-0.041973 -149.886996
-0.042308 -151.436474
-0.042644 -152.746275
-0.042979 -154.571841
-0.043313 -156.076661
-0.043624 -155.575735
-0.043961 -157.970217
-0.044296 -159.931610
-0.044633 -161.451796
-0.044968 -163.317921
-0.045316 -154.278057
-0.045640 -158.030654
-0.045973 -161.787043
-0.046309 -164.391752
-0.046644 -166.460240
-0.046953 -166.129059
-0.047292 -168.172389
-0.047627 -169.491160
-0.047963 -170.889037
-0.048300 -172.699518
-0.048636 -174.049347
-0.048972 -175.248068
-0.049307 -176.696696
-0.049642 -178.190984
-0.049978 -179.086722
-0.050288 -179.146517
-0.050627 -181.159877
-0.050962 -182.595336
-0.051300 -184.031861
-0.051635 -185.237874
-0.051972 -186.576865
-0.052308 -187.801900
-0.052640 -183.181306
-0.052977 -181.856029
-0.053312 -182.470430
-0.053621 -181.381428
-0.053957 -184.196952
-0.054294 -184.228729
-0.054631 -184.856135
-0.054968 -184.257705
-0.055304 -183.565943
-0.055639 -182.542082
-0.055974 -181.728358
-0.056310 -178.024600
-0.056647 -172.625404
-0.056953 -145.406214
-0.057291 -147.424426
-0.057629 -147.707761
-0.057965 -148.441486
-0.058301 -148.854547
-0.058637 -149.206230
-0.058973 -149.808789
-0.059308 -149.607983
-0.059644 -141.024408
-0.059979 -141.276701
-0.058537 -116.691239
-0.056852 -98.432370
-0.055169 -82.355394
-0.053488 -70.970128
-0.051809 -60.053292
-0.050130 -49.212957
-0.048453 -38.414495
-0.046777 -28.668446
-0.045104 -19.781912
-0.043429 -11.980778
-0.041867 -5.493320
-0.040183 0.907538
-0.038500 6.034497
-0.036818 10.449108
-0.035140 13.871844
-0.033462 17.219389
-0.031784 20.345680
-0.030109 23.487551
-0.028433 26.774698
-0.026760 29.931016
-0.025496 31.999052
-0.024151 34.971178
-0.022807 38.000428
-0.021462 40.985921
-0.020117 43.764109
-0.018775 46.209273
-0.017434 48.826291
-0.016094 50.885362
-0.014754 53.206916
-0.013414 54.971704
-0.012161 55.770350
-0.010817 57.540392
-0.009470 58.515440
-0.008128 59.642920
-0.006784 60.190965
-0.005440 61.261418
-0.004097 61.902663
-0.002758 62.470848
-0.001417 63.131617
-0.000079 63.583962
0.000585 63.526201
0.001255 62.669600
0.001928 63.135746
0.002602 63.225257
0.003272 63.722883
0.003943 64.201436
0.004614 64.937367
0.005285 64.884769
0.005957 64.904266
0.006625 65.764761
0.006966 65.289215
0.007299 65.123311
0.007633 65.533967
0.007969 65.508393
0.008305 66.272029
0.008640 66.013970
0.008977 66.351918
0.009312 67.063565
0.009646 66.931325
0.009980 67.310689
0.010291 67.313781
0.010627 67.368904
0.010962 68.097806
0.011299 68.747496
0.011634 68.274411
0.011973 69.206023
0.012306 69.324160
0.012641 69.513156
0.012978 70.154389
0.013314 70.076507
0.013628 70.677912
0.013964 71.048255
0.014299 71.437747
0.014637 71.865937
0.014969 72.399749
0.015306 72.555541
0.015640 73.539426
0.015976 73.631905
0.016310 74.099861
0.016645 74.678527
0.016961 74.418978
0.017296 74.792962
0.017631 75.864049
0.017967 76.151789
0.018301 76.615966
0.018638 77.275950
0.018973 77.563876
0.019310 78.349202
0.019645 78.474451
0.019979 79.382130
0.020294 77.969614
0.020625 80.035258
0.020961 79.951441
0.021297 80.137514
0.021633 81.255681
0.021971 80.955876
0.022306 82.112558
0.022642 82.818782
0.022977 83.373928
0.023313 84.219408
0.023630 83.733111
0.023965 84.675240
0.024300 85.977055
0.024636 86.217501
0.024971 86.294284
0.025306 87.817767
0.025641 88.495461
0.025975 89.287404
0.026310 90.340620
0.026645 90.488174
0.026964 91.881274
0.027297 92.107789
0.027633 93.326146
0.027969 91.992059
0.028304 93.734769
0.028641 94.746497
0.028975 95.061573
0.029310 96.897979
0.029645 97.488490
0.029981 98.346605
0.030298 98.785164
0.030632 99.609899
0.030967 100.862233
0.031315 93.537539
0.031639 97.400093
0.031974 100.556402
0.032309 101.241556
0.032645 102.845601
0.032979 104.261700
0.033315 105.096619
0.033631 101.586670
0.033965 105.508737
0.034300 106.541135
0.034633 108.215431
0.034970 110.037471
0.035305 111.279026
0.035640 112.533769
0.035975 114.084746
0.036311 115.355951
0.036645 101.259463
0.036963 105.719767
0.037297 110.084824
0.037633 113.174038
0.037970 116.015464
0.038304 117.684255
0.038639 119.285179
0.038979 107.046715
0.039312 112.502329
0.039645 116.903570
0.039980 119.750324
0.040298 121.281346
0.040631 123.017977
0.040967 124.954063
0.041301 126.518073
0.041639 126.673289
0.041973 129.075031
0.042309 131.056184
0.042645 132.752628
0.042980 134.280763
0.043316 116.509427
0.043632 122.022430
0.043965 126.610340
0.044300 130.475856
0.044635 133.228118
0.044970 135.729995
0.045306 137.433789
0.045641 139.613470
0.045975 141.135063
0.046310 142.795444
0.046645 144.479752
0.046964 145.141076
0.047296 147.051091
0.047633 148.950716
0.047967 150.985513
0.048304 152.654760
0.048639 152.178392
0.048974 154.667866
0.049310 156.578656
0.049645 149.171535
0.049979 153.739056
0.050295 155.338428
0.050628 157.480989
0.050964 159.936441
0.051300 161.690464
0.051635 163.342988
0.051972 165.419671
0.052308 166.920856
0.052644 167.931073
0.052980 169.703546
0.053314 171.163300
0.053630 170.918945
0.053964 172.858277
0.054298 174.757621
0.054633 176.706362
0.054969 177.305319
0.055305 178.992467
0.055640 180.206868
0.055977 177.211538
0.056311 178.621576
0.056645 179.415974
0.056961 179.796945
0.057294 181.132415
0.057631 183.001117
0.057914 182.003323
0.057950 181.595210
0.057949 181.785600
0.057950 181.598688
0.057950 181.417386
0.057950 180.838786
0.057950 180.907298
0.057950 166.653515
0.057950 157.256006
0.057912 147.552251
0.055354 119.081474
0.053490 100.676781
0.051639 84.907637
0.049806 70.157938
0.047989 56.583344
0.046189 44.147620
0.044403 33.038451
0.041881 25.664414
0.040202 15.033652
0.038516 8.154197
0.036835 2.327689
0.035155 -2.402502
0.033475 -6.121136
0.031796 -9.541434
0.030120 -12.768135
0.028443 -16.043745
0.026767 -19.004738
0.025487 -20.957867
0.024146 -23.480421
0.022801 -25.987032
0.021456 -28.259298
0.020113 -30.598701
0.018773 -32.377647
0.017430 -34.450463
0.016089 -35.975099
0.014752 -37.506074
0.013411 -38.854721
0.012155 -39.451609
0.010813 -40.758173
0.009468 -41.910557
0.008122 -42.504742
0.006779 -43.991804
0.005437 -45.016758
0.004095 -46.345616
0.002755 -47.180865
0.001415 -48.198791
0.000072 -49.345916
-0.000609 -49.207786
-0.001276 -49.863686
-0.001947 -50.361607
-0.002617 -50.649452
-0.003286 -51.467548
-0.003957 -51.755398
-0.004625 -51.806516
-0.005297 -52.673475
-0.005964 -53.169115
-0.006633 -53.767410
-0.006970 -53.817308
-0.007303 -53.305808
-0.007639 -53.693837
-0.007975 -54.056090
-0.008310 -54.328571
-0.008645 -54.680478
-0.008979 -54.661326
-0.009315 -55.051221
-0.009649 -55.501702
-0.009984 -55.752439
-0.010291 -55.463783
-0.010627 -56.371243
-0.010963 -56.078428
-0.011300 -56.551942
-0.011636 -56.700848
-0.011972 -57.065475
-0.012308 -57.669504
-0.012643 -57.642218
-0.012979 -57.979101
-0.013314 -57.780051
-0.013628 -58.645416
-0.013964 -58.468623
-0.014300 -58.967531
-0.014636 -59.582635
-0.014972 -59.930579
-0.015306 -60.231820
-0.015641 -60.734267
-0.015976 -61.491432
-0.016311 -61.883962
-0.016645 -62.308640
-0.016962 -60.924864
-0.017296 -62.432064
-0.017633 -62.174932
-0.017968 -62.622780
-0.018304 -63.038807
-0.018640 -63.220039
-0.018975 -64.096007
-0.019310 -64.252962
-0.019646 -64.698831
-0.019983 -65.043437
-0.020296 -65.206536
-0.020633 -65.727961
-0.020967 -66.036061
-0.021304 -66.964987
-0.021640 -66.883817
-0.021976 -67.745646
-0.022311 -68.272325
-0.022647 -68.821023
-0.022981 -68.626701
-0.023317 -69.361210
-0.023629 -69.940308
-0.023965 -70.603998
-0.024303 -70.825208
-0.024637 -70.905026
-0.024972 -72.065994
-0.025307 -72.487382
-0.025643 -73.273572
-0.025977 -74.127219
-0.026312 -74.247104
-0.026646 -74.101831
-0.026959 -74.221274
-0.027294 -75.923361
-0.027630 -76.265469
-0.027967 -76.992972
-0.028303 -77.310075
-0.028640 -77.678867
-0.028974 -78.095600
-0.029310 -79.207435
-0.029645 -79.400016
-0.029981 -79.640976
-0.030294 -80.089791
-0.030630 -81.297634
-0.030965 -82.084795
-0.031302 -82.836564
-0.031639 -83.459586
-0.031973 -84.327044
-0.032309 -85.943091
-0.032645 -86.802985
-0.032980 -87.266683
-0.033316 -88.051714
-0.033626 -87.413504
-0.033963 -89.778747
-0.034298 -90.731579
-0.034635 -91.424358
-0.034970 -92.128481
-0.035306 -92.760183
-0.035640 -93.466045
-0.035975 -94.307282
-0.036311 -95.121546
-0.036646 -95.624111
-0.036955 -95.283347
-0.037291 -96.864717
-0.037627 -97.452595
-0.037965 -99.240577
-0.038301 -100.267869
-0.038637 -98.736380
-0.038973 -100.209143
-0.039308 -101.101702
-0.039643 -100.601934
-0.039979 -102.895549
-0.040293 -103.534557
-0.040631 -104.767776
-0.040967 -106.122029
-0.041302 -107.026486
-0.041639 -108.020933
-0.041974 -108.995642
-0.042310 -109.958128
-0.042644 -111.074312
-0.042980 -112.002136
-0.043315 -112.746431
-0.043629 -113.081087
-0.043966 -113.760240
-0.044300 -114.183620
-0.044637 -115.385770
-0.044972 -116.365649
-0.045307 -117.177681
-0.045642 -118.343930
-0.045976 -118.968804
-0.046312 -120.225413
-0.046646 -121.154601
-0.046958 -108.398249
-0.047295 -113.157040
-0.047632 -116.932070
-0.047968 -119.177313
-0.048304 -121.235644
-0.048639 -122.593670
-0.048975 -123.763549
-0.049310 -124.663897
-0.049645 -125.702633
-0.049980 -126.576820
-0.050288 -126.253730
