-0.025869	3.53985E-10
4.37	19.694
4.37	19.6933
4.37	19.6923
4.37	19.6909
4.37	19.6892
4.37	19.6871
5.02485	22.5546
7.3345	32.0114
8.20062	35.2846
7.9802	34.242
6.03143	25.4421
3.10827	12.269
2.01209	7.33383
0.367815	-0.0311137
-2.0986	-10.3956
-5.79822	-26.1974
-7.10471	-31.372
-8.41554	-36.1976
-7.68064	-32.8569
-6.57828	-27.8601
-4.92475	-20.3861
-2.44445	-9.19326
1.27599	6.36763
6.50198	28.6762
7.80847	33.9679
7.71179	33.5138
4.77217	20.2957
0.362751	0.778654
-0.943744	-4.27013
-1.92361	-8.52745
-2.90349	-12.8567
-4.37329	-19.2586
-6.578	-28.5947
-7.59493	-32.7699
-6.35478	-27.1822
-4.49456	-18.8024
-1.70422	-6.13919
-0.657844	-1.57114
-0.265453	-0.0999126
0.287148	1.91692
1.0717	5.10172
2.24854	10.2431
4.01379	17.9735
6.66168	29.2111
10.6335	43.4857
8.02251	31.6474
3.37852	10.707
-1.26546	-7.89976
-5.90945	-27.2593
-10.5534	-43.5727
-11.5856	-46.4175
-9.84407	-38.4909
-7.23183	-26.6723
-3.31347	-8.98186
1.33052	8.78903
5.97451	27.7423
10.6185	44.0961
8.03752	32.4366
3.39353	11.4512
-1.25046	-6.52883
-5.89445	-25.6983
-10.5384	-42.9165
-11.6006	-46.2336
-9.85908	-38.3363
-7.24683	-26.5189
-3.32847	-8.82432
-2.16747	-3.89835
-0.425978	2.36812
2.46025	13.3017
6.86967	31.1585
12.0957	47.4846
13.4021	49.1838
13.8921	49.7478
14.627	50.5376
15.7293	51.6436
17.3829	53.0755
16.9571	51.1202
16.0269	46.8967
14.6318	40.586
12.539	31.1652
9.39989	17.284
4.6912	-1.48754
3.3847	-6.31386
1.42496	-14.0904
-1.51466	-25.3275
-5.92408	-40.1879
-7.23057	-43.6698
-9.19031	-46.2416
-9.92522	-47.0484
-11.0276	-48.11
-12.6811	-49.4804
-13.3012	-49.9692
-14.2313	-50.6879
-15.6265	-51.748
-16.1496	-52.1465
-16.9344	-52.6742
-16.8484	-52.2109
-15.0826	-44.205
-12.434	-32.26
-8.46104	-14.6953
-3.23506	5.40763
1.99092	25.4028
3.29742	30.0199
5.25716	36.4996
5.99206	38.8003
7.09442	42.004
8.74795	45.1113
9.36803	45.9119
10.2981	46.9581
10.6469	47.3302
11.1701	47.8608
11.9549	48.5887
12.2492	48.8518
12.6906	49.2351
12.8562	49.3768
13.1045	49.5843
13.477	49.8904
14.0356	50.3408
14.8737	51.0042
16.1308	51.9985
16.9436	52.6334
16.2365	49.4235
15.1759	44.6296
13.5849	37.4646
11.1984	26.7842
7.61873	11.2628
6.31224	6.02123
4.35249	-1.3009
1.41288	-12.2042
-2.99654	-28.7517
-8.22252	-43.9371
-9.52901	-45.6559
-10.019	-46.2168
-10.2027	-46.4182
-10.4783	-46.7105
-10.8916	-47.1271
-11.5117	-47.7181
-12.4418	-48.5594
-13.837	-49.7446
-15.9298	-51.5768
-15.8911	-51.255
-11.1824	-30.0456
-5.95644	-7.33606
-4.64995	-2.23719
-2.6902	4.62781
0.265961	15.9464
4.968	33.087
10.5408	46.2026
10.8891	46.6241
11.4115	47.2085
12.1952	48.107
12.4891	48.4526
12.9299	49.1747
13.5911	50.3358
14.583	51.8712
16.0707	53.983
18.3023	56.868
21.6498	60.41
22.9051	61.6424
23.2242	61.9515
22.5181	58.6886
21.4589	53.8147
19.8702	46.5355
17.4871	35.8456
16.5934	31.9477
15.253	26.2579
13.2422	17.9787
10.2261	6.36015
5.70196	-9.76782
1.17781	-26.6678
-4.39498	-40.9362
-5.78817	-42.6497
-6.31062	-43.2496
-7.09429	-44.0938
-8.2698	-45.2484
-10.0331	-46.7785
-10.6943	-47.3304
-11.6861	-48.1429
-12.0581	-48.4469
-12.616	-48.8958
-13.4528	-49.5707
-13.7667	-50.013
-14.2374	-50.7394
-14.9435	-51.8195
-16.0026	-53.3989
-17.5914	-55.6282
-18.1871	-56.3941
-19.0808	-57.491
-20.4213	-59.0663
-22.432	-61.2116
-23.1861	-61.9774
-22.2829	-57.7979
-20.5863	-50.012
-18.0415	-38.5263
-17.0872	-34.3312
-15.6557	-28.2024
-13.5085	-19.3421
-10.2877	-6.85244
-5.45649	10.224
0.116295	30.2665
5.68908	41.6918
6.03738	42.0841
6.55983	42.6667
7.3435	43.4903
8.51901	44.6481
10.2823	46.1927
10.9435	46.7533
11.1915	46.962
11.5634	47.2737
12.1213	47.7315
12.9582	48.4306
13.272	48.7312
13.7427	49.2555
14.4488	50.3613
15.508	51.9975
17.0967	54.332
18.2883	56.0033
19.4798	57.592
21.2671	59.8589
22.6519	61.4498
21.6465	56.8336
20.1385	49.9391
17.8764	39.7002
14.4833	25.0261
9.39361	5.09521
8.00042	0.183035
5.91062	-6.79888
2.77593	-18.731
-1.92611	-34.4363
-3.3193	-38.2887
-5.4091	-41.3939
-5.60502	-41.6177
-5.89889	-41.9357
-6.33971	-42.4074
-7.00093	-43.1133
-7.99277	-44.1215
-9.48052	-45.4682
-10.0384	-45.9545
-10.8753	-46.6587
-11.1891	-46.9217
-11.6598	-47.3081
-12.3659	-47.8835
-13.4251	-48.821
-13.8223	-49.2775
-14.4181	-50.2034
-15.3117	-51.5703
-16.6522	-53.5459
-18.6629	-56.335
-19.417	-57.3533
-20.548	-58.8288
-22.2446	-60.8709
-22.8808	-61.5843
-22.7649	-60.9989
-21.3334	-54.4313
-19.1862	-44.6462
-15.9654	-30.4595
-14.7576	-25.3544
-12.9459	-17.9329
-10.2284	-7.40092
-6.15202	6.69622
-4.75882	11.9895
-2.66903	19.8757
-1.88535	22.6714
-0.709845	26.7525
1.12866	32.6623
3.96248	39.8385
5.02516	41.1497
5.42367	41.5764
6.02143	42.1868
6.91806	43.1265
8.26302	44.4276
10.2804	46.1548
11.037	46.7838
11.3207	47.0194
11.7462	47.3683
12.3846	47.8874
13.3421	48.6911
13.7011	49.0343
14.2397	49.7907
15.0476	51.0533
16.2594	52.8966
18.0772	55.5249
18.7588	56.4702
19.7813	57.8369
21.315	59.798
23.6156	62.355
27.0665	65.6795
28.3605	66.896
28.8458	67.3617
29.5737	68.0133
29.8467	68.2468
30.2562	68.5947
30.4097	68.7206
30.64	68.9012
30.9855	69.1675
31.5037	69.5703
32.281	70.1559
33.447	70.9769
34.704	71.8112
34.0481	68.8298
33.0643	64.4329
31.5886	57.981
29.3751	48.5244
28.545	45.0092
27.2999	39.7752
25.4322	32.0309
24.7318	29.1827
23.6813	24.961
22.1054	18.8705
19.7416	10.2693
16.196	-1.90554
10.8775	-21.8508
4.90662	-38.0864
3.41391	-39.4882
1.17485	-40.74
0.335196	-41.1574
-0.924278	-41.7432
-1.04235	-41.7977
-1.21947	-41.8797
-1.48514	-42.0098
-1.88364	-42.2099
-2.4814	-42.5166
-3.37804	-42.9846
-3.71428	-43.1612
-4.21864	-43.4344
-4.97518	-43.8617
-6.10998	-44.5433
-7.81219	-45.705
-8.45052	-46.1712
-9.40801	-46.8955
-9.76707	-47.1704
-9.90172	-47.2742
-10.1037	-47.429
-10.4066	-47.6596
-10.8611	-48.0047
-11.5427	-48.5216
-11.7984	-48.717
-12.1818	-49.0148
-12.7569	-49.4624
-13.6196	-50.1335
-14.9137	-51.1593
-16.8548	-52.7352
-17.2188	-53.151
-17.5828	-53.7203
-18.1287	-54.5671
-18.3334	-54.8848
-18.6405	-55.3597
-19.1011	-56.0689
-19.7921	-57.1236
-20.8285	-58.7003
-21.2172	-59.2826
-21.8002	-60.1252
-22.6747	-61.3367
-23.0026	-61.7678
-23.1256	-61.9277
-23.31	-62.162
-23.5867	-62.4992
-24.0018	-62.9918
-24.6243	-63.7017
-25.5582	-64.7014
-26.9589	-66.0868
-27.4842	-66.5703
-28.2721	-67.2943
-28.5676	-67.6203
-29.0108	-68.0128
-29.6756	-68.5696
-30.6729	-69.341
-31.0468	-69.6334
-31.6077	-70.0535
-32.4492	-70.6617
-32.7647	-70.8831
-33.238	-71.2162
-33.4155	-71.3387
-33.6817	-71.5198
-34.081	-71.7828
-34.68	-72.1612
-34.3215	-70.4927
-32.9737	-64.4371
-30.952	-55.6531
-27.9196	-42.8497
-26.7824	-38.1215
-25.0766	-31.1158
-22.518	-21.0036
-18.68	-7.20289
-12.923	13.6334
-11.4303	18.9987
-9.19125	26.302
-8.3516	28.8495
-7.09213	32.4963
-5.20292	37.0431
-4.49446	38.1339
-3.43178	39.0682
-3.03327	39.3319
-2.43552	39.6524
-1.53888	40.0728
-0.193923	40.6388
0.310436	40.8526
1.06697	41.1644
2.20178	41.6072
2.62733	41.7692
3.26566	42.019
3.50504	42.11
3.8641	42.2448
3.99874	42.2958
4.20071	42.3747
4.50367	42.495
4.95811	42.6907
5.63976	42.9856
6.66224	43.459
7.04567	43.644
7.62081	43.9266
7.83649	44.0348
8.16001	44.2054
8.64529	44.475
8.82727	44.583
9.10024	44.7495
9.50969	44.9886
10.1239	45.3563
11.0451	45.932
11.3906	46.161
11.9088	46.5082
12.6862	47.0428
13.8521	47.8565
14.2894	48.1756
14.9452	48.659
15.929	49.4083
16.298	49.6953
16.4363	49.8346
16.6438	50.1591
16.9551	50.6421
17.422	51.3639
18.1224	52.4545
19.173	54.1013
19.5669	54.7151
20.1579	55.6378
21.0443	57.0347
22.3739	59.0062
22.8725	59.7055
23.6205	60.7222
24.7423	62.1855
26.4251	64.2239
27.0562	64.9369
28.0028	65.9717
28.3577	66.353
28.8902	66.9161
29.0899	67.1675
29.3894	67.527
29.8386	67.9855
30.0071	68.1528
30.2598	68.4051
30.3546	68.4997
30.4967	68.6411
30.7099	68.8479
31.0298	69.1491
31.5095	69.599
32.2291	70.2611
32.499	70.4963
32.9038	70.8307
33.0556	70.9508
33.2833	71.1287
33.3687	71.1951
33.4967	71.2931
33.6888	71.4373
33.977	71.6382
34.4093	71.9239
34.8423	72.1889
33.8697	67.7997
32.4109	61.393
30.2226	52.0371
26.9401	38.2775
22.0164	18.7391
16.0455	-1.92038
14.5528	-7.51607
12.3137	-15.8396
8.95515	-26.9068
7.69568	-30.6573
5.80647	-35.7074
5.09801	-37.2224
4.03533	-38.6473
3.63683	-39.0049
3.03907	-39.4051
2.14243	-39.8632
0.797473	-40.4517
0.293115	-40.6687
-0.463423	-40.9845
-1.59823	-41.4495
-1.70462	-41.492
-1.8642	-41.5552
-2.10357	-41.6518
-2.46263	-41.7975
-3.00122	-42.018
-3.80911	-42.3442
-4.11207	-42.4654
-4.5665	-42.6577
-5.24815	-42.9599
-5.50377	-43.0756
-5.8872	-43.2506
-6.46235	-43.5332
-7.32507	-43.9632
-8.61914	-44.6572
-9.5897	-45.2276
-10.5603	-45.8259
-10.9242	-46.0555
-11.4702	-46.4165
-12.2891	-46.9773
-13.5174	-47.8511
-13.9781	-48.1921
-14.1508	-48.3191
-14.4099	-48.5061
-14.7986	-48.7863
-15.3816	-49.2318
-16.256	-49.9064
-16.584	-50.3078
-17.0759	-51.0641
-17.8137	-52.1956
-18.9205	-53.9117
-20.5806	-56.4662
-21.2032	-57.4051
-22.137	-58.7488
-23.5378	-60.6427
-23.6691	-60.8163
-23.8661	-61.0738
-24.1616	-61.4537
-24.6048	-62.0143
-25.2696	-62.8369
-26.2668	-64.0126
-26.6408	-64.4419
-27.2017	-65.0689
-28.0431	-65.9896
-28.3587	-66.3316
-28.8319	-66.9363
-29.0094	-67.1428
-29.2757	-67.4255
-29.675	-67.8427
-30.274	-68.4566
-31.1725	-69.3308
-31.5095	-69.6578
-32.0149	-70.134
-32.2044	-70.3053
-32.4887	-70.5549
-32.9151	-70.9198
-33.075	-71.0525
-33.3149	-71.2458
-33.6747	-71.5138
-33.8097	-71.6104
-34.0121	-71.7523
-34.031	-71.7655
-34.0595	-71.7852
-34.1022	-71.8144
-34.1662	-71.8578
-34.2623	-71.9221
-34.4064	-72.0166
-34.6225	-72.1572
-34.7035	-72.208
-34.8251	-72.2834
-34.8925	-72.3238
-34.619	-71.077
-34.2087	-69.22
-33.5932	-66.4636
-32.67	-62.4066
-31.2852	-56.4429
-29.208	-47.6562
-26.0922	-34.7304
-24.9238	-29.9668
-23.1712	-23.0547
-20.5422	-13.2969
-16.5988	-0.0322707
-15.12	5.36268
-12.9019	13.7691
-9.57462	25.0631
-8.32689	28.859
-6.45531	34.1554
-5.05163	37.2871
-3.64794	38.9066
-3.12156	39.2782
-2.33198	39.6877
-1.14762	40.2075
0.586993	40.9229
1.20878	41.175
2.14147	41.5437
2.49122	41.6768
3.01586	41.8742
3.2126	41.9522
3.5077	42.0688
3.95037	42.2438
4.61436	42.5068
4.86335	42.6104
5.23685	42.7669
5.79709	42.9995
6.63745	43.3809
7.898	43.9808
8.37071	44.2133
9.07976	44.5871
10.1433	45.1763
11.7387	46.1468
12.337	46.5384
13.2344	47.1417
13.5709	47.3682
14.0757	47.7153
14.265	47.8509
14.5489	48.0585
14.9749	48.3703
15.6137	48.8407
16.572	49.7964
16.9314	50.3436
17.4705	51.1644
18.279	52.4153
18.5822	52.887
19.0371	53.5963
19.7193	54.6544
20.7426	56.2675
21.1264	56.8534
21.702	57.7083
21.9179	58.02
22.2417	58.4773
22.7274	59.1443
23.4559	60.1097
24.5487	61.5316
24.9585	62.0523
25.5732	62.8161
26.4953	63.9027
26.8411	64.2998
27.3597	64.886
28.1377	65.7433
28.4294	66.0581
28.867	66.5473
29.5235	67.3115
30.5081	68.3186
31.9851	69.7697
32.1235	69.9027
32.3312	70.1009
32.6428	70.3908
32.672	70.4173
32.7158	70.4571
32.7815	70.516
32.8801	70.6032
33.0279	70.7315
33.0834	70.7786
33.1666	70.8489
33.2913	70.9533
33.4785	71.1081
33.7592	71.338
34.1802	71.6683
34.8118	72.1112
35.0487	72.2567
35.4039	72.459
35.9368	72.7302
36.7362	73.0579
37.0359	73.1967
37.4856	73.3945
38.16	73.7314
39.1717	74.1997
39.3614	74.4348
39.5511	74.955
39.8356	75.7462
40.2625	76.9239
40.9027	78.6886
41.863	81.2415
43.3034	84.8411
43.8436	86.2394
44.6539	88.3242
45.8693	91.2982
45.5076	89.3959
42.773	76.629
38.6711	58.0724
37.2779	52.0453
35.1881	43.2095
34.4044	39.9696
33.2289	35.2167
31.4656	28.3538
28.8207	18.6256
24.8534	5.08702
19.2806	-12.4807
17.8874	-17.1645
15.7976	-24.116
15.0139	-26.5956
13.8384	-30.1251
12.0752	-34.9755
9.43026	-39.5848
8.43843	-40.2881
6.95067	-40.9696
4.71905	-41.8917
3.88218	-42.2159
2.62689	-42.6899
0.743952	-43.4033
-2.08046	-44.5541
-2.34524	-44.6645
-2.74243	-44.8287
-3.3382	-45.0869
-4.23186	-45.4876
-4.56698	-45.6396
-4.81833	-45.7525
-5.06967	-45.8633
-5.44668	-46.0364
-5.58806	-46.1022
-5.80013	-46.1999
-6.11823	-46.3451
-6.59539	-46.5712
-7.31113	-46.91
-8.38473	-47.405
-9.99514	-48.1631
-12.4107	-49.4724
-13.3166	-50.0135
-14.6754	-50.8164
-16.7135	-52.0938
-17.4779	-52.6111
-18.6243	-53.4255
-20.344	-54.7241
-20.9889	-55.657
-21.9563	-57.07
-23.4073	-59.1717
-23.9514	-59.9486
-24.7676	-61.0681
-25.0736	-61.475
-25.5327	-62.0702
-26.2214	-62.9153
-26.4796	-63.2249
-26.5765	-63.3393
-26.7218	-63.511
-26.9397	-63.8345
-27.2665	-64.2838
-27.2971	-64.3224
-27.3431	-64.3787
-27.412	-64.4599
-27.5155	-64.577
-27.6706	-64.7464
-27.9033	-64.9917
-28.2523	-65.3526
-28.7758	-65.8647
-29.5611	-66.5762
-30.7391	-67.5572
-31.1808	-67.9009
-31.3465	-68.0288
-31.595	-68.2178
-31.9677	-68.4983
-32.5268	-68.9079
-33.3654	-69.5018
-34.6233	-70.1639
-35.095	-70.4131
-35.8026	-70.7939
-36.0679	-70.9452
-36.2669	-71.0538
-36.4659	-71.1543
-36.7645	-71.2965
-37.2122	-71.5268
-37.8839	-72.4409
-38.1357	-73.1711
-38.5135	-74.266
-39.0802	-75.8626
-39.9303	-78.1462
-41.2054	-81.3754
-41.6835	-82.6169
-42.4007	-84.5285
-43.4766	-87.3083
-43.88	-88.3004
-44.4852	-89.7156
-45.393	-91.7487
-46.4454	-93.9833
-45.9348	-91.5642
-45.1689	-87.9691
-44.02	-82.6461
-42.2967	-74.7622
-39.7118	-63.1509
-35.8344	-46.4516
-34.4412	-40.7175
-33.9187	-38.6138
-33.1351	-35.5164
-31.9595	-30.9786
-30.1963	-24.4204
-27.5514	-15.0452
-23.584	-2.11991
-18.0113	14.3899
-16.6181	19.01
-16.0956	20.7142
-15.3119	23.2269
-14.1364	26.8588
-12.3732	31.9622
-9.72827	38.186
-8.73644	39.5529
-8.3645	39.862
-7.80659	40.2419
-6.96973	40.6699
-5.71444	41.1924
-3.8315	41.9306
-1.00709	42.9542
3.22952	44.4577
4.62272	45.0269
5.14517	45.2426
5.92884	45.5704
7.10435	46.048
7.54517	46.2279
8.20639	46.479
8.45435	46.5669
8.82629	46.6949
9.3842	46.8841
10.2211	47.1444
10.5349	47.2583
10.6526	47.3016
10.8291	47.3673
11.0939	47.4743
11.4911	47.6335
12.0868	47.8763
12.9805	48.2812
14.321	48.9039
14.8237	49.1294
15.5777	49.4765
15.8604	49.6028
16.2846	49.7959
16.9208	50.1088
17.8751	50.5947
19.3066	51.3944
19.8434	51.7092
20.6486	52.2095
20.9505	52.5431
21.4035	53.1845
22.0829	54.1738
23.1019	55.6687
24.6306	57.8971
25.2038	58.6978
26.0637	59.8435
26.1443	59.9499
26.2652	60.1073
26.4466	60.3369
26.7186	60.6753
27.1267	61.1667
27.7389	61.871
27.9684	62.1876
28.3127	62.6613
28.8292	63.2326
29.0229	63.4367
29.3134	63.736
29.7492	64.163
30.4029	64.7737
30.6481	64.9975
31.0158	65.326
31.5673	65.8181
32.3946	66.5406
33.6356	67.6036
34.101	67.9789
34.799	68.5056
35.8461	69.0693
36.2388	69.2867
36.8278	69.6232
37.0486	69.7611
37.3799	69.9622
37.8769	70.2392
38.6223	70.6247
39.7405	73.1406
40.1598	74.422
40.7887	76.3318
41.7322	79.1283
43.1473	83.6028
45.2701	90.0295
46.0661	92.0409
45.9399	91.3054
44.1488	82.9929
41.4622	70.7106
37.4324	53.1022
31.8596	30.6951
30.4664	25.5002
28.3766	18.071
25.2419	7.51682
20.5399	-6.54536
14.9671	-23.8766
13.5739	-28.0744
13.0514	-29.5911
12.2678	-31.7954
11.0923	-34.8182
9.32899	-38.307
8.66777	-39.0322
7.67593	-39.7187
6.18818	-40.4094
3.95654	-41.343
3.11968	-41.6724
1.86439	-42.1486
-0.0185484	-42.8353
-2.84296	-43.865
-7.07957	-45.6073
-7.42787	-45.7497
-7.95031	-45.9672
-8.73399	-46.2568
-9.02786	-46.3606
-9.46868	-46.5138
-10.1299	-46.7531
-11.1217	-47.1299
-12.6095	-47.7462
-13.1674	-47.9922
-14.0043	-48.3857
-15.2596	-48.9598
-17.1425	-49.8625
-19.9669	-51.4308
-20.2317	-51.5938
-20.2565	-51.6091
-20.2938	-51.6321
-20.3496	-51.6664
-20.4334	-51.718
-20.5591	-51.7953
-20.7476	-51.9116
-21.0303	-52.0829
-21.4545	-52.3843
-22.0907	-53.2774
-23.045	-54.6812
-24.4765	-56.7705
-25.0133	-57.5454
-25.8185	-58.6419
-27.0263	-60.1454
-27.4792	-60.6805
-27.649	-60.9564
-27.9038	-61.3269
-28.286	-61.7738
-28.8592	-62.4024
-29.0742	-62.6305
-29.3966	-62.9567
-29.8803	-63.4233
-30.6058	-64.1011
-30.8778	-64.355
-31.2859	-64.728
-31.439	-64.8679
-31.6685	-65.0775
-31.7546	-65.1555
-31.8837	-65.273
-32.0774	-65.451
-32.3679	-65.7216
-32.8037	-66.1222
-33.4574	-66.7028
-34.4379	-67.5167
-34.8056	-67.7846
-35.3572	-68.0752
-36.1845	-68.5941
-37.4255	-69.3716
-39.287	-71.5821
-39.4615	-72.1179
-39.7233	-72.9331
-40.1159	-74.1497
-40.7049	-75.9514
-41.5884	-78.6873
-42.9136	-82.9995
-44.9014	-89.2161
-45.3169	-90.2357
-44.1987	-85.0485
-42.5215	-77.3568
-40.0057	-65.9956
-36.2319	-49.6988
-34.8387	-43.8919
-34.3163	-41.7566
-33.5326	-38.5996
-32.3571	-33.9784
-30.5938	-27.3157
-27.9489	-17.7982
-23.9816	-4.70391
-18.4088	11.8634
-17.0156	16.407
-14.9258	23.1188
-13.3585	27.843
-11.7911	32.2746
-9.4401	37.5748
-8.55847	38.6811
-7.23602	39.588
-5.25235	40.456
-4.50847	40.7706
-3.39265	41.2222
-1.71893	41.8579
0.848202	42.8201
1.85692	43.1919
3.36999	43.7521
5.63961	44.7034
6.49071	45.0653
7.76737	45.5934
8.24611	45.7799
8.96423	46.0364
10.0414	46.3936
10.4454	46.5227
10.5968	46.5772
10.8241	46.6616
10.8454	46.6695
10.8773	46.6811
10.9252	46.6984
10.9971	46.7245
11.105	46.7651
11.2667	46.8264
11.5094	46.9208
11.6004	46.9574
11.7368	47.0119
11.9416	47.0977
12.2487	47.2258
12.7093	47.4204
13.4002	47.7293
14.4367	48.2066
14.8253	48.3833
15.4083	48.6453
16.2828	49.0493
16.6107	49.2015
17.1026	49.4304
17.2871	49.5171
17.5638	49.6499
17.9788	49.8543
18.6014	50.1782
19.5352	50.6992
20.936	51.5187
21.4613	52.0556
22.2492	53.1906
23.4311	54.9222
25.2039	57.5021
25.8688	58.4084
26.866	59.6778
27.2399	60.1298
27.3802	60.2955
27.5905	60.5407
27.906	60.962
28.3793	61.5925
29.0893	62.3563
30.1542	63.4136
30.5535	63.7915
31.1525	64.3427
31.3771	64.5469
31.7141	64.8496
31.8404	64.9643
32.03	65.1363
32.3143	65.3917
32.7407	65.7767
33.3804	66.3369
33.6202	66.5413
33.9801	66.8418
34.5198	67.2693
35.3293	67.8212
36.5437	68.5519
38.3652	69.6735
39.0483	70.0663
40.0729	73.1615
41.6099	77.9214
43.9152	85.4673
47.3733	94.8409
47.6975	95.5509
48.1838	96.5825
48.9133	98.0469
50.0074	100.193
51.6487	103.375
52.2641	104.516
53.1873	106.182
54.5721	108.566
55.0914	109.431
55.8703	110.69
57.0388	112.511
58.7914	115.107
61.4203	118.731
62.4062	120.026
63.885	121.837
66.1032	124.37
69.4304	127.854
69.1219	126.189
67.2503	117.194
64.4429	103.872
60.2318	84.1425
58.7391	77.2335
56.5001	67.1089
53.1415	52.5472
51.882	47.257
49.9928	39.5003
47.159	28.6525
46.0963	24.8088
44.5023	19.1973
42.1112	11.1841
41.2146	8.3184
39.8696	4.1604
37.8522	-1.79354
34.8261	-9.7335
30.2868	-20.2477
28.7941	-23.5719
26.5551	-28.5464
23.1965	-35.7494
18.1586	-44.1666
16.6658	-45.2562
16.1061	-45.5007
15.2664	-45.7768
14.007	-46.1874
12.1177	-46.7507
11.4093	-46.9511
10.3466	-47.2584
8.75259	-47.6835
8.15483	-47.8359
7.93067	-47.8918
7.59443	-47.9745
7.09007	-48.0972
6.33354	-48.2751
5.19873	-48.5293
3.49652	-48.8713
2.85819	-48.9977
1.9007	-49.1817
1.54164	-49.2495
1.00305	-49.3529
0.195162	-49.5083
-1.01667	-49.7439
-2.83441	-50.1241
-3.51606	-50.2963
-4.53854	-50.5974
-4.92197	-50.7439
-5.49711	-50.911
-6.35983	-51.145
-6.68335	-51.2384
-7.16863	-51.3686
-7.89654	-51.5734
-8.98842	-51.8886
-9.39787	-52.006
-10.0121	-52.1879
-10.9333	-52.4664
-12.3152	-52.8766
-12.8334	-53.0386
-13.6108	-53.2842
-14.7767	-53.6525
-16.5257	-54.1303
-19.1492	-54.8439
-23.0844	-56.1449
-23.4533	-56.4125
-24.0067	-56.8175
-24.8368	-57.517
-25.148	-57.7787
-25.615	-58.1634
-26.3153	-58.7147
-27.3659	-59.5269
-27.7599	-59.8258
-28.3508	-60.2447
-28.5724	-60.526
-28.9048	-61.217
-29.4034	-62.4246
-30.1514	-64.2552
-31.2732	-67.0763
-32.956	-71.2864
-35.4803	-77.327
-39.2666	-85.6085
-40.6864	-88.61
-42.8162	-92.7668
-43.6149	-94.3551
-44.8129	-96.5287
-46.61	-99.6797
-47.2839	-100.832
-48.2947	-102.519
-49.8109	-104.933
-52.0853	-108.306
-52.9382	-109.598
-54.2175	-111.459
-56.1365	-114.126
-59.015	-117.85
-63.3327	-122.811
-69.3035	-128.775
-69.0038	-127.126
-66.7647	-116.391
-63.4061	-100.5
-58.3682	-77.0478
-56.8755	-70.3505
-54.6364	-60.6376
-51.2778	-47.0208
-50.0184	-42.1632
-48.1292	-35.0652
-45.2953	-24.9853
-44.2327	-21.3789
-42.6386	-16.1702
-40.2476	-8.87668
-39.351	-6.29077
-38.006	-2.56879
-35.9886	2.77078
-32.9624	10.0621
-28.4232	19.7111
-22.4524	31.7496
-20.9596	34.6338
-18.7206	38.5612
-17.8809	39.8652
-16.6215	41.379
-16.1491	41.7773
-15.4407	42.2506
-14.378	42.8408
-12.784	43.6254
-10.393	44.4211
-9.7952	44.5838
-8.89856	44.8007
-7.55361	45.1138
-7.04925	45.2271
-6.29271	45.3974
-5.72531	45.5314
-5.29976	45.6301
-4.8742	45.732
-4.23588	45.884
-3.27838	46.1191
-1.84214	46.4506
-1.30355	46.5716
-1.10158	46.6148
-0.798624	46.6783
-0.344189	46.7712
0.337464	46.9092
0.593084	46.9641
0.976514	47.0436
1.55166	47.1495
1.76734	47.1896
2.09086	47.2492
2.57613	47.3372
3.30405	47.468
3.57702	47.5151
3.98647	47.5826
4.60066	47.6858
5.52193	47.8401
5.8674	47.8996
6.38562	47.9903
7.16294	48.1208
8.32892	48.3136
10.0779	48.6649
10.7338	48.8031
11.7176	48.9996
13.1933	49.2894
13.7466	49.4041
14.5767	49.5787
15.8218	49.8316
16.2888	49.9296
16.9891	50.1166
18.0397	50.9894
18.4337	51.3523
19.0246	51.9164
19.911	52.7148
21.2407	53.8466
21.7393	54.1728
22.4872	54.6462
22.7677	54.8216
23.1884	55.0612
23.8194	55.4149
24.766	55.9428
26.1859	56.7062
28.3157	57.4664
31.5104	58.7023
32.7084	59.404
33.1576	60.3311
33.8315	61.9435
34.8424	64.4482
36.3586	67.9869
38.6329	72.809
42.0445	79.3036
43.3238	81.651
45.2428	85.0668
48.1213	90.5852
49.2007	92.7588
50.8199	95.9107
53.2486	100.68
54.1594	102.466
55.5255	105.091
57.5747	109.037
60.6486	114.608
65.2594	121.643
66.7521	123.618
68.9911	126.293
69.8308	127.219
69.6543	126.336
69.182	124.049
68.4736	120.635
67.4109	115.548
65.8169	107.975
63.4258	96.7132
59.8393	80.0652
58.4943	73.9536
56.4769	65.0248
53.4508	52.3134
52.3159	47.8309
50.6137	41.3447
48.0604	32.0259
47.1029	28.6813
46.7439	27.4407
46.2053	25.5936
45.3974	22.8741
44.1856	18.9312
42.3678	13.304
39.6412	5.52004
35.5513	-4.92097
29.5805	-17.6106
28.0877	-20.7168
25.8487	-25.2405
22.4901	-31.7533
21.2306	-34.1074
19.3414	-37.3021
18.6329	-38.3745
18.3673	-38.7536
17.9688	-39.2576
17.371	-39.8402
16.4744	-40.4542
15.1294	-41.1586
14.6251	-41.3962
13.8685	-41.6919
12.7337	-42.0706
11.0315	-42.5814
10.3932	-42.756
9.43568	-43.0049
7.99944	-43.3698
7.46085	-43.5007
6.65297	-43.6962
5.44114	-43.9898
4.9867	-44.0981
4.30505	-44.2627
3.28257	-44.5209
2.89914	-44.6106
2.324	-44.74
2.10832	-44.7904
1.7848	-44.8628
1.29952	-44.9713
1.11754	-45.0109
0.844575	-45.072
0.435122	-45.1636
-0.179058	-45.3012
-0.409376	-45.3538
-0.754852	-45.4214
-1.27307	-45.5243
-2.05039	-45.6715
-3.21637	-45.887
-3.65362	-45.9636
-3.81758	-45.992
-4.06353	-46.0348
-4.43246	-46.0975
-4.98584	-46.1933
-5.19336	-46.2305
-5.50464	-46.2853
-5.97156	-46.3634
-6.67194	-46.4748
-7.72251	-46.6388
-9.29837	-46.9067
-9.88931	-47.0105
-9.94471	-47.0209
-10.0278	-47.0364
-10.1525	-47.0593
-10.3394	-47.0932
-10.6199	-47.1484
-11.0406	-47.2292
-11.6717	-47.347
-12.6182	-47.5274
-12.9732	-47.5956
-13.5057	-47.6976
-14.3043	-47.8399
-14.6039	-47.892
-15.0531	-47.9735
-15.727	-48.1008
-15.9797	-48.2135
-16.3588	-48.5318
-16.9273	-49.0426
-17.1406	-49.2481
-17.4604	-49.5657
-17.9401	-50.0276
-18.6598	-50.6647
-18.9296	-50.888
-19.3344	-51.293
-19.9416	-51.8877
-20.8524	-52.5458
-21.1939	-52.7721
-21.7062	-53.0837
-22.4747	-53.509
-23.6274	-54.1319
-24.4919	-54.6128
-25.3564	-55.0739
-26.6532	-55.6265
-28.5984	-56.3714
-31.5161	-57.4059
-31.7896	-57.4776
-32.2	-57.7984
-32.8154	-59.0975
-33.7386	-61.4063
-35.1234	-64.7084
-37.2006	-69.3043
-40.3164	-75.2977
-41.4848	-77.4512
-43.2374	-80.659
-45.8664	-85.3266
-46.8522	-87.2248
-48.331	-90.2267
-50.5492	-94.7608
-51.381	-96.4466
-52.6287	-98.9376
-54.5003	-102.683
-55.2022	-104.067
-56.2549	-106.148
-57.8341	-109.198
-60.2028	-113.519
-61.0911	-115.118
-62.4235	-117.39
-64.4221	-120.457
-65.1716	-121.53
-66.2958	-123.061
-67.9821	-125.228
-69.2884	-126.745
-68.3399	-122.167
-66.917	-115.361
-64.7828	-105.25
-61.5814	-90.2416
-56.7793	-68.407
-55.2866	-61.9498
-53.0475	-52.6829
-49.6889	-39.8279
-48.4294	-35.2372
-46.5402	-28.5855
-45.8318	-26.1652
-44.7691	-22.6251
-44.3706	-21.3219
-43.7728	-19.3947
-42.8762	-16.5707
-41.5312	-12.4985
-39.5138	-6.73135
-36.4877	1.21314
-31.9484	11.4666
-25.9776	23.5188
-24.4849	26.4161
-22.2458	30.5617
-18.8872	36.1696
-17.6277	37.6773
-17.1554	38.0907
-16.447	38.5928
-15.3843	39.2073
-14.9858	39.4306
-14.388	39.7425
-13.4914	40.1633
-12.1464	40.6698
-11.6421	40.8312
-10.8855	41.0482
-9.75074	41.3586
-8.04853	41.8113
-7.4102	41.9776
-6.4527	42.2292
-5.01647	42.6044
-4.47788	42.7441
-3.66999	42.9585
-3.36703	43.0399
-2.9126	43.1613
-2.23095	43.3432
-1.97533	43.4083
-1.5919	43.5014
-1.01675	43.6406
-0.154034	43.8408
0.166512	43.9124
0.643276	44.0189
0.822062	44.0584
1.09024	44.1161
1.49251	44.2009
2.09592	44.3255
3.00102	44.5006
3.34044	44.5658
3.84956	44.6652
4.61325	44.8185
5.75877	45.0526
6.18835	45.1435
6.8327	45.2709
7.07434	45.3154
7.43679	45.3809
7.98047	45.4773
8.79599	45.5987
10.0193	45.7445
10.478	45.8242
11.1661	45.9562
12.1982	46.1858
12.5853	46.2738
13.1659	46.4048
13.3836	46.4536
13.7101	46.5255
14.2	46.629
14.9348	46.7868
16.037	47.3145
16.4503	47.6789
17.0703	48.2116
18.0003	48.9864
18.349	49.3007
18.8721	49.7537
19.6568	50.4002
19.951	50.6958
20.3924	51.1299
21.0545	51.6246
21.3027	51.7919
21.6751	52.0373
22.2338	52.3808
23.0717	52.8376
24.3286	53.4932
24.7999	53.7361
25.5069	54.0864
26.5674	54.5794
28.1581	55.1253
30.5442	56.0462
31.439	56.3525
32.7812	56.7457
33.2845	57.6584
34.0395	59.4388
35.172	62.1757
36.8707	66.0299
39.4188	71.1605
40.3743	72.932
41.8076	75.5653
43.9575	79.3576
47.1824	84.9852
48.3917	87.186
50.2057	90.6536
50.886	91.9779
51.9063	93.9423
53.4369	97.0445
55.7327	101.807
59.1765	108.555
60.4679	111.066
62.405	114.673
65.3107	119.575
66.4003	121.267
68.0348	123.632
70.4864	126.77
74.1639	130.694
79.6802	135.531
85.5463	139.816
87.0128	140.781
89.2126	142.109
92.5123	143.943
92.6504	143.986
90.7943	134.985
88.0102	121.635
83.8341	101.813
77.968	74.9363
72.1019	50.1732
70.6353	44.2713
68.4356	35.7862
65.1359	24.1959
63.8985	20.0762
62.0424	14.2493
59.2583	6.18576
58.2143	3.33433
56.6483	-0.647743
54.2992	-6.13135
50.7755	-13.3955
45.4901	-23.5523
39.624	-33.6272
38.1575	-35.9348
35.9577	-39.0739
35.1328	-40.1564
33.8954	-41.5618
33.4314	-41.9817
32.7354	-42.4606
32.4744	-42.6094
32.0828	-42.8041
31.4956	-43.037
30.6147	-43.3168
29.2933	-43.728
28.7978	-43.8882
28.0545	-44.1266
26.9396	-44.4765
25.2673	-44.9571
24.6402	-45.129
23.6995	-45.3686
23.3467	-45.4564
22.8176	-45.5861
22.0238	-45.7827
21.7262	-45.856
21.2797	-45.9647
20.61	-46.1211
19.6055	-46.351
19.2288	-46.439
18.6637	-46.5719
17.8162	-46.7647
17.4983	-46.8377
17.0216	-46.9489
16.3064	-47.1149
15.2337	-47.3671
14.8314	-47.4597
14.228	-47.5932
13.3229	-47.7843
11.9652	-48.0592
11.4561	-48.1653
10.6924	-48.3247
10.4061	-48.391
9.97648	-48.4826
9.33212	-48.6064
8.36559	-48.7738
8.00313	-48.8311
7.45946	-48.9365
6.64394	-49.0732
6.33812	-49.1175
5.87939	-49.1856
5.1913	-49.3049
4.15916	-49.5142
3.77211	-49.6016
3.19153	-49.7115
2.32066	-49.8582
1.99409	-49.9105
1.50423	-49.9878
0.769433	-50.1111
-0.332758	-50.2952
-0.746079	-50.3591
-1.36606	-50.4547
-1.59855	-50.4898
-1.94729	-50.5449
-2.4704	-50.6266
-3.25507	-50.7486
-3.54932	-50.7958
-3.99069	-50.8688
-4.65275	-50.9754
-4.90102	-51.0144
-5.27343	-51.0726
-5.83205	-51.1593
-6.66997	-51.2853
-7.92685	-51.6884
-9.81217	-52.9598
-10.5192	-53.3309
-11.5797	-53.7849
-13.1704	-54.4263
-15.5565	-55.312
-16.4513	-55.6272
-16.7869	-55.9483
-17.2902	-56.9123
-18.0452	-58.5451
-19.1776	-60.977
-20.8763	-64.4574
-23.4244	-68.6841
-27.2465	-74.2454
-28.6798	-76.2704
-30.8297	-79.2941
-34.0546	-83.5912
-38.8919	-89.6744
-40.3584	-91.6258
-42.5582	-94.7676
-43.3831	-95.9425
-44.6205	-97.7383
-45.0845	-98.4074
-45.7806	-99.3983
-46.8246	-100.831
-48.3907	-103.151
-50.7397	-106.677
-54.2634	-111.988
-55.5847	-113.903
-57.5668	-116.62
-60.5398	-120.447
-61.6547	-121.802
-63.3271	-123.741
-65.8356	-126.376
-69.5984	-129.818
-75.2425	-134.271
-81.1086	-138.138
-86.9747	-141.562
-92.8408	-144.581
-92.0927	-140.84
-89.8929	-130.216
-86.5932	-114.432
-81.6437	-91.0711
-80.1772	-84.3381
-77.9774	-74.5471
-74.6777	-60.4876
-69.7282	-40.7236
-68.2617	-35.2268
-66.0619	-27.5364
-65.237	-24.7457
-63.9996	-20.6748
-62.1435	-14.881
-59.3594	-6.862
-58.3154	-4.05431
-56.7493	-0.0792735
-54.4003	5.3066
-50.8766	12.2945
-45.5912	21.9628
-39.7251	31.6899
-33.859	39.2806
-32.3925	40.3418
-31.8425	40.6669
-31.0176	41.1133
-29.7802	41.7183
-28.8522	42.1274
-27.9242	42.4839
-26.5321	42.9311
-26.0101	43.0804
-25.2271	43.2869
-24.0525	43.5809
-22.2907	44.0152
-21.63	44.1721
-20.639	44.4037
-19.1525	44.7486
-16.9227	45.2653
-15.2504	45.6493
-14.8323	45.7542
-14.2051	45.888
-13.2644	46.0766
-11.8534	46.3411
-11.3243	46.428
-10.5305	46.5725
-9.33998	46.7825
-8.89352	46.8617
-8.22382	46.9788
-7.97269	47.0224
-7.59598	47.0895
-7.03093	47.183
-6.18335	47.3329
-4.91198	47.5646
-3.00492	47.8557
-2.28977	47.9624
-1.21705	48.1105
-0.81478	48.1673
-0.211375	48.2502
0.693733	48.3627
2.05139	48.5075
2.56052	48.5841
3.3242	49.2149
3.61058	49.4615
4.04016	49.8141
4.68452	50.34
5.65105	51.0203
6.01351	51.2901
6.55718	51.6796
7.3727	52.1056
7.67852	52.2534
8.13725	52.4731
8.30927	52.5544
8.5673	52.6742
8.95436	52.8488
9.53493	53.1032
10.4058	53.4848
11.7121	54.0405
13.6715	54.6812
16.6107	55.3291
17.7129	55.5385
19.3662	55.9794
19.5212	56.2115
19.7537	56.6142
20.1024	57.2752
20.6255	58.2898
21.4102	59.8432
22.5872	62.0474
24.3527	64.8761
27.0009	68.8221
30.9733	74.2904
32.4398	76.2496
34.6396	79.1696
37.9393	83.2605
42.8888	89.2687
44.3553	91.1158
46.5551	93.8437
47.38	94.8801
48.6174	96.4641
50.4735	98.86
53.2576	102.417
57.4337	107.847
58.9002	109.998
61.1	113.289
64.3997	118.084
69.3492	124.547
70.8157	126.335
73.0155	128.738
73.8404	129.599
75.0778	130.826
76.9339	132.542
79.718	134.843
83.8941	137.799
89.7602	141.51
90.7737	141.993
89.3072	134.907
87.1074	124.38
83.8077	108.731
78.8582	85.6462
77.3917	79.0059
75.1919	69.3674
71.8922	55.5601
70.6548	50.533
68.7988	43.2121
66.0147	33.0036
64.9706	29.3968
63.4046	24.1519
61.0555	16.7875
60.1746	14.1917
58.8532	10.4754
56.8712	5.25502
53.8981	-1.66615
49.4385	-10.4572
47.972	-13.1696
45.7722	-17.1415
42.4725	-22.8589
37.523	-30.7972
36.0565	-32.9479
33.8567	-35.943
33.0318	-36.9727
31.7944	-38.2553
31.3304	-38.6125
30.6344	-39.0413
29.5903	-39.5942
28.0243	-40.3301
25.6752	-41.1485
24.7943	-41.42
23.4729	-41.7932
22.9774	-41.9229
22.7916	-41.97
22.5129	-42.0386
22.0948	-42.1379
21.4677	-42.2804
20.527	-42.5029
19.1159	-42.844
18.0576	-43.097
16.9994	-43.3501
15.4119	-43.7372
14.8167	-43.8769
13.9237	-44.0864
12.5843	-44.3939
12.0821	-44.5143
11.3287	-44.7041
10.1986	-44.946
9.77477	-45.0337
9.61585	-45.0643
9.37747	-45.1131
9.0199	-45.1852
8.48354	-45.2794
7.679	-45.4211
7.60357	-45.4347
7.49043	-45.4566
7.32072	-45.4894
7.06616	-45.5398
6.68432	-45.6144
6.11156	-45.7249
5.25241	-45.8864
4.39327	-46.0493
3.10455	-46.2547
2.62128	-46.3311
1.89638	-46.4427
0.809019	-46.5882
0.401261	-46.635
-0.210377	-46.6987
-1.12783	-46.7795
-2.50402	-46.9269
-3.02009	-46.9818
-3.79419	-47.0573
-4.08448	-47.0818
-4.51991	-47.1196
-5.17306	-47.1871
-5.418	-47.3188
-5.78539	-47.6186
-6.33649	-48.1452
-7.16313	-48.8887
-7.47312	-49.136
-7.93811	-49.5223
-8.11248	-49.6788
-8.37403	-49.9161
-8.76637	-50.1877
-9.35487	-50.5229
-10.2376	-51.0068
-11.5617	-51.6658
-12.0583	-51.9029
-12.8031	-52.25
-13.0824	-52.3807
-13.5014	-52.5636
-14.1298	-52.8129
-15.0725	-53.102
-16.4865	-53.3975
-18.6074	-53.8723
-19.4028	-54.0569
-20.5959	-54.3348
-21.0433	-54.4393
-21.7144	-54.6291
-22.721	-56.5368
-24.231	-59.5734
-24.7972	-60.6248
-25.6466	-62.039
-26.9206	-63.9855
-28.8316	-66.8327
-29.5483	-67.9013
-30.6232	-69.473
-32.2357	-71.7657
-34.6543	-75.0644
-38.2823	-79.8456
-43.7243	-86.559
-49.5904	-94.1039
-51.057	-96.1209
-53.2567	-99.0458
-56.5564	-103.4
-57.7938	-105.024
-59.6499	-107.52
-60.3459	-108.523
-61.3899	-110.115
-62.956	-112.47
-65.3051	-116.009
-68.8287	-121.103
-70.15	-122.942
-72.1321	-125.502
-75.1051	-128.996
-79.5647	-133.519
-85.4308	-138.273
-91.2969	-142.194
-92.7634	-143.102
-91.4368	-136.567
-88.1371	-120.76
-83.1876	-97.3396
-77.3215	-70.9046
-71.4554	-46.8158
-69.9889	-41.1356
-67.7891	-33.1463
-66.9642	-30.2974
-65.7268	-26.1189
-63.8707	-20.1167
-61.0866	-11.8873
-60.0426	-9.02806
-58.4765	-4.93149
-56.1275	0.706628
-52.6038	7.97989
-51.2825	10.4736
-49.3004	14.0756
-46.3274	19.177
-41.8678	26.3395
-40.4013	28.56
-38.2015	31.7014
-34.9018	35.9145
-33.6644	36.9848
-31.8084	38.0676
-31.1123	38.4263
-30.0683	38.9307
-28.5022	39.6168
-27.915	39.8365
-27.0341	40.1383
-25.7127	40.5248
-25.2172	40.6602
-24.4739	40.856
-23.359	41.1417
-22.9409	41.2452
-22.3138	41.399
-22.0786	41.4561
-21.7259	41.5423
-21.1967	41.6724
-20.403	41.8678
-19.2125	42.1627
-17.4266	42.6079
-16.7569	42.7707
-15.7524	43.0153
-14.2456	43.4032
-13.6805	43.541
-12.8329	43.7362
-12.5151	43.8073
-12.0383	43.9115
-11.3232	44.0526
-10.2504	44.2701
-8.64137	44.5706
-8.03796	44.6821
-7.13285	44.8448
-6.79344	44.9045
-6.28432	44.9963
-5.52063	45.1317
-4.3751	45.3111
-2.65681	45.511
-2.01245	45.5843
-1.04592	45.7011
-0.683463	45.7442
-0.139785	45.7904
0.668693	45.8484
1.87923	46.0202
2.33318	46.1019
3.0141	46.5427
3.26945	46.7627
3.65247	47.0882
4.227	47.5772
5.08879	48.2535
5.41197	48.5073
5.89673	48.8717
6.62387	49.3552
6.89654	49.5324
7.30556	49.7995
7.45894	49.8832
7.68901	50.0587
8.03412	50.2429
8.55178	50.4683
9.32827	50.8211
10.493	51.345
12.2401	52.1161
12.8953	52.3808
13.878	52.7298
14.2466	52.832
14.7993	52.9316
15.6285	53.0638
16.8723	53.2347
18.738	53.5532
19.4376	53.7025
20.4871	53.9232
20.8806	54.3901
21.471	55.4858
22.3564	57.1564
23.6846	59.5828
24.1827	60.3964
24.9298	61.5468
26.0505	63.2102
27.7315	65.5798
30.253	69.081
34.0353	74.2192
35.4537	76.1179
37.5812	78.915
40.7725	82.9059
45.5594	88.5594
47.0107	90.4346
49.1875	93.2938
50.0039	94.3505
51.2284	95.9842
53.0651	98.418
55.8202	101.893
59.9528	107.138
61.4041	109.261
63.581	112.575
66.8463	117.425
71.7442	124.224
77.5492	130.841
83.3542	136.028
89.1592	140.113
94.9641	143.572
100.769	146.487
106.574	149.083
112.379	151.386
114.816	152.259
113.365	145.205
111.188	134.711
107.923	119.097
103.025	96.0007
97.2196	70.2576
95.7683	64.1128
93.5914	55.0777
90.3261	42.1101
89.1017	37.4725
87.2649	30.7982
84.5098	21.618
83.4767	18.4048
81.9269	13.8357
79.6023	7.58048
76.1154	-0.517927
74.8078	-3.2628
72.8464	-7.06684
69.9043	-12.394
65.4912	-19.7907
59.6862	-28.6069
58.2349	-30.6657
56.0581	-33.5653
52.7928	-37.4428
51.5683	-38.6598
51.1091	-39.0263
50.4203	-39.4722
49.3871	-40.0284
48.9997	-40.2185
48.4186	-40.4833
47.5468	-40.8214
46.2392	-41.2501
45.7489	-41.3956
45.0134	-41.6306
43.9101	-41.9833
42.2551	-42.4626
41.6346	-42.6517
40.7037	-42.9029
39.3073	-43.2703
38.7837	-43.4032
38.5873	-43.4529
38.2928	-43.5252
37.851	-43.6363
37.6853	-43.6769
37.4368	-43.739
37.064	-43.8292
36.5048	-43.9607
35.6661	-44.1528
34.4079	-44.4345
33.1498	-44.7104
31.2626	-45.1018
30.5549	-45.2361
29.4934	-45.4257
29.0953	-45.4963
28.946	-45.5264
28.7221	-45.5786
28.3862	-45.6366
27.8824	-45.7226
27.1267	-45.8505
26.8433	-45.8977
26.4182	-45.9668
25.7805	-46.0652
24.8241	-46.1918
24.4654	-46.2389
23.9274	-46.3058
23.1203	-46.3935
21.9098	-46.5367
20.094	-46.846
19.9238	-46.8755
19.6684	-46.9165
19.2854	-46.9734
18.7109	-47.0544
17.8491	-47.1742
16.5564	-47.3615
14.6174	-47.6652
13.8902	-47.7924
12.7995	-47.9729
12.3905	-48.0352
11.777	-48.1245
10.8567	-48.385
10.5116	-48.6682
10.3822	-48.7973
10.188	-49.0045
9.89685	-49.2812
9.46007	-49.6456
8.80491	-50.1167
7.82216	-50.6709
6.34804	-51.2691
5.79525	-51.483
4.96605	-51.8214
3.72226	-52.2782
1.85658	-52.7373
1.68167	-52.7773
1.41931	-52.8367
1.02577	-52.9174
0.435452	-53.0337
-0.450019	-53.1967
-1.77823	-53.4064
-2.2763	-53.5105
-3.02342	-53.6629
-3.30359	-53.7246
-3.72384	-54.0332
-4.35422	-55.0357
-5.29979	-56.6573
-6.71814	-58.9199
-7.25003	-59.6645
-8.04785	-60.7627
-9.24459	-62.3286
-11.0397	-64.5624
-13.7323	-67.9131
-17.7713	-72.8878
-23.5763	-79.676
-25.0276	-81.3364
-27.2044	-83.7407
-30.4697	-87.2163
-35.3677	-92.4424
-36.8189	-94.1378
-38.9958	-96.7204
-42.2611	-100.415
-43.4856	-101.773
-45.3223	-103.76
-48.0774	-106.629
-49.1106	-107.798
-49.498	-108.273
-50.0792	-109.002
-50.9509	-110.114
-52.2585	-111.841
-54.2199	-114.398
-57.162	-118.108
-58.2653	-119.485
-59.9202	-121.488
-62.4026	-124.246
-66.1262	-127.734
-71.7115	-131.95
-77.5165	-135.691
-83.3215	-138.926
-89.1265	-141.891
-94.9315	-144.551
-100.736	-147.047
-106.541	-149.388
-112.346	-151.582
-114.849	-152.443
-113.397	-145.393
-111.22	-134.896
-107.955	-119.267
-103.057	-96.1841
-97.2522	-70.5391
-91.4472	-46.7789
-85.6423	-25.6675
-84.191	-21.0294
-82.0141	-14.5273
-81.1978	-12.2482
-79.9733	-8.99051
-78.1366	-4.39746
-75.3815	1.70219
-71.2488	9.65792
-65.4439	19.3103
-59.6389	27.8102
-53.8339	35.0225
-52.3826	36.5868
-51.8384	37.0999
-51.0221	37.6799
-49.7976	38.336
-49.3384	38.5628
-48.6497	38.8901
-47.6165	39.3705
-47.2291	39.5495
-46.6479	39.81
-45.7762	40.1774
-45.4493	40.3055
-44.9589	40.4871
-44.2234	40.7371
-43.1201	41.0761
-42.7064	41.1921
-42.0858	41.3556
-41.1549	41.5972
-39.7585	41.9485
-39.2349	42.0717
-38.4495	42.2531
-37.2713	42.517
-35.5041	42.9265
-32.8532	43.5365
-31.8591	43.7568
-31.4863	43.8364
-30.9272	43.9575
-30.7175	44.0059
-30.4029	44.0742
-29.9312	44.1716
-29.2235	44.3078
-28.1619	44.51
-27.7638	44.5769
-27.6145	44.6002
-27.3906	44.6366
-27.0547	44.6908
-26.5509	44.7742
-25.7952	44.8693
-25.5118	44.9024
-25.0867	44.9472
-24.4491	45.014
-24.2099	45.0506
-23.8513	45.1067
-23.3132	45.1933
-22.5062	45.3289
-21.2957	45.5757
-19.4799	45.8892
-18.799	45.9981
-18.5436	46.0288
-18.1606	46.0798
-17.5861	46.1456
-16.7243	46.2578
-15.4316	46.4232
-13.4925	46.7212
-12.7654	46.8439
-12.4927	46.9057
-12.0837	47.1545
-11.4702	47.6588
-10.5499	48.365
-10.2048	48.5941
-9.68713	48.9248
-9.49301	49.0522
-9.20182	49.2373
-9.09263	49.3047
-8.92884	49.4385
-8.68315	49.6073
-8.31462	49.816
-7.76183	50.1718
-6.93263	50.5667
-5.68885	51.0992
-3.82316	51.7247
-3.12353	51.9381
-2.07408	52.2821
-0.499911	52.6079
1.86135	52.9736
2.74682	53.0989
4.07502	53.3314
4.5731	53.4252
5.32022	53.6257
5.60039	54.0103
6.02064	54.6685
6.65102	55.6458
7.59659	57.0035
9.01494	58.8035
11.1425	61.4261
11.9403	62.4434
13.137	63.9129
13.5858	64.4591
14.259	65.2696
15.2687	66.4705
16.7833	68.2715
19.0553	70.9197
22.4632	74.8983
27.575	80.72
33.38	86.7982
34.8312	88.3684
37.0081	90.7153
37.8244	91.5896
39.0489	92.9623
40.8856	94.9881
41.5744	95.7608
42.6076	96.9205
44.1573	98.667
46.4819	101.19
47.3537	102.099
48.6613	103.436
50.6227	105.412
51.3582	106.178
52.4615	107.403
54.1164	109.242
54.737	109.932
55.6679	110.991
57.0642	112.652
59.1587	115.268
62.3005	119.215
63.4787	120.679
65.2459	122.761
67.8968	125.59
71.8731	129.064
73.3244	130.213
75.5012	131.842
78.7665	134.087
83.6645	137.096
89.4695	140.333
95.2745	143.234
101.079	145.889
106.884	148.397
112.689	150.752
114.506	151.39
113.054	144.354
110.877	133.874
107.612	118.279
102.714	95.2748
101.263	88.6353
99.0861	78.981
95.8208	65.0367
94.5963	59.9346
92.7596	52.4484
90.0045	41.6811
88.9713	37.7997
87.4216	32.2188
85.097	24.4135
81.6101	14.0425
81.2832	13.1599
80.7928	11.8634
80.0573	10.0369
78.954	7.36763
77.2991	3.61782
74.8167	-1.67636
71.0931	-8.74214
69.6968	-11.2094
67.6022	-14.6956
64.4605	-19.5903
59.7478	-26.2513
53.9428	-33.4675
52.4916	-35.0705
50.3147	-37.1186
49.4984	-37.6605
48.2739	-38.2852
47.8147	-38.4967
47.1259	-38.7734
46.8676	-38.8714
46.4802	-39.0081
45.8991	-39.2039
45.0273	-39.4792
43.7197	-39.8874
41.7583	-40.5006
41.0228	-40.707
39.9195	-40.9887
39.5058	-41.113
38.8852	-41.2994
37.9543	-41.5638
37.6052	-41.6589
37.0816	-41.7944
36.2961	-41.9879
35.118	-42.2729
34.2344	-42.4826
33.3507	-42.6827
32.0253	-42.9721
30.0371	-43.3962
29.2916	-43.5471
29.012	-43.6018
28.5926	-43.6838
27.9636	-43.8021
27.02	-43.9828
26.6661	-44.0533
26.1353	-44.1461
25.3392	-44.2749
24.1449	-44.4621
24.033	-44.4793
23.865	-44.5028
23.6131	-44.5364
23.2353	-44.5867
22.6685	-44.6685
21.8183	-44.798
20.543	-45.0177
20.0647	-45.106
19.3474	-45.243
18.2714	-45.4454
18.1705	-45.4645
18.0192	-45.4934
17.9624	-45.5043
17.8773	-45.5207
17.7496	-45.5453
17.5581	-45.5811
17.2709	-45.6324
16.84	-45.7022
16.1936	-45.7989
15.2241	-45.9293
14.8605	-45.9743
14.3152	-46.0385
13.4971	-46.1291
12.2701	-46.2956
11.8099	-46.3574
11.1197	-46.4384
10.0844	-46.555
9.69616	-46.6021
9.11379	-46.6967
8.89541	-46.73
8.56782	-46.8682
8.07645	-47.224
7.33939	-47.9232
6.2338	-48.7427
5.8192	-49.0073
5.19731	-49.346
4.26447	-49.7896
2.86521	-50.35
2.34048	-50.559
1.5534	-50.8707
0.372768	-51.2263
-1.39817	-51.6391
-4.05459	-52.2718
-4.30363	-52.3332
-4.67719	-52.4173
-5.23752	-52.5454
-6.07803	-52.7211
-6.39322	-52.7834
-6.866	-53.2928
-7.57518	-54.3595
-8.63894	-55.9534
-10.2346	-57.9794
-12.6281	-60.9011
-12.8525	-61.1877
-13.189	-61.61
-13.6939	-62.2238
-14.4512	-63.1114
-15.5872	-64.4368
-17.2911	-66.4021
-19.847	-69.3988
-23.6809	-73.9636
-29.4317	-80.5587
-35.2367	-86.6965
-36.688	-88.2428
-38.8648	-90.5489
-39.6812	-91.4803
-40.9057	-92.9382
-42.7424	-95.0077
-45.4975	-98.1881
-49.6301	-102.827
-51.0814	-104.419
-53.2583	-106.726
-56.5236	-110.299
-57.748	-111.675
-59.5848	-113.934
-62.3399	-117.452
-66.4725	-122.492
-67.9238	-124.161
-70.1006	-126.446
-73.3659	-129.393
-78.2639	-133.13
-84.0689	-136.939
-89.8739	-140.279
-95.6788	-143.304
-101.484	-146.016
-107.289	-148.574
-113.094	-150.983
-114.101	-151.315
-112.65	-144.278
-110.473	-133.807
-107.208	-118.22
-102.31	-95.1891
-100.859	-88.5554
-98.6817	-78.9188
-95.4164	-64.9839
-90.5185	-45.3043
-89.0672	-39.7936
-86.8904	-31.9407
-83.6251	-21.2824
-82.4006	-17.617
-80.5638	-12.5103
-77.8087	-5.6833
-73.6761	3.20706
-67.8711	13.6742
-66.4199	16.0273
-64.243	19.383
-64.0389	19.6906
-63.7328	20.1487
-63.2736	20.8251
-62.5848	21.8245
-61.5517	23.289
-60.0019	25.4114
-57.6773	28.3969
-56.8056	29.4706
-55.498	31.0324
-53.5366	33.2581
-52.8011	34.0468
-51.6978	35.1443
-51.284	35.5178
-50.6634	35.9857
-50.4307	36.1319
-50.0816	36.3304
-49.558	36.599
-48.7726	36.9736
-47.5944	37.4956
-47.1526	37.6887
-46.4899	37.9726
-46.2413	38.076
-45.8686	38.2236
-45.3094	38.4317
-44.4706	38.7223
-44.1561	38.8277
-43.6843	38.9801
-42.9766	39.1989
-41.9151	39.517
-41.517	39.6317
-40.9199	39.8053
-40.0242	40.0458
-38.6807	40.3852
-37.673	40.6145
-36.6654	40.8536
-36.2875	40.9442
-35.7207	41.0814
-34.8705	41.2909
-33.5952	41.5879
-33.117	41.7005
-32.3997	41.8665
-31.3236	42.1135
-29.7096	42.4665
-29.1043	42.5966
-28.8773	42.652
-28.5369	42.7228
-28.0262	42.829
-27.8347	42.8657
-27.5474	42.9186
-27.1165	42.9967
-26.4702	43.1076
-25.5006	43.2524
-25.1371	43.3097
-24.5917	43.4013
-24.3872	43.4387
-24.0805	43.4925
-23.6203	43.5706
-22.9301	43.6868
-21.8948	43.8605
-20.3418	44.1421
-18.0123	44.5636
-17.1388	44.7084
-16.8112	44.7591
-16.3198	44.8321
-16.1355	44.8588
-15.8591	44.8983
-15.4445	44.96
-14.8226	45.0476
-14.5894	45.0788
-14.2396	45.1229
-13.7149	45.1876
-12.9278	45.2751
-11.7472	45.4023
-11.3044	45.4606
-10.6403	45.568
-10.3913	45.6088
-10.0177	45.8049
-9.45741	46.2453
-9.24728	46.4154
-8.9321	46.669
-8.45931	47.0411
-7.75013	47.56
-6.68637	48.2191
-6.28746	48.4908
-5.68909	48.7808
-4.79154	49.1801
-3.44521	49.7327
-1.42572	50.3816
-0.668411	50.6254
0.480911	50.9451
0.919069	51.0321
1.5763	51.168
2.56216	51.3478
4.04094	51.6221
4.59548	51.749
5.4273	51.9443
5.73923	52.0153
6.20713	52.1122
6.90897	52.2423
7.17216	52.29
7.56695	52.7505
8.15913	53.5424
9.0474	54.6645
9.3805	55.0708
9.88015	55.6541
10.6296	56.5001
11.7539	57.7995
12.1754	58.2906
12.8078	59.0363
13.7564	60.1419
15.1792	61.7833
17.3135	64.2995
20.5148	68.0514
21.7154	69.4517
23.5161	71.5047
24.1914	72.2842
25.2044	73.4644
25.5842	73.9131
26.154	74.5921
27.0087	75.6043
28.2907	77.0959
30.2137	79.3098
33.0982	82.4776
37.4249	87.0326
38.9176	88.6524
41.1567	91.0563
44.5153	94.818
45.7748	96.2674
47.664	98.4518
50.4978	101.59
51.5605	102.725
53.1545	104.425
55.5455	107.013
56.4422	108.022
57.7871	109.545
59.8046	111.798
60.5611	112.693
61.6959	114.094
63.3981	116.252
65.9514	119.493
69.7814	124.045
71.2176	125.606
73.372	127.729
76.6035	130.478
81.4509	134.059
87.4217	137.864
93.3925	141.238
99.3634	144.257
105.334	146.999
111.305	149.584
117.276	151.948
123.247	154.083
129.218	156.107
135.188	158.064
138.441	159.071
136.948	151.788
134.709	140.944
131.35	124.809
126.312	101.007
120.342	74.5274
114.371	49.8294
112.878	43.9933
110.639	35.5406
107.28	23.9998
106.021	20.0529
104.132	14.6136
101.298	7.70148
97.0472	-1.3836
95.5545	-4.32921
93.3154	-8.40796
89.9568	-13.9949
84.9189	-21.4373
78.9481	-29.0954
77.4554	-30.8727
75.2163	-33.3618
71.8577	-36.614
70.5982	-37.6701
70.1259	-38.0002
69.4175	-38.379
68.3548	-38.7786
67.9563	-38.914
67.3585	-39.1068
66.4619	-39.3726
65.1169	-39.773
64.6126	-39.9299
63.856	-40.17
62.7212	-40.5305
61.019	-41.0661
58.4657	-41.8597
57.5082	-42.0984
56.072	-42.496
55.5334	-42.6441
55.3314	-42.6965
55.0285	-42.775
54.574	-42.8878
53.8924	-43.0488
52.8699	-43.2747
51.3362	-43.5877
49.0356	-44.0061
48.1729	-44.1581
46.8788	-44.3944
46.3935	-44.4832
45.6656	-44.6183
44.5737	-44.8195
44.1643	-44.8928
43.5501	-45.0038
43.3198	-45.046
42.9743	-45.1115
42.4561	-45.2115
41.6788	-45.3677
40.5128	-45.5969
38.7638	-45.9455
38.1079	-46.0659
37.1241	-46.2364
36.7552	-46.2964
36.2018	-46.3823
35.3718	-46.4943
34.1266	-46.6439
32.259	-46.9073
31.5586	-47.0149
30.508	-47.1706
28.9322	-47.3974
28.3412	-47.4869
27.4548	-47.6263
27.1224	-47.6794
26.6238	-47.761
25.8759	-47.8911
24.754	-48.0704
24.3333	-48.1335
23.7022	-48.2296
22.7557	-48.3724
22.4007	-48.5223
21.8682	-48.8685
21.0696	-49.4392
19.8715	-49.9439
19.4223	-50.0726
18.7484	-50.3137
17.7376	-50.6724
17.3585	-50.7996
17.2164	-50.8501
17.0031	-50.9311
16.6833	-51.0505
16.2036	-51.2173
15.484	-51.4581
14.4045	-51.7818
13.9997	-51.9027
13.3926	-52.0594
13.1649	-52.1115
12.8233	-52.1755
12.6952	-52.1976
12.5031	-52.2294
12.215	-52.3216
11.7827	-52.8586
11.1343	-53.7235
10.1617	-54.8891
8.70284	-56.5421
8.15576	-57.1499
7.33514	-58.0443
7.02741	-58.3771
6.56581	-58.8672
5.87341	-59.604
4.83482	-60.6851
3.27692	-62.3055
0.940084	-64.7443
-2.56518	-68.4299
-7.82307	-74.0122
-13.7939	-80.2303
-15.2866	-81.74
-15.8464	-82.2941
-16.686	-83.1197
-17.0009	-83.4273
-17.4732	-83.8856
-18.1817	-84.5736
-19.2443	-85.6223
-20.8384	-87.1642
-23.2294	-89.4252
-26.8159	-92.8858
-28.1609	-94.283
-30.1783	-96.3175
-30.9349	-97.1347
-32.0697	-98.3657
-33.7719	-100.136
-34.4102	-100.786
-35.3677	-101.718
-36.8039	-103.123
-38.9583	-105.174
-42.1898	-108.222
-43.4017	-109.394
-45.2194	-111.22
-45.9011	-111.962
-46.9235	-113.077
-48.4573	-114.753
-50.7578	-117.247
-54.2087	-120.677
-59.385	-124.903
-65.3559	-129.056
-71.3267	-132.665
-77.2975	-135.929
-83.2684	-138.871
-89.2392	-141.6
-95.2101	-144.154
-101.181	-146.523
-107.152	-148.781
-113.123	-150.949
-119.093	-153.013
-125.064	-155.006
-131.035	-156.932
-137.006	-158.796
-136.623	-156.431
-130.652	-127.705
-124.682	-99.4286
-118.711	-73.0719
-112.74	-48.6516
-111.247	-42.9139
-109.008	-34.663
-105.649	-23.344
-100.612	-9.44446
-99.1189	-5.97858
-96.8798	-1.16273
-96.0402	0.532743
-94.7807	3.04003
-92.8915	6.61413
-92.183	7.89028
-91.9174	8.36283
-91.5189	9.06487
-91.4815	9.1306
-91.4675	9.1552
-91.4622	9.16443
-91.4543	9.17831
-91.4514	9.18361
-91.4509	9.1846
-91.4505	9.18567
-91.4505	9.18567
